9.500000000000000111e-02 0.000000000000000000e+00
9.530303030303030609e-02 2.159779614325046539e+06
9.560606060606061107e-02 4.275482093663692474e+06
9.590909090909091606e-02 6.347107438015937805e+06
9.621212121212120716e-02 8.374655647383213043e+06
9.651515151515151214e-02 1.035812672176313400e+07
9.681818181818181712e-02 1.229752066115713120e+07
9.712121212121212210e-02 1.419283746556472778e+07
9.742424242424242709e-02 1.604407713498592377e+07
9.772727272727273207e-02 1.785123966942119598e+07
9.803030303030303705e-02 1.961432506887006760e+07
9.833333333333332815e-02 2.133333333333349228e+07
9.863636363636363313e-02 2.300826446281003952e+07
9.893939393939393812e-02 2.463911845730018616e+07
9.924242424242424310e-02 2.622589531680440903e+07
9.954545454545454808e-02 2.776859504132223129e+07
9.984848484848485306e-02 2.926721763085412979e+07
1.001515151515151580e-01 3.072176308539915085e+07
1.004545454545454630e-01 3.213223140495824814e+07
1.007575757575757541e-01 3.349862258953189850e+07
1.010606060606060591e-01 3.482093663911819458e+07
1.013636363636363641e-01 3.609917355371904373e+07
1.016666666666666691e-01 3.733333333333301544e+07
1.019696969696969741e-01 3.852341597796106339e+07
1.022727272727272790e-01 3.966942148760271072e+07
1.025757575757575701e-01 4.077134986225938797e+07
1.028787878787878751e-01 4.182920110192871094e+07
1.031818181818181801e-01 4.284297520661163330e+07
1.034848484848484851e-01 4.381267217630863190e+07
1.037878787878787901e-01 4.473829201101922989e+07
1.040909090909090950e-01 4.561983471074342728e+07
1.043939393939394000e-01 4.645730027548170090e+07
1.046969696969697050e-01 4.725068870523357391e+07
1.049999999999999961e-01 4.800000000000047684e+07
1.053030303030303011e-01 4.870523415978002548e+07
1.056060606060606061e-01 4.936639118457269669e+07
1.059090909090909111e-01 4.998347107438039780e+07
1.062121212121212160e-01 5.055647382920122147e+07
1.065151515151515210e-01 5.108539944903564453e+07
1.068181818181818121e-01 5.157024793388462067e+07
1.071212121212121171e-01 5.201101928374671936e+07
1.074242424242424221e-01 5.240771349862289429e+07
1.077272727272727271e-01 5.276033057851266861e+07
1.080303030303030321e-01 5.306887052341604233e+07
1.083333333333333370e-01 5.333333333333301544e+07
1.086363636363636420e-01 5.355371900826406479e+07
1.089393939393939470e-01 5.373002754820919037e+07
1.092424242424242381e-01 5.386225895316791534e+07
1.095454545454545431e-01 5.395041322314071655e+07
1.098484848484848481e-01 5.399449035812711716e+07
1.101515151515151530e-01 5.399449035812664032e+07
1.104545454545454580e-01 5.395041322314023972e+07
1.107575757575757630e-01 5.386225895316791534e+07
1.110606060606060541e-01 5.373002754820966721e+07
1.113636363636363591e-01 5.355371900826454163e+07
1.116666666666666641e-01 5.333333333333349228e+07
1.119696969696969691e-01 5.306887052341604233e+07
1.122727272727272740e-01 5.276033057851219177e+07
1.125757575757575790e-01 5.240771349862241745e+07
1.128787878787878840e-01 5.201101928374624252e+07
1.131818181818181890e-01 5.157024793388366699e+07
1.134848484848484940e-01 5.108539944903612137e+07
1.137878787878787851e-01 5.055647382920122147e+07
1.140909090909090901e-01 4.998347107438039780e+07
1.143939393939393950e-01 4.936639118457317352e+07
1.146969696969697000e-01 4.870523415977954865e+07
1.150000000000000050e-01 4.800000000000000000e+07
1.153030303030302961e-01 4.725068870523452759e+07
1.156060606060606011e-01 4.645730027548217773e+07
1.159090909090909061e-01 4.561983471074390411e+07
1.162121212121212110e-01 4.473829201101922989e+07
1.165151515151515160e-01 4.381267217630863190e+07
1.168181818181818210e-01 4.284297520661115646e+07
1.171212121212121260e-01 4.182920110192823410e+07
1.174242424242424310e-01 4.077134986225891113e+07
1.177272727272727360e-01 3.966942148760271072e+07
1.180303030303030271e-01 3.852341597796201706e+07
1.183333333333333320e-01 3.733333333333349228e+07
1.186363636363636370e-01 3.609917355371904373e+07
1.189393939393939420e-01 3.482093663911819458e+07
1.192424242424242470e-01 3.349862258953142166e+07
1.195454545454545381e-01 3.213223140495920181e+07
1.198484848484848431e-01 3.072176308539962769e+07
1.201515151515151480e-01 2.926721763085412979e+07
1.204545454545454530e-01 2.776859504132223129e+07
1.207575757575757580e-01 2.622589531680440903e+07
1.210606060606060630e-01 2.463911845730018616e+07
1.213636363636363680e-01 2.300826446280956268e+07
1.216666666666666730e-01 2.133333333333301544e+07
1.219696969696969779e-01 1.961432506887006760e+07
1.222727272727272690e-01 1.785123966942167282e+07
1.225757575757575740e-01 1.604407713498640060e+07
1.228787878787878790e-01 1.419283746556472778e+07
1.231818181818181840e-01 1.229752066115713120e+07
1.234848484848484890e-01 1.035812672176313400e+07
1.237878787878787940e-01 8.374655647382736206e+06
1.240909090909090851e-01 6.347107438016891479e+06
1.243939393939393900e-01 4.275482093664169312e+06
1.246969696969696950e-01 2.159779614325046539e+06
1.250000000000000000e-01 0.000000000000000000e+00
