9.500000000000000111e-02 0.000000000000000000e+00
9.530303030303030609e-02 3.455647382920074463e+07
9.560606060606061107e-02 6.840771349861907959e+07
9.590909090909091606e-02 1.015537190082550049e+08
9.621212121212120716e-02 1.339944903581314087e+08
9.651515151515151214e-02 1.657300275482101440e+08
9.681818181818181712e-02 1.967603305785140991e+08
9.712121212121212210e-02 2.270853994490356445e+08
9.742424242424242709e-02 2.567052341597747803e+08
9.772727272727273207e-02 2.856198347107391357e+08
9.803030303030303705e-02 3.138292011019210815e+08
9.833333333333332815e-02 3.413333333333358765e+08
9.863636363636363313e-02 3.681322314049606323e+08
9.893939393939393812e-02 3.942258953168029785e+08
9.924242424242424310e-02 4.196143250688705444e+08
9.954545454545454808e-02 4.442975206611557007e+08
9.984848484848485306e-02 4.682754820936660767e+08
1.001515151515151580e-01 4.915482093663864136e+08
1.004545454545454630e-01 5.141157024793319702e+08
1.007575757575757541e-01 5.359779614325103760e+08
1.010606060606060591e-01 5.571349862258911133e+08
1.013636363636363641e-01 5.775867768595046997e+08
1.016666666666666691e-01 5.973333333333282471e+08
1.019696969696969741e-01 6.163746556473770142e+08
1.022727272727272790e-01 6.347107438016433716e+08
1.025757575757575701e-01 6.523415977961502075e+08
1.028787878787878751e-01 6.692672176308593750e+08
1.031818181818181801e-01 6.854876033057861328e+08
1.034848484848484851e-01 7.010027548209381104e+08
1.037878787878787901e-01 7.158126721763076782e+08
1.040909090909090950e-01 7.299173553718948364e+08
1.043939393939394000e-01 7.433168044077072144e+08
1.046969696969697050e-01 7.560110192837371826e+08
1.049999999999999961e-01 7.680000000000076294e+08
1.053030303030303011e-01 7.792837465564804077e+08
1.056060606060606061e-01 7.898622589531631470e+08
1.059090909090909111e-01 7.997355371900863647e+08
1.062121212121212160e-01 8.089035812672195435e+08
1.065151515151515210e-01 8.173663911845703125e+08
1.068181818181818121e-01 8.251239669421539307e+08
1.071212121212121171e-01 8.321763085399475098e+08
1.074242424242424221e-01 8.385234159779663086e+08
1.077272727272727271e-01 8.441652892562026978e+08
1.080303030303030321e-01 8.491019283746566772e+08
1.083333333333333370e-01 8.533333333333282471e+08
1.086363636363636420e-01 8.568595041322250366e+08
1.089393939393939470e-01 8.596804407713470459e+08
1.092424242424242381e-01 8.617961432506866455e+08
1.095454545454545431e-01 8.632066115702514648e+08
1.098484848484848481e-01 8.639118457300338745e+08
1.101515151515151530e-01 8.639118457300262451e+08
1.104545454545454580e-01 8.632066115702438354e+08
1.107575757575757630e-01 8.617961432506866455e+08
1.110606060606060541e-01 8.596804407713546753e+08
1.113636363636363591e-01 8.568595041322326660e+08
1.116666666666666641e-01 8.533333333333358765e+08
1.119696969696969691e-01 8.491019283746566772e+08
1.122727272727272740e-01 8.441652892561950684e+08
1.125757575757575790e-01 8.385234159779586792e+08
1.128787878787878840e-01 8.321763085399398804e+08
1.131818181818181890e-01 8.251239669421386719e+08
1.134848484848484940e-01 8.173663911845779419e+08
1.137878787878787851e-01 8.089035812672195435e+08
1.140909090909090901e-01 7.997355371900863647e+08
1.143939393939393950e-01 7.898622589531707764e+08
1.146969696969697000e-01 7.792837465564727783e+08
1.150000000000000050e-01 7.680000000000000000e+08
1.153030303030302961e-01 7.560110192837524414e+08
1.156060606060606011e-01 7.433168044077148438e+08
1.159090909090909061e-01 7.299173553719024658e+08
1.162121212121212110e-01 7.158126721763076782e+08
1.165151515151515160e-01 7.010027548209381104e+08
1.168181818181818210e-01 6.854876033057785034e+08
1.171212121212121260e-01 6.692672176308517456e+08
1.174242424242424310e-01 6.523415977961425781e+08
1.177272727272727360e-01 6.347107438016433716e+08
1.180303030303030271e-01 6.163746556473922729e+08
1.183333333333333320e-01 5.973333333333358765e+08
1.186363636363636370e-01 5.775867768595046997e+08
1.189393939393939420e-01 5.571349862258911133e+08
1.192424242424242470e-01 5.359779614325027466e+08
1.195454545454545381e-01 5.141157024793472290e+08
1.198484848484848431e-01 4.915482093663940430e+08
1.201515151515151480e-01 4.682754820936660767e+08
1.204545454545454530e-01 4.442975206611557007e+08
1.207575757575757580e-01 4.196143250688705444e+08
1.210606060606060630e-01 3.942258953168029785e+08
1.213636363636363680e-01 3.681322314049530029e+08
1.216666666666666730e-01 3.413333333333282471e+08
1.219696969696969779e-01 3.138292011019210815e+08
1.222727272727272690e-01 2.856198347107467651e+08
1.225757575757575740e-01 2.567052341597824097e+08
1.228787878787878790e-01 2.270853994490356445e+08
1.231818181818181840e-01 1.967603305785140991e+08
1.234848484848484890e-01 1.657300275482101440e+08
1.237878787878787940e-01 1.339944903581237793e+08
1.240909090909090851e-01 1.015537190082702637e+08
1.243939393939393900e-01 6.840771349862670898e+07
1.246969696969696950e-01 3.455647382920074463e+07
1.250000000000000000e-01 0.000000000000000000e+00
