9.500000000000000111e-02 0.000000000000000000e+00
9.530303030303030609e-02 1.727823691460037231e+07
9.560606060606061107e-02 3.420385674930953979e+07
9.590909090909091606e-02 5.077685950412750244e+07
9.621212121212120716e-02 6.699724517906570435e+07
9.651515151515151214e-02 8.286501377410507202e+07
9.681818181818181712e-02 9.838016528925704956e+07
9.712121212121212210e-02 1.135426997245178223e+08
9.742424242424242709e-02 1.283526170798873901e+08
9.772727272727273207e-02 1.428099173553695679e+08
9.803030303030303705e-02 1.569146005509605408e+08
9.833333333333332815e-02 1.706666666666679382e+08
9.863636363636363313e-02 1.840661157024803162e+08
9.893939393939393812e-02 1.971129476584014893e+08
9.924242424242424310e-02 2.098071625344352722e+08
9.954545454545454808e-02 2.221487603305778503e+08
9.984848484848485306e-02 2.341377410468330383e+08
1.001515151515151580e-01 2.457741046831932068e+08
1.004545454545454630e-01 2.570578512396659851e+08
1.007575757575757541e-01 2.679889807162551880e+08
1.010606060606060591e-01 2.785674931129455566e+08
1.013636363636363641e-01 2.887933884297523499e+08
1.016666666666666691e-01 2.986666666666641235e+08
1.019696969696969741e-01 3.081873278236885071e+08
1.022727272727272790e-01 3.173553719008216858e+08
1.025757575757575701e-01 3.261707988980751038e+08
1.028787878787878751e-01 3.346336088154296875e+08
1.031818181818181801e-01 3.427438016528930664e+08
1.034848484848484851e-01 3.505013774104690552e+08
1.037878787878787901e-01 3.579063360881538391e+08
1.040909090909090950e-01 3.649586776859474182e+08
1.043939393939394000e-01 3.716584022038536072e+08
1.046969696969697050e-01 3.780055096418685913e+08
1.049999999999999961e-01 3.840000000000038147e+08
1.053030303030303011e-01 3.896418732782402039e+08
1.056060606060606061e-01 3.949311294765815735e+08
1.059090909090909111e-01 3.998677685950431824e+08
1.062121212121212160e-01 4.044517906336097717e+08
1.065151515151515210e-01 4.086831955922851562e+08
1.068181818181818121e-01 4.125619834710769653e+08
1.071212121212121171e-01 4.160881542699737549e+08
1.074242424242424221e-01 4.192617079889831543e+08
1.077272727272727271e-01 4.220826446281013489e+08
1.080303030303030321e-01 4.245509641873283386e+08
1.083333333333333370e-01 4.266666666666641235e+08
1.086363636363636420e-01 4.284297520661125183e+08
1.089393939393939470e-01 4.298402203856735229e+08
1.092424242424242381e-01 4.308980716253433228e+08
1.095454545454545431e-01 4.316033057851257324e+08
1.098484848484848481e-01 4.319559228650169373e+08
1.101515151515151530e-01 4.319559228650131226e+08
1.104545454545454580e-01 4.316033057851219177e+08
1.107575757575757630e-01 4.308980716253433228e+08
1.110606060606060541e-01 4.298402203856773376e+08
1.113636363636363591e-01 4.284297520661163330e+08
1.116666666666666641e-01 4.266666666666679382e+08
1.119696969696969691e-01 4.245509641873283386e+08
1.122727272727272740e-01 4.220826446280975342e+08
1.125757575757575790e-01 4.192617079889793396e+08
1.128787878787878840e-01 4.160881542699699402e+08
1.131818181818181890e-01 4.125619834710693359e+08
1.134848484848484940e-01 4.086831955922889709e+08
1.137878787878787851e-01 4.044517906336097717e+08
1.140909090909090901e-01 3.998677685950431824e+08
1.143939393939393950e-01 3.949311294765853882e+08
1.146969696969697000e-01 3.896418732782363892e+08
1.150000000000000050e-01 3.840000000000000000e+08
1.153030303030302961e-01 3.780055096418762207e+08
1.156060606060606011e-01 3.716584022038574219e+08
1.159090909090909061e-01 3.649586776859512329e+08
1.162121212121212110e-01 3.579063360881538391e+08
1.165151515151515160e-01 3.505013774104690552e+08
1.168181818181818210e-01 3.427438016528892517e+08
1.171212121212121260e-01 3.346336088154258728e+08
1.174242424242424310e-01 3.261707988980712891e+08
1.177272727272727360e-01 3.173553719008216858e+08
1.180303030303030271e-01 3.081873278236961365e+08
1.183333333333333320e-01 2.986666666666679382e+08
1.186363636363636370e-01 2.887933884297523499e+08
1.189393939393939420e-01 2.785674931129455566e+08
1.192424242424242470e-01 2.679889807162513733e+08
1.195454545454545381e-01 2.570578512396736145e+08
1.198484848484848431e-01 2.457741046831970215e+08
1.201515151515151480e-01 2.341377410468330383e+08
1.204545454545454530e-01 2.221487603305778503e+08
1.207575757575757580e-01 2.098071625344352722e+08
1.210606060606060630e-01 1.971129476584014893e+08
1.213636363636363680e-01 1.840661157024765015e+08
1.216666666666666730e-01 1.706666666666641235e+08
1.219696969696969779e-01 1.569146005509605408e+08
1.222727272727272690e-01 1.428099173553733826e+08
1.225757575757575740e-01 1.283526170798912048e+08
1.228787878787878790e-01 1.135426997245178223e+08
1.231818181818181840e-01 9.838016528925704956e+07
1.234848484848484890e-01 8.286501377410507202e+07
1.237878787878787940e-01 6.699724517906188965e+07
1.240909090909090851e-01 5.077685950413513184e+07
1.243939393939393900e-01 3.420385674931335449e+07
1.246969696969696950e-01 1.727823691460037231e+07
1.250000000000000000e-01 0.000000000000000000e+00
