9.500000000000000111e-02 -6.103515625000000000e-05
9.530303030303030609e-02 2.211614325068359375e+08
9.560606060606061107e-02 4.378093663910827637e+08
9.590909090909091606e-02 6.499438016528015137e+08
9.621212121212120716e-02 8.575647382919006348e+08
9.651515151515151214e-02 1.060672176308410645e+09
9.681818181818181712e-02 1.259266115702362061e+09
9.712121212121212210e-02 1.453346556473785400e+09
9.742424242424242709e-02 1.642913498622497559e+09
9.772727272727273207e-02 1.827966942148681641e+09
9.803030303030303705e-02 2.008506887052246094e+09
9.833333333333332815e-02 2.184533333333221436e+09
9.863636363636363313e-02 2.356046280991638184e+09
9.893939393939393812e-02 2.523045730027404785e+09
9.924242424242424310e-02 2.685531680440643311e+09
9.954545454545454808e-02 2.843504132231323242e+09
9.984848484848485306e-02 2.996963085399383545e+09
1.001515151515151580e-01 3.145908539944824219e+09
1.004545454545454630e-01 3.290340495867675781e+09
1.007575757575757541e-01 3.430258953167968750e+09
1.010606060606060591e-01 3.565663911845581055e+09
1.013636363636363641e-01 3.696555371900695801e+09
1.016666666666666691e-01 3.822933333333251953e+09
1.019696969696969741e-01 3.944797796143096924e+09
1.022727272727272790e-01 4.062148760330413818e+09
1.025757575757575701e-01 4.174986225895233154e+09
1.028787878787878751e-01 4.283310192837341309e+09
1.031818181818181801e-01 4.387120661156890869e+09
1.034848484848484851e-01 4.486417630853881836e+09
1.037878787878787901e-01 4.581201101928222656e+09
1.040909090909090950e-01 4.671471074380035400e+09
1.043939393939394000e-01 4.757227548209197998e+09
1.046969696969697050e-01 4.838470523415924072e+09
1.049999999999999961e-01 4.915199999999908447e+09
1.053030303030303011e-01 4.987415977961334229e+09
1.056060606060606061e-01 5.055118457300140381e+09
1.059090909090909111e-01 5.118307438016418457e+09
1.062121212121212160e-01 5.176982920110046387e+09
1.065151515151515210e-01 5.231144903581115723e+09
1.068181818181818121e-01 5.280793388429687500e+09
1.071212121212121171e-01 5.325928374655578613e+09
1.074242424242424221e-01 5.366549862258850098e+09
1.077272727272727271e-01 5.402657851239562988e+09
1.080303030303030321e-01 5.434252341597656250e+09
1.083333333333333370e-01 5.461333333333190918e+09
1.086363636363636420e-01 5.483900826446166992e+09
1.089393939393939470e-01 5.501954820936462402e+09
1.092424242424242381e-01 5.515495316804321289e+09
1.095454545454545431e-01 5.524522314049499512e+09
1.098484848484848481e-01 5.529035812672058105e+09
1.101515151515151530e-01 5.529035812672058105e+09
1.104545454545454580e-01 5.524522314049438477e+09
1.107575757575757630e-01 5.515495316804260254e+09
1.110606060606060541e-01 5.501954820936523438e+09
1.113636363636363591e-01 5.483900826446166992e+09
1.116666666666666641e-01 5.461333333333190918e+09
1.119696969696969691e-01 5.434252341597656250e+09
1.122727272727272740e-01 5.402657851239562988e+09
1.125757575757575790e-01 5.366549862258789062e+09
1.128787878787878840e-01 5.325928374655517578e+09
1.131818181818181890e-01 5.280793388429565430e+09
1.134848484848484940e-01 5.231144903581054688e+09
1.137878787878787851e-01 5.176982920110107422e+09
1.140909090909090901e-01 5.118307438016418457e+09
1.143939393939393950e-01 5.055118457300170898e+09
1.146969696969697000e-01 4.987415977961303711e+09
1.150000000000000050e-01 4.915199999999877930e+09
1.153030303030302961e-01 4.838470523415893555e+09
1.156060606060606011e-01 4.757227548209289551e+09
1.159090909090909061e-01 4.671471074380065918e+09
1.162121212121212110e-01 4.581201101928283691e+09
1.165151515151515160e-01 4.486417630853881836e+09
1.168181818181818210e-01 4.387120661156860352e+09
1.171212121212121260e-01 4.283310192837280273e+09
1.174242424242424310e-01 4.174986225895141602e+09
1.177272727272727360e-01 4.062148760330383301e+09
1.180303030303030271e-01 3.944797796143188477e+09
1.183333333333333320e-01 3.822933333333251953e+09
1.186363636363636370e-01 3.696555371900695801e+09
1.189393939393939420e-01 3.565663911845581055e+09
1.192424242424242470e-01 3.430258953167907715e+09
1.195454545454545381e-01 3.290340495867675781e+09
1.198484848484848431e-01 3.145908539944824219e+09
1.201515151515151480e-01 2.996963085399353027e+09
1.204545454545454530e-01 2.843504132231262207e+09
1.207575757575757580e-01 2.685531680440612793e+09
1.210606060606060630e-01 2.523045730027404785e+09
1.213636363636363680e-01 2.356046280991577148e+09
1.216666666666666730e-01 2.184533333333190918e+09
1.219696969696969779e-01 2.008506887052185059e+09
1.222727272727272690e-01 1.827966942148620605e+09
1.225757575757575740e-01 1.642913498622497559e+09
1.228787878787878790e-01 1.453346556473693848e+09
1.231818181818181840e-01 1.259266115702392578e+09
1.234848484848484890e-01 1.060672176308410645e+09
1.237878787878787940e-01 8.575647382918701172e+08
1.240909090909090851e-01 6.499438016527709961e+08
1.243939393939393900e-01 4.378093663910522461e+08
1.246969696969696950e-01 2.211614325067749023e+08
1.250000000000000000e-01 -1.220703125000000000e-04
