9.500000000000000111e-02 0.000000000000000000e+00
9.530303030303030609e-02 1.382258953168029785e+08
9.560606060606061107e-02 2.736308539944763184e+08
9.590909090909091606e-02 4.062148760330200195e+08
9.621212121212120716e-02 5.359779614325256348e+08
9.651515151515151214e-02 6.629201101928405762e+08
9.681818181818181712e-02 7.870413223140563965e+08
9.712121212121212210e-02 9.083415977961425781e+08
9.742424242424242709e-02 1.026820936639099121e+09
9.772727272727273207e-02 1.142479338842956543e+09
9.803030303030303705e-02 1.255316804407684326e+09
9.833333333333332815e-02 1.365333333333343506e+09
9.863636363636363313e-02 1.472528925619842529e+09
9.893939393939393812e-02 1.576903581267211914e+09
9.924242424242424310e-02 1.678457300275482178e+09
9.954545454545454808e-02 1.777190082644622803e+09
9.984848484848485306e-02 1.873101928374664307e+09
1.001515151515151580e-01 1.966192837465545654e+09
1.004545454545454630e-01 2.056462809917327881e+09
1.007575757575757541e-01 2.143911845730041504e+09
1.010606060606060591e-01 2.228539944903564453e+09
1.013636363636363641e-01 2.310347107438018799e+09
1.016666666666666691e-01 2.389333333333312988e+09
1.019696969696969741e-01 2.465498622589508057e+09
1.022727272727272790e-01 2.538842975206573486e+09
1.025757575757575701e-01 2.609366391184600830e+09
1.028787878787878751e-01 2.677068870523437500e+09
1.031818181818181801e-01 2.741950413223144531e+09
1.034848484848484851e-01 2.804011019283752441e+09
1.037878787878787901e-01 2.863250688705230713e+09
1.040909090909090950e-01 2.919669421487579346e+09
1.043939393939394000e-01 2.973267217630828857e+09
1.046969696969697050e-01 3.024044077134948730e+09
1.049999999999999961e-01 3.072000000000030518e+09
1.053030303030303011e-01 3.117134986225921631e+09
1.056060606060606061e-01 3.159449035812652588e+09
1.059090909090909111e-01 3.198942148760345459e+09
1.062121212121212160e-01 3.235614325068878174e+09
1.065151515151515210e-01 3.269465564738281250e+09
1.068181818181818121e-01 3.300495867768615723e+09
1.071212121212121171e-01 3.328705234159790039e+09
1.074242424242424221e-01 3.354093663911865234e+09
1.077272727272727271e-01 3.376661157024810791e+09
1.080303030303030321e-01 3.396407713498626709e+09
1.083333333333333370e-01 3.413333333333312988e+09
1.086363636363636420e-01 3.427438016528900146e+09
1.089393939393939470e-01 3.438721763085388184e+09
1.092424242424242381e-01 3.447184573002746582e+09
1.095454545454545431e-01 3.452826446281005859e+09
1.098484848484848481e-01 3.455647382920135498e+09
1.101515151515151530e-01 3.455647382920104980e+09
1.104545454545454580e-01 3.452826446280975342e+09
1.107575757575757630e-01 3.447184573002746582e+09
1.110606060606060541e-01 3.438721763085418701e+09
1.113636363636363591e-01 3.427438016528930664e+09
1.116666666666666641e-01 3.413333333333343506e+09
1.119696969696969691e-01 3.396407713498626709e+09
1.122727272727272740e-01 3.376661157024780273e+09
1.125757575757575790e-01 3.354093663911834717e+09
1.128787878787878840e-01 3.328705234159759521e+09
1.131818181818181890e-01 3.300495867768554688e+09
1.134848484848484940e-01 3.269465564738311768e+09
1.137878787878787851e-01 3.235614325068878174e+09
1.140909090909090901e-01 3.198942148760345459e+09
1.143939393939393950e-01 3.159449035812683105e+09
1.146969696969697000e-01 3.117134986225891113e+09
1.150000000000000050e-01 3.072000000000000000e+09
1.153030303030302961e-01 3.024044077135009766e+09
1.156060606060606011e-01 2.973267217630859375e+09
1.159090909090909061e-01 2.919669421487609863e+09
1.162121212121212110e-01 2.863250688705230713e+09
1.165151515151515160e-01 2.804011019283752441e+09
1.168181818181818210e-01 2.741950413223114014e+09
1.171212121212121260e-01 2.677068870523406982e+09
1.174242424242424310e-01 2.609366391184570312e+09
1.177272727272727360e-01 2.538842975206573486e+09
1.180303030303030271e-01 2.465498622589569092e+09
1.183333333333333320e-01 2.389333333333343506e+09
1.186363636363636370e-01 2.310347107438018799e+09
1.189393939393939420e-01 2.228539944903564453e+09
1.192424242424242470e-01 2.143911845730010986e+09
1.195454545454545381e-01 2.056462809917388916e+09
1.198484848484848431e-01 1.966192837465576172e+09
1.201515151515151480e-01 1.873101928374664307e+09
1.204545454545454530e-01 1.777190082644622803e+09
1.207575757575757580e-01 1.678457300275482178e+09
1.210606060606060630e-01 1.576903581267211914e+09
1.213636363636363680e-01 1.472528925619812012e+09
1.216666666666666730e-01 1.365333333333312988e+09
1.219696969696969779e-01 1.255316804407684326e+09
1.222727272727272690e-01 1.142479338842987061e+09
1.225757575757575740e-01 1.026820936639129639e+09
1.228787878787878790e-01 9.083415977961425781e+08
1.231818181818181840e-01 7.870413223140563965e+08
1.234848484848484890e-01 6.629201101928405762e+08
1.237878787878787940e-01 5.359779614324951172e+08
1.240909090909090851e-01 4.062148760330810547e+08
1.243939393939393900e-01 2.736308539945068359e+08
1.246969696969696950e-01 1.382258953168029785e+08
1.250000000000000000e-01 0.000000000000000000e+00
