9.500000000000000111e-02 -3.051757812500000000e-05
9.530303030303030609e-02 1.105807162534179688e+08
9.560606060606061107e-02 2.189046831955413818e+08
9.590909090909091606e-02 3.249719008264007568e+08
9.621212121212120716e-02 4.287823691459503174e+08
9.651515151515151214e-02 5.303360881542053223e+08
9.681818181818181712e-02 6.296330578511810303e+08
9.712121212121212210e-02 7.266732782368927002e+08
9.742424242424242709e-02 8.214567493112487793e+08
9.772727272727273207e-02 9.139834710743408203e+08
9.803030303030303705e-02 1.004253443526123047e+09
9.833333333333332815e-02 1.092266666666610718e+09
9.863636363636363313e-02 1.178023140495819092e+09
9.893939393939393812e-02 1.261522865013702393e+09
9.924242424242424310e-02 1.342765840220321655e+09
9.954545454545454808e-02 1.421752066115661621e+09
9.984848484848485306e-02 1.498481542699691772e+09
1.001515151515151580e-01 1.572954269972412109e+09
1.004545454545454630e-01 1.645170247933837891e+09
1.007575757575757541e-01 1.715129476583984375e+09
1.010606060606060591e-01 1.782831955922790527e+09
1.013636363636363641e-01 1.848277685950347900e+09
1.016666666666666691e-01 1.911466666666625977e+09
1.019696969696969741e-01 1.972398898071548462e+09
1.022727272727272790e-01 2.031074380165206909e+09
1.025757575757575701e-01 2.087493112947616577e+09
1.028787878787878751e-01 2.141655096418670654e+09
1.031818181818181801e-01 2.193560330578445435e+09
1.034848484848484851e-01 2.243208815426940918e+09
1.037878787878787901e-01 2.290600550964111328e+09
1.040909090909090950e-01 2.335735537190017700e+09
1.043939393939394000e-01 2.378613774104598999e+09
1.046969696969697050e-01 2.419235261707962036e+09
1.049999999999999961e-01 2.457599999999954224e+09
1.053030303030303011e-01 2.493707988980667114e+09
1.056060606060606061e-01 2.527559228650070190e+09
1.059090909090909111e-01 2.559153719008209229e+09
1.062121212121212160e-01 2.588491460055023193e+09
1.065151515151515210e-01 2.615572451790557861e+09
1.068181818181818121e-01 2.640396694214843750e+09
1.071212121212121171e-01 2.662964187327789307e+09
1.074242424242424221e-01 2.683274931129425049e+09
1.077272727272727271e-01 2.701328925619781494e+09
1.080303030303030321e-01 2.717126170798828125e+09
1.083333333333333370e-01 2.730666666666595459e+09
1.086363636363636420e-01 2.741950413223083496e+09
1.089393939393939470e-01 2.750977410468231201e+09
1.092424242424242381e-01 2.757747658402160645e+09
1.095454545454545431e-01 2.762261157024749756e+09
1.098484848484848481e-01 2.764517906336029053e+09
1.101515151515151530e-01 2.764517906336029053e+09
1.104545454545454580e-01 2.762261157024719238e+09
1.107575757575757630e-01 2.757747658402130127e+09
1.110606060606060541e-01 2.750977410468261719e+09
1.113636363636363591e-01 2.741950413223083496e+09
1.116666666666666641e-01 2.730666666666595459e+09
1.119696969696969691e-01 2.717126170798828125e+09
1.122727272727272740e-01 2.701328925619781494e+09
1.125757575757575790e-01 2.683274931129394531e+09
1.128787878787878840e-01 2.662964187327758789e+09
1.131818181818181890e-01 2.640396694214782715e+09
1.134848484848484940e-01 2.615572451790527344e+09
1.137878787878787851e-01 2.588491460055053711e+09
1.140909090909090901e-01 2.559153719008209229e+09
1.143939393939393950e-01 2.527559228650085449e+09
1.146969696969697000e-01 2.493707988980651855e+09
1.150000000000000050e-01 2.457599999999938965e+09
1.153030303030302961e-01 2.419235261707946777e+09
1.156060606060606011e-01 2.378613774104644775e+09
1.159090909090909061e-01 2.335735537190032959e+09
1.162121212121212110e-01 2.290600550964141846e+09
1.165151515151515160e-01 2.243208815426940918e+09
1.168181818181818210e-01 2.193560330578430176e+09
1.171212121212121260e-01 2.141655096418640137e+09
1.174242424242424310e-01 2.087493112947570801e+09
1.177272727272727360e-01 2.031074380165191650e+09
1.180303030303030271e-01 1.972398898071594238e+09
1.183333333333333320e-01 1.911466666666625977e+09
1.186363636363636370e-01 1.848277685950347900e+09
1.189393939393939420e-01 1.782831955922790527e+09
1.192424242424242470e-01 1.715129476583953857e+09
1.195454545454545381e-01 1.645170247933837891e+09
1.198484848484848431e-01 1.572954269972412109e+09
1.201515151515151480e-01 1.498481542699676514e+09
1.204545454545454530e-01 1.421752066115631104e+09
1.207575757575757580e-01 1.342765840220306396e+09
1.210606060606060630e-01 1.261522865013702393e+09
1.213636363636363680e-01 1.178023140495788574e+09
1.216666666666666730e-01 1.092266666666595459e+09
1.219696969696969779e-01 1.004253443526092529e+09
1.222727272727272690e-01 9.139834710743103027e+08
1.225757575757575740e-01 8.214567493112487793e+08
1.228787878787878790e-01 7.266732782368469238e+08
1.231818181818181840e-01 6.296330578511962891e+08
1.234848484848484890e-01 5.303360881542053223e+08
1.237878787878787940e-01 4.287823691459350586e+08
1.240909090909090851e-01 3.249719008263854980e+08
1.243939393939393900e-01 2.189046831955261230e+08
1.246969696969696950e-01 1.105807162533874512e+08
1.250000000000000000e-01 -6.103515625000000000e-05
