9.500000000000000111e-02 0.000000000000000000e+00
9.530303030303030609e-02 2.211614325068847656e+09
9.560606060606061107e-02 4.378093663911621094e+09
9.590909090909091606e-02 6.499438016528320312e+09
9.621212121212120716e-02 8.575647382920410156e+09
9.651515151515151214e-02 1.060672176308544922e+10
9.681818181818181712e-02 1.259266115702490234e+10
9.712121212121212210e-02 1.453346556473828125e+10
9.742424242424242709e-02 1.642913498622558594e+10
9.772727272727273207e-02 1.827966942148730469e+10
9.803030303030303705e-02 2.008506887052294922e+10
9.833333333333332815e-02 2.184533333333349609e+10
9.863636363636363313e-02 2.356046280991748047e+10
9.893939393939393812e-02 2.523045730027539062e+10
9.924242424242424310e-02 2.685531680440771484e+10
9.954545454545454808e-02 2.843504132231396484e+10
9.984848484848485306e-02 2.996963085399462891e+10
1.001515151515151580e-01 3.145908539944873047e+10
1.004545454545454630e-01 3.290340495867724609e+10
1.007575757575757541e-01 3.430258953168066406e+10
1.010606060606060591e-01 3.565663911845703125e+10
1.013636363636363641e-01 3.696555371900830078e+10
1.016666666666666691e-01 3.822933333333300781e+10
1.019696969696969741e-01 3.944797796143212891e+10
1.022727272727272790e-01 4.062148760330517578e+10
1.025757575757575701e-01 4.174986225895361328e+10
1.028787878787878751e-01 4.283310192837500000e+10
1.031818181818181801e-01 4.387120661157031250e+10
1.034848484848484851e-01 4.486417630854003906e+10
1.037878787878787901e-01 4.581201101928369141e+10
1.040909090909090950e-01 4.671471074380126953e+10
1.043939393939394000e-01 4.757227548209326172e+10
1.046969696969697050e-01 4.838470523415917969e+10
1.049999999999999961e-01 4.915200000000048828e+10
1.053030303030303011e-01 4.987415977961474609e+10
1.056060606060606061e-01 5.055118457300244141e+10
1.059090909090909111e-01 5.118307438016552734e+10
1.062121212121212160e-01 5.176982920110205078e+10
1.065151515151515210e-01 5.231144903581250000e+10
1.068181818181818121e-01 5.280793388429785156e+10
1.071212121212121171e-01 5.325928374655664062e+10
1.074242424242424221e-01 5.366549862258984375e+10
1.077272727272727271e-01 5.402657851239697266e+10
1.080303030303030321e-01 5.434252341597802734e+10
1.083333333333333370e-01 5.461333333333300781e+10
1.086363636363636420e-01 5.483900826446240234e+10
1.089393939393939470e-01 5.501954820936621094e+10
1.092424242424242381e-01 5.515495316804394531e+10
1.095454545454545431e-01 5.524522314049609375e+10
1.098484848484848481e-01 5.529035812672216797e+10
1.101515151515151530e-01 5.529035812672167969e+10
1.104545454545454580e-01 5.524522314049560547e+10
1.107575757575757630e-01 5.515495316804394531e+10
1.110606060606060541e-01 5.501954820936669922e+10
1.113636363636363591e-01 5.483900826446289062e+10
1.116666666666666641e-01 5.461333333333349609e+10
1.119696969696969691e-01 5.434252341597802734e+10
1.122727272727272740e-01 5.402657851239648438e+10
1.125757575757575790e-01 5.366549862258935547e+10
1.128787878787878840e-01 5.325928374655615234e+10
1.131818181818181890e-01 5.280793388429687500e+10
1.134848484848484940e-01 5.231144903581298828e+10
1.137878787878787851e-01 5.176982920110205078e+10
1.140909090909090901e-01 5.118307438016552734e+10
1.143939393939393950e-01 5.055118457300292969e+10
1.146969696969697000e-01 4.987415977961425781e+10
1.150000000000000050e-01 4.915200000000000000e+10
1.153030303030302961e-01 4.838470523416015625e+10
1.156060606060606011e-01 4.757227548209375000e+10
1.159090909090909061e-01 4.671471074380175781e+10
1.162121212121212110e-01 4.581201101928369141e+10
1.165151515151515160e-01 4.486417630854003906e+10
1.168181818181818210e-01 4.387120661156982422e+10
1.171212121212121260e-01 4.283310192837451172e+10
1.174242424242424310e-01 4.174986225895312500e+10
1.177272727272727360e-01 4.062148760330517578e+10
1.180303030303030271e-01 3.944797796143310547e+10
1.183333333333333320e-01 3.822933333333349609e+10
1.186363636363636370e-01 3.696555371900830078e+10
1.189393939393939420e-01 3.565663911845703125e+10
1.192424242424242470e-01 3.430258953168017578e+10
1.195454545454545381e-01 3.290340495867822266e+10
1.198484848484848431e-01 3.145908539944921875e+10
1.201515151515151480e-01 2.996963085399462891e+10
1.204545454545454530e-01 2.843504132231396484e+10
1.207575757575757580e-01 2.685531680440771484e+10
1.210606060606060630e-01 2.523045730027539062e+10
1.213636363636363680e-01 2.356046280991699219e+10
1.216666666666666730e-01 2.184533333333300781e+10
1.219696969696969779e-01 2.008506887052294922e+10
1.222727272727272690e-01 1.827966942148779297e+10
1.225757575757575740e-01 1.642913498622607422e+10
1.228787878787878790e-01 1.453346556473828125e+10
1.231818181818181840e-01 1.259266115702490234e+10
1.234848484848484890e-01 1.060672176308544922e+10
1.237878787878787940e-01 8.575647382919921875e+09
1.240909090909090851e-01 6.499438016529296875e+09
1.243939393939393900e-01 4.378093663912109375e+09
1.246969696969696950e-01 2.211614325068847656e+09
1.250000000000000000e-01 0.000000000000000000e+00
