9.500000000000000111e-02 -4.768371582031250000e-07
9.530303030303030609e-02 1.727823691459655762e+06
9.560606060606061107e-02 3.420385674930334091e+06
9.590909090909091606e-02 5.077685950412511826e+06
9.621212121212120716e-02 6.699724517905473709e+06
9.651515151515151214e-02 8.286501377409458160e+06
9.681818181818181712e-02 9.838016528924703598e+06
9.712121212121212210e-02 1.135426997245144844e+07
9.742424242424242709e-02 1.283526170798826218e+07
9.772727272727273207e-02 1.428099173553657532e+07
9.803030303030303705e-02 1.569146005509567261e+07
9.833333333333332815e-02 1.706666666666579247e+07
9.863636363636363313e-02 1.840661157024717331e+07
9.893939393939393812e-02 1.971129476583909988e+07
9.924242424242424310e-02 2.098071625344252586e+07
9.954545454545454808e-02 2.221487603305721283e+07
9.984848484848485306e-02 2.341377410468268394e+07
1.001515151515151580e-01 2.457741046831893921e+07
1.004545454545454630e-01 2.570578512396621704e+07
1.007575757575757541e-01 2.679889807162475586e+07
1.010606060606060591e-01 2.785674931129360199e+07
1.013636363636363641e-01 2.887933884297418594e+07
1.016666666666666691e-01 2.986666666666603088e+07
1.019696969696969741e-01 3.081873278236794472e+07
1.022727272727272790e-01 3.173553719008135796e+07
1.025757575757575701e-01 3.261707988980650902e+07
1.028787878787878751e-01 3.346336088154172897e+07
1.031818181818181801e-01 3.427438016528820992e+07
1.034848484848484851e-01 3.505013774104595184e+07
1.037878787878787901e-01 3.579063360881423950e+07
1.040909090909090950e-01 3.649586776859402657e+07
1.043939393939394000e-01 3.716584022038435936e+07
1.046969696969697050e-01 3.780055096418690681e+07
1.049999999999999961e-01 3.839999999999928474e+07
1.053030303030303011e-01 3.896418732782292366e+07
1.056060606060606061e-01 3.949311294765734673e+07
1.059090909090909111e-01 3.998677685950326920e+07
1.062121212121212160e-01 4.044517906335973740e+07
1.065151515151515210e-01 4.086831955922746658e+07
1.068181818181818121e-01 4.125619834710693359e+07
1.071212121212121171e-01 4.160881542699670792e+07
1.074242424242424221e-01 4.192617079889726639e+07
1.077272727272727271e-01 4.220826446280908585e+07
1.080303030303030321e-01 4.245509641873168945e+07
1.083333333333333370e-01 4.266666666666555405e+07
1.086363636363636420e-01 4.284297520661067963e+07
1.089393939393939470e-01 4.298402203856611252e+07
1.092424242424242381e-01 4.308980716253376007e+07
1.095454545454545431e-01 4.316033057851171494e+07
1.098484848484848481e-01 4.319559228650045395e+07
1.101515151515151530e-01 4.319559228650045395e+07
1.104545454545454580e-01 4.316033057851123810e+07
1.107575757575757630e-01 4.308980716253328323e+07
1.110606060606060541e-01 4.298402203856658936e+07
1.113636363636363591e-01 4.284297520661067963e+07
1.116666666666666641e-01 4.266666666666555405e+07
1.119696969696969691e-01 4.245509641873168945e+07
1.122727272727272740e-01 4.220826446280908585e+07
1.125757575757575790e-01 4.192617079889678955e+07
1.128787878787878840e-01 4.160881542699623108e+07
1.131818181818181890e-01 4.125619834710597992e+07
1.134848484848484940e-01 4.086831955922698975e+07
1.137878787878787851e-01 4.044517906336021423e+07
1.140909090909090901e-01 3.998677685950326920e+07
1.143939393939393950e-01 3.949311294765758514e+07
1.146969696969697000e-01 3.896418732782268524e+07
1.150000000000000050e-01 3.839999999999904633e+07
1.153030303030302961e-01 3.780055096418666840e+07
1.156060606060606011e-01 3.716584022038507462e+07
1.159090909090909061e-01 3.649586776859426498e+07
1.162121212121212110e-01 3.579063360881471634e+07
1.165151515151515160e-01 3.505013774104595184e+07
1.168181818181818210e-01 3.427438016528797150e+07
1.171212121212121260e-01 3.346336088154125214e+07
1.174242424242424310e-01 3.261707988980579376e+07
1.177272727272727360e-01 3.173553719008111954e+07
1.180303030303030271e-01 3.081873278236865997e+07
1.183333333333333320e-01 2.986666666666603088e+07
1.186363636363636370e-01 2.887933884297418594e+07
1.189393939393939420e-01 2.785674931129360199e+07
1.192424242424242470e-01 2.679889807162427902e+07
1.195454545454545381e-01 2.570578512396621704e+07
1.198484848484848431e-01 2.457741046831893921e+07
1.201515151515151480e-01 2.341377410468244553e+07
1.204545454545454530e-01 2.221487603305673599e+07
1.207575757575757580e-01 2.098071625344228745e+07
1.210606060606060630e-01 1.971129476583909988e+07
1.213636363636363680e-01 1.840661157024669647e+07
1.216666666666666730e-01 1.706666666666555405e+07
1.219696969696969779e-01 1.569146005509519577e+07
1.222727272727272690e-01 1.428099173553609848e+07
1.225757575757575740e-01 1.283526170798826218e+07
1.228787878787878790e-01 1.135426997245073318e+07
1.231818181818181840e-01 9.838016528924942017e+06
1.234848484848484890e-01 8.286501377409458160e+06
1.237878787878787940e-01 6.699724517905235291e+06
1.240909090909090851e-01 5.077685950412273407e+06
1.243939393939393900e-01 3.420385674930095673e+06
1.246969696969696950e-01 1.727823691459178925e+06
1.250000000000000000e-01 -9.536743164062500000e-07
