9.500000000000000111e-02 -3.814697265625000000e-06
9.530303030303030609e-02 1.382258953167724609e+07
9.560606060606061107e-02 2.736308539944267273e+07
9.590909090909091606e-02 4.062148760330009460e+07
9.621212121212120716e-02 5.359779614324378967e+07
9.651515151515151214e-02 6.629201101927566528e+07
9.681818181818181712e-02 7.870413223139762878e+07
9.712121212121212210e-02 9.083415977961158752e+07
9.742424242424242709e-02 1.026820936639060974e+08
9.772727272727273207e-02 1.142479338842926025e+08
9.803030303030303705e-02 1.255316804407653809e+08
9.833333333333332815e-02 1.365333333333263397e+08
9.863636363636363313e-02 1.472528925619773865e+08
9.893939393939393812e-02 1.576903581267127991e+08
9.924242424242424310e-02 1.678457300275402069e+08
9.954545454545454808e-02 1.777190082644577026e+08
9.984848484848485306e-02 1.873101928374614716e+08
1.001515151515151580e-01 1.966192837465515137e+08
1.004545454545454630e-01 2.056462809917297363e+08
1.007575757575757541e-01 2.143911845729980469e+08
1.010606060606060591e-01 2.228539944903488159e+08
1.013636363636363641e-01 2.310347107437934875e+08
1.016666666666666691e-01 2.389333333333282471e+08
1.019696969696969741e-01 2.465498622589435577e+08
1.022727272727272790e-01 2.538842975206508636e+08
1.025757575757575701e-01 2.609366391184520721e+08
1.028787878787878751e-01 2.677068870523338318e+08
1.031818181818181801e-01 2.741950413223056793e+08
1.034848484848484851e-01 2.804011019283676147e+08
1.037878787878787901e-01 2.863250688705139160e+08
1.040909090909090950e-01 2.919669421487522125e+08
1.043939393939394000e-01 2.973267217630748749e+08
1.046969696969697050e-01 3.024044077134952545e+08
1.049999999999999961e-01 3.071999999999942780e+08
1.053030303030303011e-01 3.117134986225833893e+08
1.056060606060606061e-01 3.159449035812587738e+08
1.059090909090909111e-01 3.198942148760261536e+08
1.062121212121212160e-01 3.235614325068778992e+08
1.065151515151515210e-01 3.269465564738197327e+08
1.068181818181818121e-01 3.300495867768554688e+08
1.071212121212121171e-01 3.328705234159736633e+08
1.074242424242424221e-01 3.354093663911781311e+08
1.077272727272727271e-01 3.376661157024726868e+08
1.080303030303030321e-01 3.396407713498535156e+08
1.083333333333333370e-01 3.413333333333244324e+08
1.086363636363636420e-01 3.427438016528854370e+08
1.089393939393939470e-01 3.438721763085289001e+08
1.092424242424242381e-01 3.447184573002700806e+08
1.095454545454545431e-01 3.452826446280937195e+08
1.098484848484848481e-01 3.455647382920036316e+08
1.101515151515151530e-01 3.455647382920036316e+08
1.104545454545454580e-01 3.452826446280899048e+08
1.107575757575757630e-01 3.447184573002662659e+08
1.110606060606060541e-01 3.438721763085327148e+08
1.113636363636363591e-01 3.427438016528854370e+08
1.116666666666666641e-01 3.413333333333244324e+08
1.119696969696969691e-01 3.396407713498535156e+08
1.122727272727272740e-01 3.376661157024726868e+08
1.125757575757575790e-01 3.354093663911743164e+08
1.128787878787878840e-01 3.328705234159698486e+08
1.131818181818181890e-01 3.300495867768478394e+08
1.134848484848484940e-01 3.269465564738159180e+08
1.137878787878787851e-01 3.235614325068817139e+08
1.140909090909090901e-01 3.198942148760261536e+08
1.143939393939393950e-01 3.159449035812606812e+08
1.146969696969697000e-01 3.117134986225814819e+08
1.150000000000000050e-01 3.071999999999923706e+08
1.153030303030302961e-01 3.024044077134933472e+08
1.156060606060606011e-01 2.973267217630805969e+08
1.159090909090909061e-01 2.919669421487541199e+08
1.162121212121212110e-01 2.863250688705177307e+08
1.165151515151515160e-01 2.804011019283676147e+08
1.168181818181818210e-01 2.741950413223037720e+08
1.171212121212121260e-01 2.677068870523300171e+08
1.174242424242424310e-01 2.609366391184463501e+08
1.177272727272727360e-01 2.538842975206489563e+08
1.180303030303030271e-01 2.465498622589492798e+08
1.183333333333333320e-01 2.389333333333282471e+08
1.186363636363636370e-01 2.310347107437934875e+08
1.189393939393939420e-01 2.228539944903488159e+08
1.192424242424242470e-01 2.143911845729942322e+08
1.195454545454545381e-01 2.056462809917297363e+08
1.198484848484848431e-01 1.966192837465515137e+08
1.201515151515151480e-01 1.873101928374595642e+08
1.204545454545454530e-01 1.777190082644538879e+08
1.207575757575757580e-01 1.678457300275382996e+08
1.210606060606060630e-01 1.576903581267127991e+08
1.213636363636363680e-01 1.472528925619735718e+08
1.216666666666666730e-01 1.365333333333244324e+08
1.219696969696969779e-01 1.255316804407615662e+08
1.222727272727272690e-01 1.142479338842887878e+08
1.225757575757575740e-01 1.026820936639060974e+08
1.228787878787878790e-01 9.083415977960586548e+07
1.231818181818181840e-01 7.870413223139953613e+07
1.234848484848484890e-01 6.629201101927566528e+07
1.237878787878787940e-01 5.359779614324188232e+07
1.240909090909090851e-01 4.062148760329818726e+07
1.243939393939393900e-01 2.736308539944076538e+07
1.246969696969696950e-01 1.382258953167343140e+07
1.250000000000000000e-01 -7.629394531250000000e-06
