9.500000000000000111e-02 -1.192092895507812500e-07
9.530303030303030609e-02 4.319559228649139404e+05
9.560606060606061107e-02 8.550964187325835228e+05
9.590909090909091606e-02 1.269421487603127956e+06
9.621212121212120716e-02 1.674931129476368427e+06
9.651515151515151214e-02 2.071625344352364540e+06
9.681818181818181712e-02 2.459504132231175900e+06
9.712121212121212210e-02 2.838567493112862110e+06
9.742424242424242709e-02 3.208815426997065544e+06
9.772727272727273207e-02 3.570247933884143829e+06
9.803030303030303705e-02 3.922865013773918152e+06
9.833333333333332815e-02 4.266666666666448116e+06
9.863636363636363313e-02 4.601652892561793327e+06
9.893939393939393812e-02 4.927823691459774971e+06
9.924242424242424310e-02 5.245179063360631466e+06
9.954545454545454808e-02 5.553719008264303207e+06
9.984848484848485306e-02 5.853443526170670986e+06
1.001515151515151580e-01 6.144352617079734802e+06
1.004545454545454630e-01 6.426446280991554260e+06
1.007575757575757541e-01 6.699724517906188965e+06
1.010606060606060591e-01 6.964187327823400497e+06
1.013636363636363641e-01 7.219834710743546486e+06
1.016666666666666691e-01 7.466666666666507721e+06
1.019696969696969741e-01 7.704683195591986179e+06
1.022727272727272790e-01 7.933884297520339489e+06
1.025757575757575701e-01 8.154269972451627254e+06
1.028787878787878751e-01 8.365840220385432243e+06
1.031818181818181801e-01 8.568595041322052479e+06
1.034848484848484851e-01 8.762534435261487961e+06
1.037878787878787901e-01 8.947658402203559875e+06
1.040909090909090950e-01 9.123966942148506641e+06
1.043939393939394000e-01 9.291460055096089840e+06
1.046969696969697050e-01 9.450137741046726704e+06
1.049999999999999961e-01 9.599999999999821186e+06
1.053030303030303011e-01 9.741046831955730915e+06
1.056060606060606061e-01 9.873278236914336681e+06
1.059090909090909111e-01 9.996694214875817299e+06
1.062121212121212160e-01 1.011129476583993435e+07
1.065151515151515210e-01 1.021707988980686665e+07
1.068181818181818121e-01 1.031404958677673340e+07
1.071212121212121171e-01 1.040220385674917698e+07
1.074242424242424221e-01 1.048154269972431660e+07
1.077272727272727271e-01 1.055206611570227146e+07
1.080303030303030321e-01 1.061377410468292236e+07
1.083333333333333370e-01 1.066666666666638851e+07
1.086363636363636420e-01 1.071074380165266991e+07
1.089393939393939470e-01 1.074600550964152813e+07
1.092424242424242381e-01 1.077245179063344002e+07
1.095454545454545431e-01 1.079008264462792873e+07
1.098484848484848481e-01 1.079889807162511349e+07
1.101515151515151530e-01 1.079889807162511349e+07
1.104545454545454580e-01 1.079008264462780952e+07
1.107575757575757630e-01 1.077245179063332081e+07
1.110606060606060541e-01 1.074600550964164734e+07
1.113636363636363591e-01 1.071074380165266991e+07
1.116666666666666641e-01 1.066666666666638851e+07
1.119696969696969691e-01 1.061377410468292236e+07
1.122727272727272740e-01 1.055206611570227146e+07
1.125757575757575790e-01 1.048154269972419739e+07
1.128787878787878840e-01 1.040220385674905777e+07
1.131818181818181890e-01 1.031404958677649498e+07
1.134848484848484940e-01 1.021707988980674744e+07
1.137878787878787851e-01 1.011129476584005356e+07
1.140909090909090901e-01 9.996694214875817299e+06
1.143939393939393950e-01 9.873278236914396286e+06
1.146969696969697000e-01 9.741046831955671310e+06
1.150000000000000050e-01 9.599999999999761581e+06
1.153030303030302961e-01 9.450137741046667099e+06
1.156060606060606011e-01 9.291460055096268654e+06
1.159090909090909061e-01 9.123966942148566246e+06
1.162121212121212110e-01 8.947658402203679085e+06
1.165151515151515160e-01 8.762534435261487961e+06
1.168181818181818210e-01 8.568595041321992874e+06
1.171212121212121260e-01 8.365840220385313034e+06
1.174242424242424310e-01 8.154269972451448441e+06
1.177272727272727360e-01 7.933884297520279884e+06
1.180303030303030271e-01 7.704683195592164993e+06
1.183333333333333320e-01 7.466666666666507721e+06
1.186363636363636370e-01 7.219834710743546486e+06
1.189393939393939420e-01 6.964187327823400497e+06
1.192424242424242470e-01 6.699724517906069756e+06
1.195454545454545381e-01 6.426446280991554260e+06
1.198484848484848431e-01 6.144352617079734802e+06
1.201515151515151480e-01 5.853443526170611382e+06
1.204545454545454530e-01 5.553719008264183998e+06
1.207575757575757580e-01 5.245179063360571861e+06
1.210606060606060630e-01 4.927823691459774971e+06
1.213636363636363680e-01 4.601652892561674118e+06
1.216666666666666730e-01 4.266666666666388512e+06
1.219696969696969779e-01 3.922865013773798943e+06
1.222727272727272690e-01 3.570247933884024620e+06
1.225757575757575740e-01 3.208815426997065544e+06
1.228787878787878790e-01 2.838567493112683296e+06
1.231818181818181840e-01 2.459504132231235504e+06
1.234848484848484890e-01 2.071625344352364540e+06
1.237878787878787940e-01 1.674931129476308823e+06
1.240909090909090851e-01 1.269421487603068352e+06
1.243939393939393900e-01 8.550964187325239182e+05
1.246969696969696950e-01 4.319559228647947311e+05
1.250000000000000000e-01 -2.384185791015625000e-07
