9.500000000000000111e-02 -9.536743164062500000e-07
9.530303030303030609e-02 3.455647382919311523e+06
9.560606060606061107e-02 6.840771349860668182e+06
9.590909090909091606e-02 1.015537190082502365e+07
9.621212121212120716e-02 1.339944903581094742e+07
9.651515151515151214e-02 1.657300275481891632e+07
9.681818181818181712e-02 1.967603305784940720e+07
9.712121212121212210e-02 2.270853994490289688e+07
9.742424242424242709e-02 2.567052341597652435e+07
9.772727272727273207e-02 2.856198347107315063e+07
9.803030303030303705e-02 3.138292011019134521e+07
9.833333333333332815e-02 3.413333333333158493e+07
9.863636363636363313e-02 3.681322314049434662e+07
9.893939393939393812e-02 3.942258953167819977e+07
9.924242424242424310e-02 4.196143250688505173e+07
9.954545454545454808e-02 4.442975206611442566e+07
9.984848484848485306e-02 4.682754820936536789e+07
1.001515151515151580e-01 4.915482093663787842e+07
1.004545454545454630e-01 5.141157024793243408e+07
1.007575757575757541e-01 5.359779614324951172e+07
1.010606060606060591e-01 5.571349862258720398e+07
1.013636363636363641e-01 5.775867768594837189e+07
1.016666666666666691e-01 5.973333333333206177e+07
1.019696969696969741e-01 6.163746556473588943e+07
1.022727272727272790e-01 6.347107438016271591e+07
1.025757575757575701e-01 6.523415977961301804e+07
1.028787878787878751e-01 6.692672176308345795e+07
1.031818181818181801e-01 6.854876033057641983e+07
1.034848484848484851e-01 7.010027548209190369e+07
1.037878787878787901e-01 7.158126721762847900e+07
1.040909090909090950e-01 7.299173553718805313e+07
1.043939393939394000e-01 7.433168044076871872e+07
1.046969696969697050e-01 7.560110192837381363e+07
1.049999999999999961e-01 7.679999999999856949e+07
1.053030303030303011e-01 7.792837465564584732e+07
1.056060606060606061e-01 7.898622589531469345e+07
1.059090909090909111e-01 7.997355371900653839e+07
1.062121212121212160e-01 8.089035812671947479e+07
1.065151515151515210e-01 8.173663911845493317e+07
1.068181818181818121e-01 8.251239669421386719e+07
1.071212121212121171e-01 8.321763085399341583e+07
1.074242424242424221e-01 8.385234159779453278e+07
1.077272727272727271e-01 8.441652892561817169e+07
1.080303030303030321e-01 8.491019283746337891e+07
1.083333333333333370e-01 8.533333333333110809e+07
1.086363636363636420e-01 8.568595041322135925e+07
1.089393939393939470e-01 8.596804407713222504e+07
1.092424242424242381e-01 8.617961432506752014e+07
1.095454545454545431e-01 8.632066115702342987e+07
1.098484848484848481e-01 8.639118457300090790e+07
1.101515151515151530e-01 8.639118457300090790e+07
1.104545454545454580e-01 8.632066115702247620e+07
1.107575757575757630e-01 8.617961432506656647e+07
1.110606060606060541e-01 8.596804407713317871e+07
1.113636363636363591e-01 8.568595041322135925e+07
1.116666666666666641e-01 8.533333333333110809e+07
1.119696969696969691e-01 8.491019283746337891e+07
1.122727272727272740e-01 8.441652892561817169e+07
1.125757575757575790e-01 8.385234159779357910e+07
1.128787878787878840e-01 8.321763085399246216e+07
1.131818181818181890e-01 8.251239669421195984e+07
1.134848484848484940e-01 8.173663911845397949e+07
1.137878787878787851e-01 8.089035812672042847e+07
1.140909090909090901e-01 7.997355371900653839e+07
1.143939393939393950e-01 7.898622589531517029e+07
1.146969696969697000e-01 7.792837465564537048e+07
1.150000000000000050e-01 7.679999999999809265e+07
1.153030303030302961e-01 7.560110192837333679e+07
1.156060606060606011e-01 7.433168044077014923e+07
1.159090909090909061e-01 7.299173553718852997e+07
1.162121212121212110e-01 7.158126721762943268e+07
1.165151515151515160e-01 7.010027548209190369e+07
1.168181818181818210e-01 6.854876033057594299e+07
1.171212121212121260e-01 6.692672176308250427e+07
1.174242424242424310e-01 6.523415977961158752e+07
1.177272727272727360e-01 6.347107438016223907e+07
1.180303030303030271e-01 6.163746556473731995e+07
1.183333333333333320e-01 5.973333333333206177e+07
1.186363636363636370e-01 5.775867768594837189e+07
1.189393939393939420e-01 5.571349862258720398e+07
1.192424242424242470e-01 5.359779614324855804e+07
1.195454545454545381e-01 5.141157024793243408e+07
1.198484848484848431e-01 4.915482093663787842e+07
1.201515151515151480e-01 4.682754820936489105e+07
1.204545454545454530e-01 4.442975206611347198e+07
1.207575757575757580e-01 4.196143250688457489e+07
1.210606060606060630e-01 3.942258953167819977e+07
1.213636363636363680e-01 3.681322314049339294e+07
1.216666666666666730e-01 3.413333333333110809e+07
1.219696969696969779e-01 3.138292011019039154e+07
1.222727272727272690e-01 2.856198347107219696e+07
1.225757575757575740e-01 2.567052341597652435e+07
1.228787878787878790e-01 2.270853994490146637e+07
1.231818181818181840e-01 1.967603305784988403e+07
1.234848484848484890e-01 1.657300275481891632e+07
1.237878787878787940e-01 1.339944903581047058e+07
1.240909090909090851e-01 1.015537190082454681e+07
1.243939393939393900e-01 6.840771349860191345e+06
1.246969696969696950e-01 3.455647382918357849e+06
1.250000000000000000e-01 -1.907348632812500000e-06
