9.500000000000000111e-02 0.000000000000000000e+00
9.530303030303030609e-02 4.319559228650093079e+06
9.560606060606061107e-02 8.550964187327384949e+06
9.590909090909091606e-02 1.269421487603187561e+07
9.621212121212120716e-02 1.674931129476642609e+07
9.651515151515151214e-02 2.071625344352626801e+07
9.681818181818181712e-02 2.459504132231426239e+07
9.712121212121212210e-02 2.838567493112945557e+07
9.742424242424242709e-02 3.208815426997184753e+07
9.772727272727273207e-02 3.570247933884239197e+07
9.803030303030303705e-02 3.922865013774013519e+07
9.833333333333332815e-02 4.266666666666698456e+07
9.863636363636363313e-02 4.601652892562007904e+07
9.893939393939393812e-02 4.927823691460037231e+07
9.924242424242424310e-02 5.245179063360881805e+07
9.954545454545454808e-02 5.553719008264446259e+07
9.984848484848485306e-02 5.853443526170825958e+07
1.001515151515151580e-01 6.144352617079830170e+07
1.004545454545454630e-01 6.426446280991649628e+07
1.007575757575757541e-01 6.699724517906379700e+07
1.010606060606060591e-01 6.964187327823638916e+07
1.013636363636363641e-01 7.219834710743808746e+07
1.016666666666666691e-01 7.466666666666603088e+07
1.019696969696969741e-01 7.704683195592212677e+07
1.022727272727272790e-01 7.933884297520542145e+07
1.025757575757575701e-01 8.154269972451877594e+07
1.028787878787878751e-01 8.365840220385742188e+07
1.031818181818181801e-01 8.568595041322326660e+07
1.034848484848484851e-01 8.762534435261726379e+07
1.037878787878787901e-01 8.947658402203845978e+07
1.040909090909090950e-01 9.123966942148685455e+07
1.043939393939394000e-01 9.291460055096340179e+07
1.046969696969697050e-01 9.450137741046714783e+07
1.049999999999999961e-01 9.600000000000095367e+07
1.053030303030303011e-01 9.741046831956005096e+07
1.056060606060606061e-01 9.873278236914539337e+07
1.059090909090909111e-01 9.996694214876079559e+07
1.062121212121212160e-01 1.011129476584024429e+08
1.065151515151515210e-01 1.021707988980712891e+08
1.068181818181818121e-01 1.031404958677692413e+08
1.071212121212121171e-01 1.040220385674934387e+08
1.074242424242424221e-01 1.048154269972457886e+08
1.077272727272727271e-01 1.055206611570253372e+08
1.080303030303030321e-01 1.061377410468320847e+08
1.083333333333333370e-01 1.066666666666660309e+08
1.086363636363636420e-01 1.071074380165281296e+08
1.089393939393939470e-01 1.074600550964183807e+08
1.092424242424242381e-01 1.077245179063358307e+08
1.095454545454545431e-01 1.079008264462814331e+08
1.098484848484848481e-01 1.079889807162542343e+08
1.101515151515151530e-01 1.079889807162532806e+08
1.104545454545454580e-01 1.079008264462804794e+08
1.107575757575757630e-01 1.077245179063358307e+08
1.110606060606060541e-01 1.074600550964193344e+08
1.113636363636363591e-01 1.071074380165290833e+08
1.116666666666666641e-01 1.066666666666669846e+08
1.119696969696969691e-01 1.061377410468320847e+08
1.122727272727272740e-01 1.055206611570243835e+08
1.125757575757575790e-01 1.048154269972448349e+08
1.128787878787878840e-01 1.040220385674924850e+08
1.131818181818181890e-01 1.031404958677673340e+08
1.134848484848484940e-01 1.021707988980722427e+08
1.137878787878787851e-01 1.011129476584024429e+08
1.140909090909090901e-01 9.996694214876079559e+07
1.143939393939393950e-01 9.873278236914634705e+07
1.146969696969697000e-01 9.741046831955909729e+07
1.150000000000000050e-01 9.600000000000000000e+07
1.153030303030302961e-01 9.450137741046905518e+07
1.156060606060606011e-01 9.291460055096435547e+07
1.159090909090909061e-01 9.123966942148780823e+07
1.162121212121212110e-01 8.947658402203845978e+07
1.165151515151515160e-01 8.762534435261726379e+07
1.168181818181818210e-01 8.568595041322231293e+07
1.171212121212121260e-01 8.365840220385646820e+07
1.174242424242424310e-01 8.154269972451782227e+07
1.177272727272727360e-01 7.933884297520542145e+07
1.180303030303030271e-01 7.704683195592403412e+07
1.183333333333333320e-01 7.466666666666698456e+07
1.186363636363636370e-01 7.219834710743808746e+07
1.189393939393939420e-01 6.964187327823638916e+07
1.192424242424242470e-01 6.699724517906284332e+07
1.195454545454545381e-01 6.426446280991840363e+07
1.198484848484848431e-01 6.144352617079925537e+07
1.201515151515151480e-01 5.853443526170825958e+07
1.204545454545454530e-01 5.553719008264446259e+07
1.207575757575757580e-01 5.245179063360881805e+07
1.210606060606060630e-01 4.927823691460037231e+07
1.213636363636363680e-01 4.601652892561912537e+07
1.216666666666666730e-01 4.266666666666603088e+07
1.219696969696969779e-01 3.922865013774013519e+07
1.222727272727272690e-01 3.570247933884334564e+07
1.225757575757575740e-01 3.208815426997280121e+07
1.228787878787878790e-01 2.838567493112945557e+07
1.231818181818181840e-01 2.459504132231426239e+07
1.234848484848484890e-01 2.071625344352626801e+07
1.237878787878787940e-01 1.674931129476547241e+07
1.240909090909090851e-01 1.269421487603378296e+07
1.243939393939393900e-01 8.550964187328338623e+06
1.246969696969696950e-01 4.319559228650093079e+06
1.250000000000000000e-01 0.000000000000000000e+00
