1.000000000000000000e+01 -1.747765361104296744e+02
1.199199199199199128e+01 -1.937713986307325911e+02
1.398398398398398434e+01 -1.753521162424696058e+02
1.597597597597597563e+01 -1.579406891637962644e+02
1.796796796796796869e+01 -1.427086396341879606e+02
1.995995995995995997e+01 -1.284254133700032412e+02
2.195195195195195126e+01 -1.152564280684815685e+02
2.394394394394394254e+01 -1.075707619472605501e+02
2.593593593593593738e+01 -1.008999537990133746e+02
2.792792792792792866e+01 -9.502827881478454231e+01
2.991991991991991995e+01 -8.978975137031238773e+01
3.191191191191191123e+01 -8.505534078034806100e+01
3.390390390390390252e+01 -8.072343187297069278e+01
3.589589589589589025e+01 -7.671290366022503804e+01
3.788788788788788509e+01 -7.295813415021648041e+01
3.987987987987987992e+01 -6.940926527705276783e+01
4.187187187187187476e+01 -6.627170452724418226e+01
4.386386386386386249e+01 -6.337547864998268210e+01
4.585585585585585733e+01 -6.068576655392231345e+01
4.784784784784784506e+01 -5.817318160901939450e+01
4.983983983983983990e+01 -5.581273745345609427e+01
5.183183183183182763e+01 -5.358303412977289781e+01
5.382382382382382247e+01 -5.146561302314336217e+01
5.581581581581581730e+01 -4.944444207727782725e+01
5.780780780780780503e+01 -4.750550231314228000e+01
5.979979979979979987e+01 -4.563645375849269925e+01
6.179179179179178760e+01 -4.382636416786860423e+01
6.378378378378378244e+01 -4.210688957860412529e+01
6.577577577577577017e+01 -4.060848261049278562e+01
6.776776776776776501e+01 -3.916531865934845769e+01
6.975975975975975985e+01 -3.777064415731022251e+01
7.175175175175175468e+01 -3.641838969921156632e+01
7.374374374374374952e+01 -3.510307467093691969e+01
7.573573573573573015e+01 -3.381972662696484377e+01
7.772772772772772498e+01 -3.256381284783557817e+01
7.971971971971971982e+01 -3.133118201440806416e+01
8.171171171171171466e+01 -3.011801433382692039e+01
8.370370370370369528e+01 -2.892077876795530855e+01
8.569569569569569012e+01 -2.773619626699229812e+01
8.768768768768768496e+01 -2.656120811344730726e+01
8.967967967967967979e+01 -2.539294864539719043e+01
9.167167167167167463e+01 -2.422872176128715083e+01
9.366366366366365526e+01 -2.319522591568793146e+01
9.565565565565565009e+01 -2.225039937527614242e+01
9.764764764764764493e+01 -2.131861688645838271e+01
9.963963963963963977e+01 -2.039803454050973031e+01
1.016316316316316346e+02 -1.948692613961528153e+01
1.036236236236236152e+02 -1.858367094744496129e+01
1.056156156156156101e+02 -1.768674285106776622e+01
1.076076076076076049e+02 -1.679470076078411012e+01
1.095995995995995997e+02 -1.590618010221286660e+01
1.115915915915915946e+02 -1.501988527483669955e+01
1.135835835835835752e+02 -1.413458297039313116e+01
1.155755755755755700e+02 -1.324909625986308548e+01
1.175675675675675649e+02 -1.236229937106024757e+01
1.195595595595595597e+02 -1.147311309031898396e+01
1.215515515515515546e+02 -1.058050073141102843e+01
1.235435435435435352e+02 -9.683464623256242021e+00
1.255355355355355300e+02 -8.781043075183260882e+00
1.275275275275275249e+02 -7.872307784639766659e+00
1.295195195195195197e+02 -7.097031172950487132e+00
1.315115115115115145e+02 -6.369670180118243152e+00
1.335035035035035094e+02 -5.646157887410876874e+00
1.354954954954955042e+02 -4.925760006938051383e+00
1.374874874874874990e+02 -4.207773507641372035e+00
1.394794794794794655e+02 -3.491524210860954103e+00
1.414714714714714603e+02 -2.776364609265503880e+00
1.434634634634634551e+02 -2.061671890399333407e+00
1.454554554554554500e+02 -1.346846147963937312e+00
1.474474474474474448e+02 -6.313087663478529343e-01
1.494394394394394396e+02 8.549903481703852171e-02
1.514314314314314345e+02 8.041175075482144274e-01
1.534234234234234293e+02 1.525069544087784390e+00
1.554154154154154241e+02 2.248861716213205852e+00
1.574074074074073906e+02 2.975985193318691380e+00
1.593993993993993854e+02 3.706916546400250034e+00
1.613913913913913802e+02 4.442118444301478064e+00
1.633833833833833751e+02 5.182040247897100826e+00
1.653753753753753699e+02 5.927118507314514950e+00
1.673673673673673647e+02 6.677777366808365755e+00
1.693593593593593596e+02 7.434428881490183549e+00
1.713513513513513544e+02 8.197473249808814089e+00
1.733433433433433493e+02 8.967298965405795741e+00
1.753353353353353441e+02 9.744282891816487435e+00
1.773273273273273105e+02 1.052879026336445634e+01
1.793193193193193054e+02 1.132117461556212135e+01
1.813113113113113002e+02 1.212177764835107396e+01
1.833033033033032950e+02 1.293092902559833846e+01
1.852952952952952899e+02 1.374894611439966852e+01
1.872872872872872847e+02 1.457613366793710341e+01
1.892792792792792795e+02 1.541278345587572218e+01
1.912712712712712744e+02 1.625917384656987252e+01
1.932632632632632692e+02 1.711556934567130739e+01
1.952552552552552640e+02 1.798222009608740279e+01
1.972472472472472305e+02 1.885936134461324443e+01
1.992392392392392253e+02 1.974721288096010596e+01
2.012312312312312201e+02 2.064597845529839759e+01
2.032232232232232150e+02 2.155584518083052714e+01
2.052152152152152098e+02 2.247698292828689048e+01
2.072072072072072046e+02 2.340954371959485414e+01
2.091991991991991995e+02 2.435366112827413332e+01
2.111911911911911943e+02 2.530944969437411984e+01
2.131831831831831892e+02 2.627700436196038325e+01
2.151751751751751840e+02 2.725639994726937232e+01
2.171671671671671504e+02 2.824769064566915588e+01
2.191591591591591452e+02 2.925090958549392539e+01
2.211511511511511401e+02 3.025991386150115403e+01
2.231431431431431349e+02 3.100987902705511701e+01
2.251351351351351298e+02 3.176460481975007966e+01
2.271271271271271246e+02 3.252412766552247803e+01
2.291191191191191194e+02 3.328847683688415060e+01
2.311111111111111143e+02 3.405767452375931015e+01
2.331031031031031091e+02 3.483173590944792153e+01
2.350950950950951039e+02 3.561066925245657444e+01
2.370870870870870704e+02 3.639447597485348496e+01
2.390790790790790652e+02 3.718315075773213607e+01
2.410710710710710600e+02 3.797668164428353066e+01
2.430630630630630549e+02 3.877505015089633389e+01
2.450550550550550497e+02 3.957823138661647988e+01
2.470470470470470445e+02 4.038619418121800209e+01
2.490390390390390394e+02 4.119890122204245131e+01
2.510310310310310342e+02 4.201630919969060329e+01
2.530230230230230291e+02 4.283836896255490956e+01
2.550150150150150239e+02 4.366502568010574237e+01
2.570070070070070187e+02 4.449621901476054120e+01
2.589989989989990136e+02 4.533188330208452754e+01
2.609909909909910084e+02 4.617194773900710203e+01
2.629829829829830032e+02 4.701633657965372493e+01
2.649749749749749981e+02 4.786496933834111900e+01
2.669669669669669361e+02 4.871776099921450509e+01
2.689589589589589309e+02 4.957462223195302187e+01
2.709509509509509257e+02 5.043545961292500124e+01
2.729429429429429206e+02 5.130017585112978651e+01
2.749349349349349154e+02 5.216867001822110694e+01
2.769269269269269103e+02 5.304083778189306742e+01
2.789189189189189051e+02 5.391657164187581941e+01
2.809109109109108999e+02 5.479576116777770523e+01
2.829029029029028948e+02 5.567829323800349783e+01
2.848948948948948896e+02 5.656405227897830201e+01
2.868868868868868844e+02 5.745292050390764871e+01
2.888788788788788793e+02 5.834477815032072812e+01
2.908708708708708741e+02 5.923950371567054418e+01
2.928628628628628690e+02 6.013697419025066182e+01
2.948548548548548638e+02 6.103706528677265197e+01
2.968468468468468586e+02 6.193965166593474692e+01
2.988388388388388535e+02 6.284460715736987879e+01
3.008308308308308483e+02 6.375180497539386693e+01
3.028228228228228431e+02 6.466111792902300692e+01
3.048148148148147811e+02 6.557241862577345159e+01
3.068068068068067760e+02 6.648557966879299386e+01
3.087987987987987708e+02 6.740047384694381094e+01
3.107907907907907656e+02 6.831697431747825533e+01
3.127827827827827605e+02 6.923495478101935419e+01
3.147747747747747553e+02 7.015428964859725625e+01
3.167667667667667502e+02 7.107485420053880887e+01
3.187587587587587450e+02 7.199652473705904754e+01
3.207507507507507398e+02 7.291917872044972171e+01
3.227427427427427347e+02 7.384269490879280795e+01
3.247347347347347295e+02 7.476695348118603590e+01
3.267267267267267243e+02 7.569183615449158253e+01
3.287187187187187192e+02 7.661722629165716114e+01
3.307107107107107140e+02 7.754300900171008948e+01
3.327027027027027088e+02 7.846907123152972474e+01
3.346946946946947037e+02 7.939530184955498271e+01
3.366866866866866985e+02 8.032159172159812499e+01
3.386786786786786934e+02 8.124783377896132208e+01
3.406706706706706882e+02 8.217392307908239957e+01
3.426626626626626830e+02 8.309975685892881359e+01
3.446546546546546210e+02 8.402523458140630908e+01
3.466466466466466159e+02 8.495025797504854381e+01
3.486386386386386107e+02 8.587473106723975036e+01
3.506306306306306055e+02 8.679856021128220789e+01
3.526226226226226004e+02 8.772165410757385473e+01
3.546146146146145952e+02 8.859181244410741840e+01
3.566066066066065900e+02 8.936660565891095587e+01
3.585985985985985849e+02 9.014063600843623192e+01
3.605905905905905797e+02 9.091386245079871742e+01
3.625825825825825746e+02 9.168624503017430527e+01
3.645745745745745694e+02 9.245774487261063257e+01
3.665665665665665642e+02 9.322832418055932635e+01
3.685585585585585591e+02 9.399794622621017481e+01
3.705505505505505539e+02 9.476657534370347946e+01
3.725425425425425487e+02 9.553417692030947705e+01
3.745345345345345436e+02 9.630071738664251768e+01
3.765265265265265384e+02 9.706616420598835759e+01
3.785185185185185333e+02 9.783048586281711323e+01
3.805105105105105281e+02 9.859365185054075198e+01
3.825025025025025229e+02 9.935563265860376703e+01
3.844944944944944609e+02 1.001163997589349890e+02
3.864864864864864558e+02 1.008759255918568556e+02
3.884784784784784506e+02 1.016341835514923844e+02
3.904704704704704454e+02 1.023911479707157071e+02
3.924624624624624403e+02 1.031467941057249220e+02
3.944544544544544351e+02 1.039010981202575294e+02
3.964464464464464299e+02 1.046540370695234259e+02
3.984384384384384248e+02 1.054055888838750690e+02
4.004304304304304196e+02 1.061557323522754928e+02
4.024224224224224145e+02 1.069044471055967449e+02
4.044144144144144093e+02 1.076517135997845713e+02
4.064064064064064041e+02 1.083975130989255007e+02
4.083983983983983990e+02 1.091418276582603397e+02
4.103903903903903938e+02 1.098846401071461685e+02
4.123823823823823886e+02 1.106259340320390407e+02
4.143743743743743835e+02 1.113656937594814735e+02
4.163663663663663783e+02 1.121039043391461263e+02
4.183583583583583732e+02 1.128405515269483743e+02
4.203503503503503680e+02 1.135756217682567808e+02
4.223423423423423060e+02 1.143091021812110739e+02
4.243343343343343008e+02 1.150409805401738623e+02
4.263263263263262957e+02 1.157712452593313941e+02
4.283183183183182905e+02 1.164998853764500240e+02
4.303103103103102853e+02 1.172268905368242855e+02
4.323023023023022802e+02 1.179522509773966732e+02
4.342942942942942750e+02 1.186759575110936709e+02
4.362862862862862698e+02 1.193980015113587569e+02
4.382782782782782647e+02 1.201183748969242941e+02
4.402702702702702595e+02 1.208370701167848580e+02
4.422622622622622544e+02 1.215540801354323435e+02
4.442542542542542492e+02 1.222693984183165838e+02
4.462462462462462440e+02 1.229830189175562367e+02
4.482382382382382389e+02 1.236949360579024528e+02
4.502302302302302337e+02 1.244051447229515759e+02
4.522222222222222285e+02 1.251136402416313587e+02
4.542142142142142234e+02 1.258204183749147660e+02
4.562062062062062182e+02 1.265254753028409027e+02
4.581981981981982130e+02 1.272288076117560252e+02
4.601901901901902079e+02 1.279304122818423650e+02
4.621821821821821459e+02 1.286302866749053351e+02
4.641741741741741407e+02 1.293284285224212056e+02
4.661661661661661356e+02 1.300248359138506657e+02
4.681581581581581304e+02 1.307195072852155420e+02
4.701501501501501252e+02 1.314124414079215910e+02
4.721421421421421201e+02 1.321036373778613324e+02
4.741341341341341149e+02 1.327930946047598582e+02
4.761261261261261097e+02 1.334808128017695878e+02
4.781181181181181046e+02 1.341667919753256228e+02
4.801101101101100994e+02 1.348510324152523481e+02
4.821021021021020942e+02 1.355335346851008183e+02
4.840940940940940891e+02 1.362142996127394383e+02
4.860860860860860839e+02 1.368933282811841252e+02
4.880780780780780788e+02 1.375706220196535696e+02
4.900700700700700736e+02 1.382461823948656559e+02
4.920620620620620684e+02 1.389200112025578164e+02
4.940540540540540633e+02 1.395921104592319466e+02
4.960460460460460581e+02 1.402624823941201839e+02
4.980380380380380529e+02 1.409311294413620601e+02
5.000300300300300478e+02 1.415980542324045928e+02
5.020220220220219858e+02 1.422632595885967248e+02
5.040140140140139806e+02 1.429267485139993141e+02
5.060060060060059755e+02 1.435885241883883054e+02
5.079979979979979703e+02 1.442485899604590998e+02
5.099899899899899651e+02 1.449069493412152667e+02
5.119819819819819600e+02 1.455636059975520880e+02
5.139739739739738980e+02 1.462185637460219709e+02
5.159659659659660065e+02 1.468718265467765605e+02
5.179579579579578876e+02 1.475233984976863439e+02
5.199499499499499962e+02 1.481732838286340268e+02
5.219419419419418773e+02 1.488214868959622379e+02
5.239339339339338721e+02 1.494680121771285144e+02
5.259259259259258670e+02 1.501128642654423402e+02
5.279179179179178618e+02 1.507560478650324569e+02
5.299099099099098567e+02 1.513975677859314715e+02
5.319019019019018515e+02 1.520374289392995308e+02
5.338938938938938463e+02 1.526756363328376835e+02
5.358858858858858412e+02 1.533121950662784627e+02
5.378778778778778360e+02 1.539471103270689412e+02
5.398698698698698308e+02 1.545803873861579234e+02
5.418618618618618257e+02 1.552120315939217221e+02
5.438538538538538205e+02 1.558420483762157858e+02
5.458458458458458153e+02 1.564704432305600790e+02
5.478378378378378102e+02 1.570759906143355522e+02
5.498298298298298050e+02 1.576745321978304730e+02
5.518218218218217999e+02 1.582717172762084488e+02
5.538138138138137947e+02 1.588675509357399278e+02
5.558058058058057895e+02 1.594620382887868573e+02
5.577977977977977844e+02 1.600551844719464327e+02
5.597897897897897792e+02 1.606469946442003902e+02
5.617817817817817740e+02 1.612374739851748018e+02
5.637737737737737689e+02 1.618266276934205337e+02
5.657657657657657637e+02 1.624144609847636502e+02
5.677577577577577586e+02 1.630009790907082277e+02
5.697497497497497534e+02 1.635861872568850686e+02
5.717417417417417482e+02 1.641700907415705331e+02
5.737337337337337431e+02 1.647526948142277661e+02
5.757257257257257379e+02 1.653340047541105662e+02
5.777177177177177327e+02 1.659140258489294979e+02
5.797097097097097276e+02 1.664927633935265590e+02
5.817017017017017224e+02 1.670702226886283199e+02
5.836936936936937173e+02 1.676464090396249844e+02
5.856856856856857121e+02 1.682213277553970840e+02
5.876776776776777069e+02 1.687949841471746879e+02
5.896696696696697018e+02 1.693673835274549901e+02
5.916616616616616966e+02 1.699385312089311526e+02
5.936536536536536914e+02 1.705084325034839594e+02
5.956456456456456863e+02 1.710770927211921730e+02
5.976376376376376811e+02 1.716445171693908947e+02
5.996296296296295623e+02 1.722107111517555609e+02
6.016216216216215571e+02 1.727756799674101842e+02
6.036136136136135519e+02 1.733394289101063634e+02
6.056056056056055468e+02 1.739019632673749527e+02
6.075975975975975416e+02 1.744632883197604656e+02
6.095895895895895364e+02 1.750234093400552808e+02
6.115815815815815313e+02 1.755823315925733539e+02
6.135735735735735261e+02 1.761400603324497638e+02
6.155655655655655210e+02 1.766966008049668631e+02
6.175575575575575158e+02 1.772519582449032214e+02
6.195495495495495106e+02 1.778061378759137767e+02
6.215415415415415055e+02 1.783591449099364752e+02
6.235335335335335003e+02 1.789109845466087734e+02
6.255255255255254951e+02 1.794616619727226805e+02
6.275175175175174900e+02 1.800111823617014579e+02
6.295095095095094848e+02 1.805595508730731922e+02
6.315015015015014797e+02 1.811067726520129781e+02
6.334934934934934745e+02 1.816528528288596931e+02
6.354854854854854693e+02 1.821977965186695485e+02
6.374774774774774642e+02 1.827416088207951930e+02
6.394694694694694590e+02 1.832842948184871261e+02
6.414614614614614538e+02 1.838258595784917873e+02
6.434534534534534487e+02 1.843663081506754224e+02
6.454454454454454435e+02 1.849056455676845303e+02
6.474374374374374383e+02 1.854438768445958203e+02
6.494294294294294332e+02 1.859810069786039719e+02
6.514214214214214280e+02 1.865170409486966605e+02
6.534134134134134229e+02 1.870519837153804588e+02
6.554054054054054177e+02 1.875858402203971877e+02
6.573973973973974125e+02 1.881186153864531718e+02
6.593893893893894074e+02 1.886503141169832247e+02
6.613813813813814022e+02 1.891809412958935752e+02
6.633733733733733970e+02 1.897105017873517170e+02
6.653653653653653919e+02 1.902390004355788449e+02
6.673573573573573867e+02 1.907664420646323720e+02
6.693493493493493816e+02 1.912928314782299424e+02
6.713413413413413764e+02 1.918181734595639512e+02
6.733333333333333712e+02 1.923424727711560251e+02
6.753253253253253661e+02 1.928657341546598616e+02
6.773173173173172472e+02 1.933879623307575457e+02
6.793093093093092421e+02 1.939091619989928006e+02
6.813013013013012369e+02 1.944293378376578971e+02
6.832932932932932317e+02 1.949484945036775798e+02
6.852852852852852266e+02 1.954666366324924525e+02
6.872772772772772214e+02 1.959837688379547842e+02
6.892692692692692162e+02 1.964998957122614627e+02
6.912612612612612111e+02 1.970150218258273469e+02
6.932532532532532059e+02 1.975291517272490864e+02
6.952452452452452007e+02 1.980422899432125803e+02
6.972372372372371956e+02 1.985544409784234574e+02
6.992292292292291904e+02 1.990656093155935480e+02
7.012212212212211853e+02 1.995757994153544530e+02
7.032132132132131801e+02 2.000850157161941922e+02
7.052052052052051749e+02 2.005932626344984442e+02
7.071971971971971698e+02 2.011005445644490521e+02
7.091891891891891646e+02 2.016068658780304190e+02
7.111811811811811594e+02 2.021122309250040701e+02
7.131731731731731543e+02 2.026166440328972556e+02
7.151651651651651491e+02 2.031201095070097153e+02
7.171571571571571440e+02 2.036226316303852570e+02
7.191491491491491388e+02 2.041242146638157067e+02
7.211411411411411336e+02 2.046248628458793917e+02
7.231331331331331285e+02 2.051245803929147087e+02
7.251251251251251233e+02 2.056233714990624435e+02
7.271171171171171181e+02 2.061212403362640373e+02
7.291091091091091130e+02 2.066181910543149627e+02
7.311011011011011078e+02 2.071142277808504844e+02
7.330930930930931027e+02 2.076093546214070216e+02
7.350850850850850975e+02 2.081035756594593806e+02
7.370770770770770923e+02 2.085968949564482955e+02
7.390690690690690872e+02 2.090893165518095032e+02
7.410610610610610820e+02 2.095808444630549729e+02
7.430530530530530768e+02 2.100714826857724802e+02
7.450450450450450717e+02 2.105612351937269580e+02
7.470370370370370665e+02 2.110501059388807334e+02
7.490290290290290613e+02 2.115380988514446017e+02
7.510210210210210562e+02 2.120252178399841796e+02
7.530130130130130510e+02 2.125114667914028530e+02
7.550050050050050459e+02 2.129968495710866137e+02
7.569969969969969270e+02 2.134813700229239544e+02
7.589889889889889218e+02 2.139650319693946585e+02
7.609809809809809167e+02 2.144478392115894962e+02
7.629729729729729115e+02 2.149297955293664870e+02
7.649649649649649064e+02 2.154109046813655368e+02
7.669569569569569012e+02 2.158911704050945843e+02
7.689489489489488960e+02 2.163705964170233358e+02
7.709409409409408909e+02 2.168491864126309849e+02
7.729329329329328857e+02 2.173269440665353329e+02
7.749249249249248805e+02 2.178038730325355061e+02
7.769169169169168754e+02 2.182799769436986708e+02
7.789089089089088702e+02 2.187552594124693996e+02
7.809009009009008651e+02 2.192297240307340189e+02
7.828928928928928599e+02 2.197033743699165314e+02
7.848848848848848547e+02 2.201762139810579697e+02
7.868768768768768496e+02 2.206482463949311636e+02
7.888688688688688444e+02 2.211194751220998285e+02
7.908608608608608392e+02 2.215899036530341846e+02
7.928528528528528341e+02 2.220595354581988090e+02
7.948448448448448289e+02 2.225283739881473366e+02
7.968368368368368237e+02 2.229964226735775128e+02
7.988288288288288186e+02 2.234636849254956132e+02
8.008208208208208134e+02 2.239301641352761294e+02
8.028128128128128083e+02 2.243958636747495348e+02
8.048048048048048031e+02 2.248607868963090368e+02
8.067967967967967979e+02 2.253249371330222459e+02
8.087887887887887928e+02 2.257883176986996432e+02
8.107807807807807876e+02 2.262509318880299816e+02
8.127727727727727824e+02 2.267127829766478442e+02
8.147647647647647773e+02 2.271738742212444038e+02
8.167567567567567721e+02 2.276342088596591964e+02
8.187487487487487670e+02 2.280937901110381745e+02
8.207407407407407618e+02 2.285526211758225372e+02
8.227327327327327566e+02 2.290107052359501836e+02
8.247247247247247515e+02 2.294680454549041144e+02
8.267167167167167463e+02 2.299246449778489136e+02
8.287087087087087411e+02 2.303805069316838683e+02
8.307007007007007360e+02 2.308356344251987196e+02
8.326926926926927308e+02 2.312900305491400275e+02
8.346846846846846120e+02 2.317436983763390685e+02
8.366766766766766068e+02 2.321966409617585896e+02
8.386686686686686016e+02 2.326488613426868710e+02
8.406606606606605965e+02 2.331003625387319858e+02
8.426526526526525913e+02 2.335511475520302724e+02
8.446446446446445862e+02 2.340012193672510818e+02
8.466366366366365810e+02 2.344505809517841612e+02
8.486286286286285758e+02 2.348992352557717425e+02
8.506206206206205707e+02 2.353646030646822851e+02
8.526126126126125655e+02 2.358312277469652543e+02
8.546046046046045603e+02 2.362971623187970636e+02
8.565965965965965552e+02 2.367624095216440310e+02
8.585885885885885500e+02 2.372269720810872968e+02
8.605805805805805448e+02 2.376908527068484034e+02
8.625725725725725397e+02 2.381540540928966436e+02
8.645645645645645345e+02 2.386165789175852581e+02
8.665565565565565294e+02 2.390784298437263828e+02
8.685485485485485242e+02 2.395396095187080903e+02
8.705405405405405190e+02 2.400001205745875268e+02
8.725325325325325139e+02 2.404599656282117337e+02
8.745245245245245087e+02 2.409191472812639461e+02
8.765165165165165035e+02 2.413776681204668364e+02
8.785085085085084984e+02 2.418355307175487212e+02
8.805005005005004932e+02 2.422927376294682063e+02
8.824924924924924881e+02 2.427492913984295910e+02
8.844844844844844829e+02 2.432051945520087770e+02
8.864764764764764777e+02 2.436604496032926477e+02
8.884684684684684726e+02 2.441150590508723894e+02
8.904604604604604674e+02 2.445690253790372424e+02
8.924524524524524622e+02 2.450223510578481125e+02
8.944444444444444571e+02 2.454750385432137705e+02
8.964364364364364519e+02 2.459270902769728480e+02
8.984284284284284468e+02 2.463785086870559837e+02
9.004204204204204416e+02 2.468292961874772686e+02
9.024124124124124364e+02 2.472794551785321744e+02
9.044044044044044313e+02 2.477289880467985483e+02
9.063963963963964261e+02 2.481778971653404255e+02
9.083883883883884209e+02 2.486261848936631509e+02
9.103803803803804158e+02 2.490738535779049130e+02
9.123723723723722969e+02 2.495209055509088785e+02
9.143643643643642918e+02 2.499673431322689794e+02
9.163563563563562866e+02 2.504131686284677301e+02
9.183483483483482814e+02 2.508583843329745093e+02
9.203403403403402763e+02 2.513029925262670474e+02
9.223323323323322711e+02 2.517469954759755524e+02
9.243243243243242659e+02 2.521903954369768712e+02
9.263163163163162608e+02 2.526331946514294486e+02
9.283083083083082556e+02 2.530753953489064259e+02
9.303003003003002505e+02 2.535169997464559231e+02
9.322922922922922453e+02 2.539580100487071377e+02
9.342842842842842401e+02 2.543984284479341511e+02
9.362762762762762350e+02 2.548382571241484698e+02
9.382682682682682298e+02 2.552774982452057202e+02
9.402602602602602246e+02 2.557161539668278465e+02
9.422522522522522195e+02 2.561542264327386533e+02
9.442442442442442143e+02 2.565917177747300570e+02
9.462362362362362092e+02 2.570286301127649153e+02
9.482282282282282040e+02 2.574649655550115313e+02
9.502202202202201988e+02 2.579007261979257919e+02
9.522122122122121937e+02 2.583359141264149912e+02
9.542042042042041885e+02 2.587705314138083281e+02
9.561961961961961833e+02 2.592045801219931036e+02
9.581881881881881782e+02 2.596380623015120932e+02
9.601801801801801730e+02 2.600709799915394456e+02
9.621721721721721678e+02 2.605033352200970285e+02
9.641641641641641627e+02 2.609351300040508477e+02
9.661561561561561575e+02 2.613663663491670945e+02
9.681481481481481524e+02 2.617970462502391911e+02
9.701401401401401472e+02 2.622271716911601516e+02
9.721321321321321420e+02 2.626567446449449790e+02
9.741241241241241369e+02 2.630857670738742513e+02
9.761161161161161317e+02 2.635142409294809909e+02
9.781081081081081265e+02 2.639421681527306305e+02
9.801001001001001214e+02 2.643695506740129417e+02
9.820920920920921162e+02 2.647963904132183188e+02
9.840840840840841111e+02 2.652226892798642552e+02
9.860760760760761059e+02 2.656484491730979016e+02
9.880680680680681007e+02 2.660736719818185634e+02
9.900600600600600956e+02 2.664983595846962317e+02
9.920520520520519767e+02 2.669225138503219910e+02
9.940440440440439716e+02 2.673461366372059729e+02
9.960360360360359664e+02 2.677692297938210686e+02
9.980280280280279612e+02 2.681917951587704465e+02
1.000020020020019956e+03 2.686138345607835163e+02
1.002012012012011951e+03 2.690353498187566856e+02
1.004004004004003946e+03 2.694563427419517438e+02
1.005995995995995941e+03 2.698768151298865519e+02
1.007987987987987935e+03 2.702967687725089263e+02
1.009979979979979930e+03 2.707162054502711612e+02
1.011971971971971925e+03 2.711351269340951262e+02
1.013963963963963920e+03 2.715535349855546770e+02
1.015955955955955915e+03 2.719714313568695161e+02
1.017947947947947910e+03 2.723888177909765318e+02
1.019939939939939904e+03 2.728056960215910181e+02
1.021931931931931899e+03 2.732220677733079128e+02
1.023923923923923894e+03 2.736379347616068571e+02
1.025915915915915775e+03 2.740532986929275125e+02
1.027907907907907884e+03 2.744681612647979136e+02
1.029899899899899992e+03 2.748825241657693255e+02
1.031891891891891873e+03 2.752963890755504508e+02
1.033883883883883755e+03 2.757097576651378290e+02
1.035875875875875863e+03 2.761226315967145410e+02
1.037867867867867744e+03 2.765350125238092573e+02
1.039859859859859853e+03 2.769469020913577424e+02
1.041851851851851734e+03 2.773583019357473063e+02
1.043843843843843842e+03 2.777692136847992970e+02
1.045835835835835724e+03 2.781796389579672564e+02
1.047827827827827832e+03 2.785895793663006543e+02
1.049819819819819713e+03 2.789990365124635332e+02
1.051811811811811822e+03 2.794080119909457380e+02
1.053803803803803703e+03 2.798165073878877820e+02
1.055795795795795812e+03 2.802245242813669961e+02
1.057787787787787693e+03 2.806320642413102746e+02
1.059779779779779801e+03 2.810391288295865024e+02
1.061771771771771682e+03 2.814457196001077364e+02
1.063763763763763791e+03 2.818518380986857323e+02
1.065755755755755672e+03 2.822574858633938106e+02
1.067747747747747781e+03 2.826626644244404361e+02
1.069739739739739662e+03 2.830673753041061218e+02
1.071731731731731770e+03 2.834716200170711318e+02
1.073723723723723651e+03 2.838754000702378448e+02
1.075715715715715760e+03 2.842787169629294226e+02
1.077707707707707641e+03 2.846815721867991442e+02
1.079699699699699750e+03 2.850839672260056545e+02
1.081691691691691631e+03 2.854859035572151811e+02
1.083683683683683739e+03 2.858873826496800348e+02
1.085675675675675620e+03 2.862884059651424877e+02
1.087667667667667729e+03 2.866889749581392266e+02
1.089659659659659610e+03 2.870890910758075734e+02
1.091651651651651719e+03 2.874887557580984776e+02
1.093643643643643600e+03 2.878879704376716973e+02
1.095635635635635708e+03 2.882867365401069719e+02
1.097627627627627589e+03 2.886850554839108440e+02
1.099619619619619698e+03 2.890829286803622153e+02
1.101611611611611579e+03 2.894803575338619908e+02
1.103603603603603688e+03 2.898773434418524744e+02
1.105595595595595569e+03 2.902738877946752609e+02
1.107587587587587677e+03 2.906699919760368971e+02
1.109579579579579558e+03 2.910656573625859664e+02
1.111571571571571440e+03 2.914608853242872897e+02
1.113563563563563548e+03 2.918556772243571800e+02
1.115555555555555429e+03 2.922500344192398529e+02
1.117547547547547538e+03 2.926439582587987047e+02
1.119539539539539419e+03 2.930374500861896081e+02
1.121531531531531527e+03 2.934305112380351943e+02
1.123523523523523409e+03 2.938231430444554348e+02
1.125515515515515517e+03 2.942153468289985767e+02
1.127507507507507398e+03 2.946071239088191760e+02
1.129499499499499507e+03 2.949984755946537121e+02
1.131491491491491388e+03 2.953894031908044440e+02
1.133483483483483496e+03 2.957799079952986858e+02
1.135475475475475378e+03 2.961699912999051776e+02
1.137467467467467486e+03 2.965596543901238533e+02
1.139459459459459367e+03 2.969488985451357053e+02
1.141451451451451476e+03 2.973377250381300314e+02
1.143443443443443357e+03 2.977261351360444905e+02
1.145435435435435465e+03 2.981141300997267081e+02
1.147427427427427347e+03 2.985017111840066946e+02
1.149419419419419455e+03 2.988888796377641484e+02
1.151411411411411336e+03 2.992756367037101768e+02
1.153403403403403445e+03 2.996619836188033332e+02
1.155395395395395326e+03 3.000479216140141148e+02
1.157387387387387435e+03 3.004334519144474598e+02
1.159379379379379316e+03 3.008185757394326174e+02
1.161371371371371424e+03 3.012032943024542533e+02
1.163363363363363305e+03 3.015876088112363504e+02
1.165355355355355414e+03 3.019715204677814882e+02
1.167347347347347295e+03 3.023550304685161336e+02
1.169339339339339404e+03 3.027381400040466133e+02
1.171331331331331285e+03 3.031208502594865308e+02
1.173323323323323393e+03 3.035031624143659315e+02
1.175315315315315274e+03 3.038850776425711047e+02
1.177307307307307383e+03 3.042665971125986175e+02
1.179299299299299264e+03 3.046477219874448110e+02
1.181291291291291373e+03 3.050284534245804480e+02
1.183283283283283254e+03 3.054087925761614883e+02
1.185275275275275362e+03 3.057887405889730417e+02
1.187267267267267243e+03 3.061682986043863366e+02
1.189259259259259125e+03 3.065474677585220320e+02
1.191251251251251233e+03 3.069262491822329366e+02
1.193243243243243114e+03 3.073046440010785432e+02
1.195235235235235223e+03 3.076826533354596904e+02
1.197227227227227104e+03 3.080602783005876404e+02
1.199219219219219212e+03 3.084375200064974933e+02
1.201211211211211094e+03 3.088143795581220274e+02
1.203203203203203202e+03 3.091908580553736670e+02
1.205195195195195083e+03 3.095669565930467115e+02
1.207187187187187192e+03 3.099426762608865715e+02
1.209179179179179073e+03 3.103180181437128340e+02
1.211171171171171181e+03 3.106929833214217638e+02
1.213163163163163063e+03 3.110675728688429444e+02
1.215155155155155171e+03 3.114417878560007580e+02
1.217147147147147052e+03 3.118156293480597583e+02
1.219139139139139161e+03 3.121890984053219427e+02
1.221131131131131042e+03 3.125621960832628474e+02
1.223123123123123150e+03 3.129349234325795237e+02
1.225115115115115032e+03 3.133072814992613075e+02
1.227107107107107140e+03 3.136792713245006325e+02
1.229099099099099021e+03 3.140508939448267824e+02
1.231091091091091130e+03 3.144221503921585850e+02
1.233083083083083011e+03 3.147930416936504798e+02
1.235075075075075119e+03 3.151635688719932773e+02
1.237067067067067001e+03 3.155337329451311916e+02
1.239059059059059109e+03 3.159035349266123944e+02
1.241051051051050990e+03 3.162729758253764771e+02
1.243043043043043099e+03 3.166420566458165240e+02
1.245035035035034980e+03 3.170107783879265071e+02
1.247027027027027088e+03 3.173791420472878713e+02
1.249019019019018970e+03 3.177471486148690474e+02
1.251011011011011078e+03 3.181147990774992991e+02
1.253003003003002959e+03 3.184820944174109627e+02
1.254994994994995068e+03 3.188490356126724237e+02
1.256986986986986949e+03 3.192156236369012845e+02
1.258978978978979058e+03 3.195818594595137938e+02
1.260970970970970939e+03 3.199477440455763713e+02
1.262962962962963047e+03 3.203132783559872223e+02
1.264954954954954928e+03 3.206784633473970985e+02
1.266946946946946809e+03 3.210432999722419822e+02
1.268938938938938918e+03 3.214077891788450074e+02
1.270930930930930799e+03 3.217719319113242022e+02
1.272922922922922908e+03 3.221357291097716598e+02
1.274914914914914789e+03 3.224991817100609524e+02
1.276906906906906897e+03 3.228622906440249380e+02
1.278898898898898778e+03 3.232250568395776895e+02
1.280890890890890887e+03 3.235874812204468185e+02
1.282882882882882768e+03 3.239495647064784976e+02
1.284874874874874877e+03 3.243113082134520369e+02
1.286866866866866758e+03 3.246727126532284160e+02
1.288858858858858866e+03 3.250337789337732488e+02
1.290850850850850748e+03 3.253945079590668001e+02
1.292842842842842856e+03 3.257549006292877039e+02
1.294834834834834737e+03 3.261149578406905221e+02
1.296826826826826846e+03 3.264746804857910547e+02
1.298818818818818727e+03 3.268340694530922974e+02
1.300810810810810835e+03 3.271931256274806401e+02
1.302802802802802717e+03 3.275518498900189002e+02
1.304794794794794825e+03 3.279102431179776431e+02
1.306786786786786706e+03 3.282683061849276100e+02
1.308778778778778815e+03 3.286260399607268141e+02
1.310770770770770696e+03 3.289834453115733481e+02
1.312762762762762804e+03 3.293405230999199489e+02
1.314754754754754686e+03 3.296972741845829660e+02
1.316746746746746794e+03 3.300536994209708155e+02
1.318738738738738675e+03 3.304097996604832019e+02
1.320730730730730784e+03 3.307655757512940227e+02
1.322722722722722665e+03 3.311210285378172671e+02
1.324714714714714773e+03 3.314761588610161880e+02
1.326706706706706655e+03 3.318309675582956402e+02
1.328698698698698763e+03 3.321854554635578438e+02
1.330690690690690644e+03 3.325396234071708932e+02
1.332682682682682753e+03 3.328934722161679360e+02
1.334674674674674634e+03 3.332470027139905824e+02
1.336666666666666742e+03 3.336002157207984737e+02
1.338658658658658624e+03 3.339531120532109867e+02
1.340650650650650732e+03 3.343056925245065258e+02
1.342642642642642613e+03 3.346579579446535604e+02
1.344634634634634494e+03 3.350099091201484498e+02
1.346626626626626603e+03 3.353615468543142697e+02
1.348618618618618484e+03 3.357128719470518377e+02
1.350610610610610593e+03 3.360638851949656782e+02
1.352602602602602474e+03 3.364145873914095546e+02
1.354594594594594582e+03 3.367649793265753715e+02
1.356586586586586463e+03 3.371150617872482371e+02
1.358578578578578572e+03 3.374648355570771514e+02
1.360570570570570453e+03 3.378143014165119098e+02
1.362562562562562562e+03 3.381634601428107771e+02
1.364554554554554443e+03 3.385123125100307675e+02
1.366546546546546551e+03 3.388608592892038018e+02
1.368538538538538432e+03 3.392091012480216250e+02
1.370530530530530541e+03 3.395570391511876664e+02
1.372522522522522422e+03 3.399046737603738393e+02
1.374514514514514531e+03 3.402520058339572984e+02
1.376506506506506412e+03 3.405990361275088389e+02
1.378498498498498520e+03 3.409457653933335450e+02
1.380490490490490401e+03 3.412921943809024583e+02
1.382482482482482510e+03 3.416383238363633268e+02
1.384474474474474391e+03 3.419841545032958834e+02
1.386466466466466500e+03 3.423296871219072273e+02
1.388458458458458381e+03 3.426749224296972329e+02
1.390450450450450489e+03 3.430198611610853163e+02
1.392442442442442371e+03 3.433645040475044539e+02
1.394434434434434479e+03 3.437088518176895491e+02
1.396426426426426360e+03 3.440529051973307446e+02
1.398418418418418469e+03 3.443966649090942838e+02
1.400410410410410350e+03 3.447401316731295537e+02
1.402402402402402458e+03 3.450833062063426269e+02
1.404394394394394340e+03 3.454261892231315301e+02
1.406386386386386448e+03 3.457687814348450956e+02
1.408378378378378329e+03 3.461110835500793428e+02
1.410370370370370438e+03 3.464530962746743512e+02
1.412362362362362319e+03 3.467948203117405797e+02
1.414354354354354427e+03 3.471362563614941337e+02
1.416346346346346309e+03 3.474774051213926782e+02
1.418338338338338417e+03 3.478332233148191790e+02
1.420330330330330298e+03 3.481960076272032438e+02
1.422322322322322179e+03 3.485585005926512281e+02
1.424314314314314288e+03 3.489207028566852387e+02
1.426306306306306169e+03 3.492826150627261086e+02
1.428298298298298278e+03 3.496442378517766087e+02
1.430290290290290159e+03 3.500055718625883969e+02
1.432282282282282267e+03 3.503666177316806625e+02
1.434274274274274148e+03 3.507273760934180018e+02
1.436266266266266257e+03 3.510878475797323972e+02
1.438258258258258138e+03 3.514480328204982129e+02
1.440250250250250247e+03 3.518079324433435886e+02
1.442242242242242128e+03 3.521675470736798843e+02
1.444234234234234236e+03 3.525268773346728040e+02
1.446226226226226117e+03 3.528859238473830828e+02
1.448218218218218226e+03 3.532446872306475711e+02
1.450210210210210107e+03 3.536031681012252648e+02
1.452202202202202216e+03 3.539613670736124504e+02
1.454194194194194097e+03 3.543192847603027076e+02
1.456186186186186205e+03 3.546769217715469154e+02
1.458178178178178086e+03 3.550342787155004771e+02
1.460170170170170195e+03 3.553913561982062674e+02
1.462162162162162076e+03 3.557481548236161757e+02
1.464154154154154185e+03 3.561046751937173553e+02
1.466146146146146066e+03 3.564609179081064667e+02
1.468138138138138174e+03 3.568168835646895332e+02
1.470130130130130055e+03 3.571725727590234101e+02
1.472122122122122164e+03 3.575279860847894611e+02
1.474114114114114045e+03 3.578831241335882964e+02
1.476106106106106154e+03 3.582379874947845906e+02
1.478098098098098035e+03 3.585925767561593602e+02
1.480090090090090143e+03 3.589468925031547997e+02
1.482082082082082024e+03 3.593009353192019262e+02
1.484074074074074133e+03 3.596547057857730465e+02
1.486066066066066014e+03 3.600082044825882690e+02
1.488058058058058123e+03 3.603614319871695102e+02
1.490050050050050004e+03 3.607143888749569669e+02
1.492042042042042112e+03 3.610670757197690364e+02
1.494034034034033994e+03 3.614194930932976604e+02
1.496026026026026102e+03 3.617716415652124056e+02
1.498018018018017983e+03 3.621235217033352001e+02
1.500010010010010092e+03 3.624751340737996088e+02
1.502002002002001973e+03 3.628264792403246588e+02
1.503993993993993854e+03 3.631775577652733205e+02
1.505985985985985963e+03 3.635283702086369999e+02
1.507977977977977844e+03 3.638789171289560613e+02
1.509969969969969952e+03 3.642291990824451773e+02
1.511961961961961833e+03 3.645792166239541530e+02
1.513953953953953942e+03 3.649289703059303633e+02
1.515945945945945823e+03 3.652784606795913760e+02
1.517937937937937932e+03 3.656276882937601727e+02
1.519929929929929813e+03 3.659766536956063874e+02
1.521921921921921921e+03 3.663253574306712039e+02
1.523913913913913802e+03 3.666738000424348911e+02
1.525905905905905911e+03 3.670219820726635476e+02
1.527897897897897792e+03 3.673699040613647639e+02
1.529889889889889901e+03 3.677175665466563714e+02
1.531881881881881782e+03 3.680649700649875058e+02
1.533873873873873890e+03 3.684121151509148149e+02
1.535865865865865771e+03 3.687590023372522978e+02
1.537857857857857880e+03 3.691056321553040220e+02
1.539849849849849761e+03 3.694520051341868339e+02
1.541841841841841870e+03 3.697981218015313516e+02
1.543833833833833751e+03 3.701439826833341158e+02
1.545825825825825859e+03 3.704895883036214741e+02
1.547817817817817740e+03 3.708349391848224741e+02
1.549809809809809849e+03 3.711800358477087229e+02
1.551801801801801730e+03 3.715248788112322131e+02
1.553793793793793839e+03 3.718694685926358829e+02
1.555785785785785720e+03 3.722138057075749771e+02
1.557777777777777828e+03 3.725578906700933430e+02
1.559769769769769709e+03 3.729017239924826299e+02
1.561761761761761818e+03 3.732453061850894187e+02
1.563753753753753699e+03 3.735886377570219565e+02
1.565745745745745808e+03 3.739317192156668739e+02
1.567737737737737689e+03 3.742745510665423581e+02
1.569729729729729797e+03 3.746171338136332452e+02
1.571721721721721678e+03 3.749594679593930664e+02
1.573713713713713787e+03 3.753015540046054070e+02
1.575705705705705668e+03 3.756433924482986981e+02
1.577697697697697777e+03 3.759849837881283747e+02
1.579689689689689658e+03 3.763263285199640791e+02
1.581681681681681539e+03 3.766674271382462393e+02
1.583673673673673647e+03 3.770082801356045366e+02
1.585665665665665529e+03 3.773488880032672341e+02
1.587657657657657637e+03 3.776892512309069616e+02
1.589649649649649518e+03 3.780293703065139539e+02
1.591641641641641627e+03 3.783692457165429914e+02
1.593633633633633508e+03 3.787088779459332955e+02
1.595625625625625617e+03 3.790482674780876664e+02
1.597617617617617498e+03 3.793874147949354096e+02
1.599609609609609606e+03 3.797263203766938773e+02
1.601601601601601487e+03 3.800649847021428513e+02
1.603593593593593596e+03 3.804034082485404724e+02
1.605585585585585477e+03 3.807415914918502722e+02
1.607577577577577586e+03 3.810795349061326647e+02
1.609569569569569467e+03 3.814172389641205427e+02
1.611561561561561575e+03 3.817547041372572494e+02
1.613553553553553456e+03 3.820919308951778817e+02
1.615545545545545565e+03 3.824289197062585686e+02
1.617537537537537446e+03 3.827656710373597662e+02
1.619529529529529555e+03 3.831021853537404809e+02
1.621521521521521436e+03 3.834384631194149620e+02
1.623513513513513544e+03 3.837745047967438268e+02
1.625505505505505425e+03 3.841103108468096252e+02
1.627497497497497534e+03 3.844458817291440482e+02
1.629489489489489415e+03 3.847812179018280290e+02
1.631481481481481524e+03 3.851163198215618308e+02
1.633473473473473405e+03 3.854511879437852713e+02
1.635465465465465513e+03 3.857858227222276355e+02
1.637457457457457394e+03 3.861202246092661312e+02
1.639449449449449503e+03 3.864543940560122337e+02
1.641441441441441384e+03 3.867883315121426904e+02
1.643433433433433493e+03 3.871220374259783625e+02
1.645425425425425374e+03 3.874555122442075685e+02
1.647417417417417482e+03 3.877887564125380777e+02
1.649409409409409363e+03 3.881217703748164354e+02
1.651401401401401472e+03 3.884545545742112154e+02
1.653393393393393353e+03 3.887871094514519541e+02
1.655385385385385462e+03 3.891194354470700887e+02
1.657377377377377343e+03 3.894515329996339119e+02
1.659369369369369224e+03 3.897834025464393335e+02
1.661361361361361332e+03 3.901150445233555502e+02
1.663353353353353214e+03 3.904464593652216990e+02
1.665345345345345322e+03 3.907776475052205001e+02
1.667337337337337203e+03 3.911086093754571493e+02
1.669329329329329312e+03 3.914393454064046978e+02
1.671321321321321193e+03 3.917698560277577826e+02
1.673313313313313301e+03 3.921001416672123696e+02
1.675305305305305183e+03 3.924302027518455134e+02
1.677297297297297291e+03 3.927600397068708844e+02
1.679289289289289172e+03 3.930896529566090294e+02
1.681281281281281281e+03 3.934190429238173010e+02
1.683273273273273162e+03 3.937482100303062680e+02
1.685265265265265271e+03 3.940771546961654508e+02
1.687257257257257152e+03 3.944058773406131877e+02
1.689249249249249260e+03 3.947343783812987112e+02
1.691241241241241141e+03 3.950626582348760394e+02
1.693233233233233250e+03 3.953907173167876294e+02
1.695225225225225131e+03 3.957185560406343257e+02
1.697217217217217240e+03 3.960461748195909308e+02
1.699209209209209121e+03 3.963735740650809589e+02
1.701201201201201229e+03 3.967007541873936134e+02
1.703193193193193110e+03 3.970277155956039223e+02
1.705185185185185219e+03 3.973544586976817072e+02
1.707177177177177100e+03 3.976809839000913485e+02
1.709169169169169209e+03 3.980072916084795338e+02
1.711161161161161090e+03 3.983333822270794826e+02
1.713153153153153198e+03 3.986592561586977013e+02
1.715145145145145079e+03 3.989849138053303932e+02
1.717137137137137188e+03 3.993103555674755967e+02
1.719129129129129069e+03 3.996355818447821662e+02
1.721121121121121178e+03 3.999605930353371832e+02
1.723113113113113059e+03 4.002853895363267043e+02
1.725105105105105167e+03 4.006099717436288188e+02
1.727097097097097048e+03 4.009343400519916827e+02
1.729089089089089157e+03 4.012584948549638284e+02
1.731081081081081038e+03 4.015824365448785329e+02
1.733073073073073147e+03 4.019061655131984594e+02
1.735065065065065028e+03 4.022296821498363215e+02
1.737057057057056909e+03 4.025529868438703147e+02
1.739049049049049017e+03 4.028760799830449741e+02
1.741041041041040899e+03 4.031989619542307537e+02
1.743033033033033007e+03 4.035216331426684064e+02
1.745025025025024888e+03 4.038440939330039896e+02
1.747017017017016997e+03 4.041663447084735026e+02
1.749009009009008878e+03 4.044883858513611017e+02
1.751001001001000986e+03 4.048102177425495256e+02
1.752992992992992868e+03 4.051318407622042628e+02
1.754984984984984976e+03 4.054532552890474335e+02
1.756976976976976857e+03 4.057744617007118109e+02
1.758968968968968966e+03 4.060954603741946016e+02
1.760960960960960847e+03 4.064162516848799669e+02
1.762952952952952955e+03 4.067368360071267830e+02
1.764944944944944837e+03 4.070572137144374665e+02
1.766936936936936945e+03 4.073773851792043956e+02
1.768928928928928826e+03 4.076973507725842296e+02
1.770920920920920935e+03 4.080171108647612641e+02
1.772912912912912816e+03 4.083366658248158956e+02
1.774904904904904924e+03 4.086560160207980630e+02
1.776896896896896806e+03 4.089751618196655158e+02
1.778888888888888914e+03 4.092941035875309126e+02
1.780880880880880795e+03 4.096128416890709332e+02
1.782872872872872904e+03 4.099313764881331394e+02
1.784864864864864785e+03 4.102497083475004160e+02
1.786856856856856894e+03 4.105678376291813834e+02
1.788848848848848775e+03 4.108857646936196488e+02
1.790840840840840883e+03 4.112034899006068827e+02
1.792832832832832764e+03 4.115210136087559363e+02
1.794824824824824873e+03 4.118383361757522039e+02
1.796816816816816754e+03 4.121554579583152531e+02
1.798808808808808863e+03 4.124723793120057280e+02
1.800800800800800744e+03 4.127891005913035656e+02
1.802792792792792852e+03 4.131056221500597303e+02
1.804784784784784733e+03 4.134219443406065011e+02
1.806776776776776842e+03 4.137380675147403508e+02
1.808768768768768723e+03 4.140539920230476696e+02
1.810760760760760832e+03 4.143697182149937248e+02
1.812752752752752713e+03 4.146852464394702906e+02
1.814744744744744594e+03 4.150005770439764206e+02
1.816736736736736702e+03 4.153157103751300951e+02
1.818728728728728584e+03 4.156306467787336487e+02
1.820720720720720692e+03 4.159453865996109130e+02
1.822712712712712573e+03 4.162599301813215789e+02
1.824704704704704682e+03 4.165742778666908634e+02
1.826696696696696563e+03 4.168884299976447778e+02
1.828688688688688671e+03 4.172023869149986695e+02
1.830680680680680553e+03 4.175161489588129484e+02
1.832672672672672661e+03 4.178297164679166258e+02
1.834664664664664542e+03 4.181430897804140159e+02
1.836656656656656651e+03 4.184562692335226188e+02
1.838648648648648532e+03 4.187692551630787534e+02
1.840640640640640640e+03 4.190820479046409446e+02
1.842632632632632522e+03 4.193946477924229157e+02
1.844624624624624630e+03 4.197070551596223140e+02
1.846616616616616511e+03 4.200192703388345876e+02
1.848608608608608620e+03 4.203312936613690454e+02
1.850600600600600501e+03 4.206431254582757333e+02
1.852592592592592609e+03 4.209547660588047506e+02
1.854584584584584491e+03 4.212662157920136679e+02
1.856576576576576599e+03 4.215774749855653454e+02
1.858568568568568480e+03 4.218885439666162824e+02
1.860560560560560589e+03 4.221994230612104388e+02
1.862552552552552470e+03 4.225101125944239016e+02
1.864544544544544578e+03 4.228206128906909953e+02
1.866536536536536460e+03 4.231309242731336440e+02
1.868528528528528568e+03 4.234410470646733415e+02
1.870520520520520449e+03 4.237509815865656719e+02
1.872512512512512558e+03 4.240607281598216218e+02
1.874504504504504439e+03 4.243702871040620153e+02
1.876496496496496547e+03 4.246796587384848749e+02
1.878488488488488429e+03 4.249888433813264896e+02
1.880480480480480537e+03 4.252978413496284702e+02
1.882472472472472418e+03 4.256066529598017496e+02
1.884464464464464527e+03 4.259152785273020640e+02
1.886456456456456408e+03 4.262237183671865068e+02
1.888448448448448517e+03 4.265319727929228861e+02
1.890440440440440398e+03 4.268400421177397561e+02
1.892432432432432506e+03 4.271479266535957890e+02
1.894424424424424387e+03 4.274556267118404094e+02
1.896416416416416268e+03 4.277631426027728025e+02
1.898408408408408377e+03 4.280704746363640538e+02
1.900400400400400258e+03 4.283776231212328298e+02
1.902392392392392367e+03 4.286845883651604368e+02
1.904384384384384248e+03 4.289913706754032887e+02
1.906376376376376356e+03 4.292979703582929574e+02
1.908368368368368237e+03 4.296043877191330012e+02
1.910360360360360346e+03 4.299106230628312346e+02
1.912352352352352227e+03 4.302166766930514541e+02
1.914344344344344336e+03 4.305225489126684693e+02
1.916336336336336217e+03 4.308282400241753294e+02
1.918328328328328325e+03 4.311337503288858670e+02
1.920320320320320207e+03 4.314390801273547709e+02
1.922312312312312315e+03 4.317442297195445917e+02
1.924304304304304196e+03 4.320491994040273767e+02
1.926296296296296305e+03 4.323539894794665770e+02
1.928288288288288186e+03 4.326586002430216809e+02
1.930280280280280294e+03 4.329630319916922758e+02
1.932272272272272176e+03 4.332672850206271278e+02
1.934264264264264284e+03 4.335713596254271351e+02
1.936256256256256165e+03 4.338752561000594596e+02
1.938248248248248274e+03 4.341789747382861719e+02
1.940240240240240155e+03 4.344825158327881809e+02
1.942232232232232263e+03 4.347858796752377089e+02
1.944224224224224145e+03 4.350890665571097884e+02
1.946216216216216253e+03 4.353920767685017381e+02
1.948208208208208134e+03 4.356949105993282387e+02
1.950200200200200243e+03 4.359975683384382137e+02
1.952192192192192124e+03 4.363000502738647697e+02
1.954184184184184232e+03 4.366023566929479784e+02
1.956176176176176114e+03 4.369044878822767828e+02
1.958168168168168222e+03 4.372064441278805589e+02
1.960160160160160103e+03 4.375082257148785061e+02
1.962152152152152212e+03 4.378098329271685429e+02
1.964144144144144093e+03 4.381112660489207542e+02
1.966136136136136201e+03 4.384125253629011922e+02
1.968128128128128083e+03 4.387136111510411638e+02
1.970120120120120191e+03 4.390145236949850300e+02
1.972112112112112072e+03 4.393152632753648845e+02
1.974104104104103953e+03 4.396158301719148085e+02
1.976096096096096062e+03 4.399162246641313914e+02
1.978088088088087943e+03 4.402164470304852557e+02
1.980080080080080052e+03 4.405164975487759307e+02
1.982072072072071933e+03 4.408163764957520243e+02
1.984064064064064041e+03 4.411160841479684223e+02
1.986056056056055922e+03 4.414156207811557238e+02
1.988048048048048031e+03 4.417149866700523262e+02
1.990040040040039912e+03 4.420141820889786004e+02
1.992032032032032021e+03 4.423132073112608964e+02
1.994024024024023902e+03 4.426120626101461539e+02
1.996016016016016010e+03 4.429107482570223056e+02
1.998008008008007891e+03 4.432092645239001172e+02
2.000000000000000000e+03 4.435076116811148381e+02
