1.000000000000000000e+01 -9.482242254540054205e+01
8.307007007007007360e+02 -9.960488323537030908e+01
8.346846846846846120e+02 -9.912946507229928272e+01
8.386686686686686016e+02 -9.865856373075295949e+01
8.426526526526525913e+02 -9.819211514538525876e+01
8.466366366366365810e+02 -9.773005645672891717e+01
8.506206206206205707e+02 -9.727232598295630339e+01
8.546046046046045603e+02 -9.681886319242958905e+01
8.585885885885885500e+02 -9.636960867701583311e+01
8.625725725725725397e+02 -9.592450412614076072e+01
8.665565565565565294e+02 -9.548349230155919543e+01
8.705405405405405190e+02 -9.504651701281721898e+01
8.745245245245245087e+02 -9.461352309338610667e+01
8.785085085085084984e+02 -9.418445637744468968e+01
8.824924924924924881e+02 -9.375926367729127264e+01
8.864764764764764777e+02 -9.333789276136444357e+01
8.904604604604604674e+02 -9.292029233285380485e+01
8.944444444444444571e+02 -9.250641200888229321e+01
8.984284284284284468e+02 -9.209620230024262355e+01
9.024124124124124364e+02 -9.168961459167036310e+01
9.063963963963964261e+02 -9.128660112263719384e+01
9.103803803803804158e+02 -9.088711496864850403e+01
9.143643643643642918e+02 -9.049111002303003204e+01
9.183483483483482814e+02 -9.009854097918835691e+01
9.223323323323322711e+02 -8.970936331333150804e+01
9.263163163163162608e+02 -8.932353326763502821e+01
9.303003003003002505e+02 -8.894100783384097042e+01
9.342842842842842401e+02 -8.856174473727624274e+01
9.382682682682682298e+02 -8.818570242127829317e+01
9.422522522522522195e+02 -8.781284003201577093e+01
9.462362362362362092e+02 -8.744311740369280983e+01
9.502202202202201988e+02 -8.707649504412523811e+01
9.542042042042041885e+02 -8.671293412067846873e+01
9.581881881881881782e+02 -8.635239644655595725e+01
9.621721721721721678e+02 -8.599484446742832233e+01
9.661561561561561575e+02 -8.564024124839333751e+01
9.701401401401401472e+02 -8.528855046125730155e+01
9.741241241241241369e+02 -8.493973637212839378e+01
9.781081081081081265e+02 -8.459376382931314708e+01
9.820920920920921162e+02 -8.425059825150772497e+01
9.860760760760761059e+02 -8.391020561627541952e+01
9.900600600600600956e+02 -8.357255244880218470e+01
9.940440440440439716e+02 -8.323760581092268751e+01
9.980280280280279612e+02 -8.290533329040927413e+01
1.002012012012011951e+03 -8.257570299051636198e+01
1.005995995995995941e+03 -8.224868351977309544e+01
1.009979979979979930e+03 -8.192424398201806923e+01
1.013963963963963920e+03 -8.160235396666840302e+01
1.017947947947947910e+03 -8.128298353921782393e+01
1.021931931931931899e+03 -8.096610323195655212e+01
1.025915915915915775e+03 -8.065168403490790183e+01
1.029899899899899992e+03 -8.033969738697480523e+01
1.033883883883883755e+03 -8.003011516729127095e+01
1.037867867867867744e+03 -7.972290968677293677e+01
1.041851851851851734e+03 -7.941805367986161457e+01
1.045835835835835724e+03 -7.911552029645839923e+01
1.049819819819819713e+03 -7.881528309404041011e+01
1.053803803803803703e+03 -7.851731602995656090e+01
1.057787787787787693e+03 -7.822159345389718510e+01
1.061771771771771682e+03 -7.792809010053341012e+01
1.065755755755755672e+03 -7.763678108232139152e+01
1.069739739739739662e+03 -7.734764188246769834e+01
1.073723723723723651e+03 -7.706064834805087571e+01
1.077707707707707641e+03 -7.677577668329581684e+01
1.081691691691691631e+03 -7.649300344299679466e+01
1.085675675675675620e+03 -7.621230552608523112e+01
1.089659659659659610e+03 -7.593366016933845231e+01
1.093643643643643600e+03 -7.565704494122627466e+01
1.097627627627627589e+03 -7.538243773589118746e+01
1.101611611611611579e+03 -7.510981676725951672e+01
1.105595595595595569e+03 -7.483916056327969102e+01
1.109579579579579558e+03 -7.457044796028466749e+01
1.113563563563563548e+03 -7.430365809747561912e+01
1.117547547547547538e+03 -7.403877041152314575e+01
1.121531531531531527e+03 -7.377576463128387729e+01
1.125515515515515517e+03 -7.351462077262938521e+01
1.129499499499499507e+03 -7.325531913338421930e+01
1.133483483483483496e+03 -7.299784028837088101e+01
1.137467467467467486e+03 -7.274216508455887720e+01
1.141451451451451476e+03 -7.248827463631536716e+01
1.145435435435435465e+03 -7.223615032075501574e+01
1.149419419419419455e+03 -7.198577377318640913e+01
1.153403403403403445e+03 -7.173712688265287341e+01
1.157387387387387435e+03 -7.149019178756543624e+01
1.161371371371371424e+03 -7.124495087142564387e+01
1.165355355355355414e+03 -7.100138675863625792e+01
1.169339339339339404e+03 -7.075948231039726011e+01
1.173323323323323393e+03 -7.051922062068570085e+01
1.177307307307307383e+03 -7.028058501231731725e+01
1.181291291291291373e+03 -7.004355903308741915e+01
1.185275275275275362e+03 -6.980812645198993494e+01
1.189259259259259125e+03 -6.957427125551252800e+01
1.193243243243243114e+03 -6.934197764400552444e+01
1.197227227227227104e+03 -6.911123002812367133e+01
1.201211211211211094e+03 -6.888201302533876458e+01
1.205195195195195083e+03 -6.865431145652105727e+01
1.209179179179179073e+03 -6.842811034258862435e+01
1.213163163163163063e+03 -6.820339490122262305e+01
1.217147147147147052e+03 -6.798015054364707055e+01
1.221131131131131042e+03 -6.775836287147147630e+01
1.225115115115115032e+03 -6.753801767359547625e+01
1.229099099099099021e+03 -6.731910092317328065e+01
1.233083083083083011e+03 -6.710159877463715361e+01
1.237067067067067001e+03 -6.688549756077840414e+01
1.241051051051050990e+03 -6.667078378988455256e+01
1.245035035035034980e+03 -6.645744414293149305e+01
1.249019019019018970e+03 -6.624546547082937309e+01
1.253003003003002959e+03 -6.603483479172099635e+01
1.256986986986986949e+03 -6.582553928833169721e+01
1.260970970970970939e+03 -6.561756630536932278e+01
1.264954954954954928e+03 -6.541090334697335607e+01
1.268938938938938918e+03 -6.520553807421234183e+01
1.272922922922922908e+03 -6.500145830262790980e+01
1.276906906906906897e+03 -6.479865199982499746e+01
1.280890890890890887e+03 -6.459710728310717798e+01
1.284874874874874877e+03 -6.439681241715562976e+01
1.288858858858858866e+03 -6.419775581175142065e+01
1.292842842842842856e+03 -6.399992601953991311e+01
1.296826826826826846e+03 -6.380331173383616061e+01
1.300810810810810835e+03 -6.360790178647086890e+01
1.304794794794794825e+03 -6.341368514567564318e+01
1.308778778778778815e+03 -6.322065091400702386e+01
1.312762762762762804e+03 -6.302878832630809569e+01
1.316746746746746794e+03 -6.283808674770740765e+01
1.320730730730730784e+03 -6.264853567165381776e+01
1.324714714714714773e+03 -6.246012471798695742e+01
1.328698698698698763e+03 -6.227284363104239873e+01
1.332682682682682753e+03 -6.208668227779078563e+01
1.336666666666666742e+03 -6.190163064601016885e+01
1.340650650650650732e+03 -6.171767884249110381e+01
1.344634634634634494e+03 -6.153481709127349575e+01
1.348618618618618484e+03 -6.135303573191474413e+01
1.352602602602602474e+03 -6.117232521778854704e+01
1.356586586586586463e+03 -6.099267611441361936e+01
1.360570570570570453e+03 -6.081407909781180621e+01
1.364554554554554443e+03 -6.063652495289487376e+01
1.368538538538538432e+03 -6.046000457187970056e+01
1.372522522522522422e+03 -6.028450895273075361e+01
1.376506506506506412e+03 -6.011002919762986352e+01
1.380490490490490401e+03 -5.993655651147244612e+01
1.384474474474474391e+03 -5.976408220038954511e+01
1.388458458458458381e+03 -5.959259767029551114e+01
1.392442442442442371e+03 -5.942209442546045040e+01
1.396426426426426360e+03 -5.925256406710735035e+01
1.400410410410410350e+03 -5.908399829203276710e+01
1.404394394394394340e+03 -5.891638889125138689e+01
1.408378378378378329e+03 -5.874972774866326830e+01
1.412362362362362319e+03 -5.858400683974397793e+01
1.416346346346346309e+03 -5.841921823025644755e+01
1.420330330330330298e+03 -5.825535407498485085e+01
1.424314314314314288e+03 -5.809240661648951232e+01
1.428298298298298278e+03 -5.793036818388274867e+01
1.432282282282282267e+03 -5.776923119162508158e+01
1.436266266266266257e+03 -5.760898813834165821e+01
1.440250250250250247e+03 -5.744963160565798432e+01
1.444234234234234236e+03 -5.729115425705526832e+01
1.448218218218218226e+03 -5.713354883674445261e+01
1.452202202202202216e+03 -5.697680816855886121e+01
1.456186186186186205e+03 -5.682092515486500162e+01
1.460170170170170195e+03 -5.666589277549119430e+01
1.464154154154154185e+03 -5.651170408667371703e+01
1.468138138138138174e+03 -5.635835222002001643e+01
1.472122122122122164e+03 -5.620583038148897259e+01
1.476106106106106154e+03 -5.605413185038738533e+01
1.480090090090090143e+03 -5.590324997838293086e+01
1.484074074074074133e+03 -5.575317818853274332e+01
1.488058058058058123e+03 -5.560390997432798343e+01
1.492042042042042112e+03 -5.545543889875332866e+01
1.496026026026026102e+03 -5.530775859336163336e+01
1.500010010010010092e+03 -5.516086275736349620e+01
1.503993993993993854e+03 -5.501474515673100996e+01
1.507977977977977844e+03 -5.486939962331593534e+01
1.511961961961961833e+03 -5.472482005398176597e+01
1.515945945945945823e+03 -5.458100040974938594e+01
1.519929929929929813e+03 -5.443793471495628467e+01
1.523913913913913802e+03 -5.429561705642887404e+01
1.527897897897897792e+03 -5.415404158266786538e+01
1.531881881881881782e+03 -5.401320250304620885e+01
1.535865865865865771e+03 -5.387309408701959512e+01
1.539849849849849761e+03 -5.373371066334924251e+01
1.543833833833833751e+03 -5.359504661933667791e+01
1.547817817817817740e+03 -5.345709640007034125e+01
1.551801801801801730e+03 -5.331985450768378598e+01
1.555785785785785720e+03 -5.318331550062524826e+01
1.559769769769769709e+03 -5.304747399293853505e+01
1.563753753753753699e+03 -5.291232465355479064e+01
1.567737737737737689e+03 -5.277786220559502794e+01
1.571721721721721678e+03 -5.264408142568338889e+01
1.575705705705705668e+03 -5.251097714327072197e+01
1.579689689689689658e+03 -5.237854423996856923e+01
1.583673673673673647e+03 -5.224677764889278109e+01
1.587657657657657637e+03 -5.211567235401763298e+01
1.591641641641641627e+03 -5.198522338953918620e+01
1.595625625625625617e+03 -5.185542583924816995e+01
1.599609609609609606e+03 -5.172627483591264763e+01
1.603593593593593596e+03 -5.159776556066939435e+01
1.607577577577577586e+03 -5.146989324242468200e+01
1.611561561561561575e+03 -5.134265315726374013e+01
1.615545545545545565e+03 -5.121604062786907008e+01
1.619529529529529555e+03 -5.109005102294735678e+01
1.623513513513513544e+03 -5.096467975666461570e+01
1.627497497497497534e+03 -5.083992228808990177e+01
1.631481481481481524e+03 -5.071577412064716128e+01
1.635465465465465513e+03 -5.059223080157467223e+01
1.639449449449449503e+03 -5.046928792139306097e+01
1.643433433433433493e+03 -5.034694111338038169e+01
1.647417417417417482e+03 -5.022518605305526052e+01
1.651401401401401472e+03 -5.010401845766738660e+01
1.655385385385385462e+03 -4.998343408569523660e+01
1.659369369369369224e+03 -4.986342873635121720e+01
1.663353353353353214e+03 -4.974399824909386325e+01
1.667337337337337203e+03 -4.962513850314694253e+01
1.671321321321321193e+03 -4.950684541702558050e+01
1.675305305305305183e+03 -4.938911494806902880e+01
1.679289289289289172e+03 -4.927194309198011979e+01
1.683273273273273162e+03 -4.915532588237130796e+01
1.687257257257257152e+03 -4.903925939031707770e+01
1.691241241241241141e+03 -4.892373972391271764e+01
1.695225225225225131e+03 -4.880876302783933340e+01
1.699209209209209121e+03 -4.869432548293486462e+01
1.703193193193193110e+03 -4.858042330577129064e+01
1.707177177177177100e+03 -4.846705274823759169e+01
1.711161161161161090e+03 -4.835421009712874962e+01
1.715145145145145079e+03 -4.824189167374026255e+01
1.719129129129129069e+03 -4.813009383346826553e+01
1.723113113113113059e+03 -4.801881296541561284e+01
1.727097097097097048e+03 -4.790804549200274209e+01
1.731081081081081038e+03 -4.779778786858459938e+01
1.735065065065065028e+03 -4.768803658307233917e+01
1.739049049049049017e+03 -4.757878815556046703e+01
1.743033033033033007e+03 -4.747003913795909114e+01
1.747017017017016997e+03 -4.736178611363098412e+01
1.751001001001000986e+03 -4.725402569703402378e+01
1.754984984984984976e+03 -4.714675453336798938e+01
1.758968968968968966e+03 -4.703996929822660888e+01
1.762952952952952955e+03 -4.693366669725399731e+01
1.766936936936936945e+03 -4.682784346580600499e+01
1.770920920920920935e+03 -4.672249636861585742e+01
1.774904904904904924e+03 -4.661762219946464114e+01
1.778888888888888914e+03 -4.651321778085586089e+01
1.782872872872872904e+03 -4.640927996369457276e+01
1.786856856856856894e+03 -4.630580562697080182e+01
1.790840840840840883e+03 -4.620279167744709525e+01
1.794824824824824873e+03 -4.610023504935040251e+01
1.798808808808808863e+03 -4.599813270406772858e+01
1.802792792792792852e+03 -4.589648162984623525e+01
1.806776776776776842e+03 -4.579527884149694472e+01
1.810760760760760832e+03 -4.569452138010269238e+01
1.814744744744744594e+03 -4.559420631272955404e+01
1.818728728728728584e+03 -4.549433073214235179e+01
1.822712712712712573e+03 -4.539489175652386876e+01
1.826696696696696563e+03 -4.529588652919757408e+01
1.830680680680680553e+03 -4.519731221835403545e+01
1.834664664664664542e+03 -4.509916601678101955e+01
1.838648648648648532e+03 -4.500144514159699582e+01
1.842632632632632522e+03 -4.490414683398799411e+01
1.846616616616616511e+03 -4.480726835894814997e+01
1.850600600600600501e+03 -4.471080700502326266e+01
1.854584584584584491e+03 -4.461476008405799121e+01
1.858568568568568480e+03 -4.451912493094600620e+01
1.862552552552552470e+03 -4.442389890338355940e+01
1.866536536536536460e+03 -4.432907938162612993e+01
1.870520520520520449e+03 -4.423466376824807611e+01
1.874504504504504439e+03 -4.414064948790564813e+01
1.878488488488488429e+03 -4.404703398710269369e+01
1.882472472472472418e+03 -4.395381473395942606e+01
1.886456456456456408e+03 -4.386098921798436123e+01
1.890440440440440398e+03 -4.376855494984870631e+01
1.894424424424424387e+03 -4.367650946116403077e+01
1.898408408408408377e+03 -4.358485030426245288e+01
1.902392392392392367e+03 -4.349357505197961871e+01
1.906376376376376356e+03 -4.340268129744063685e+01
1.910360360360360346e+03 -4.331216665384828701e+01
1.914344344344344336e+03 -4.322202875427428381e+01
1.918328328328328325e+03 -4.313226525145285706e+01
1.922312312312312315e+03 -4.304287381757702491e+01
1.926296296296296305e+03 -4.295385214409741792e+01
1.930280280280280294e+03 -4.286519794152346208e+01
1.934264264264264284e+03 -4.277690893922713400e+01
1.938248248248248274e+03 -4.268898288524913198e+01
1.942232232232232263e+03 -4.260141754610742026e+01
1.946216216216216253e+03 -4.251421070660799728e+01
1.950200200200200243e+03 -4.242736016965828583e+01
1.954184184184184232e+03 -4.234086375608240616e+01
1.958168168168168222e+03 -4.225471930443906388e+01
1.962152152152152212e+03 -4.216892467084147711e+01
1.966136136136136201e+03 -4.208347772877947790e+01
1.970120120120120191e+03 -4.199837636894380921e+01
1.974104104104103953e+03 -4.191361849905268144e+01
1.978088088088087943e+03 -4.182920204368014083e+01
1.982072072072071933e+03 -4.174512494408676133e+01
1.986056056056055922e+03 -4.166138515805227627e+01
1.990040040040039912e+03 -4.157798065971014267e+01
1.994024024024023902e+03 -4.149490943938432252e+01
1.998008008008007891e+03 -4.141216950342772662e+01
