4.585585585585585733e+01 -9.643438599608866468e+01
4.983983983983983990e+01 -8.867345698243032359e+01
5.382382382382382247e+01 -8.085356810903294900e+01
5.780780780780780503e+01 -7.345502787120078381e+01
6.179179179179178760e+01 -6.658860804508307751e+01
6.577577577577577017e+01 -6.012573988831728400e+01
6.975975975975975985e+01 -5.396345012729157276e+01
7.374374374374374952e+01 -4.801829784532112200e+01
7.772772772772772498e+01 -4.222207644989023834e+01
8.171171171171171466e+01 -3.695869676779483370e+01
8.569569569569569012e+01 -3.306289374297566752e+01
8.967967967967967979e+01 -2.920461786079685140e+01
9.366366366366365526e+01 -2.537082714645192638e+01
9.764764764764764493e+01 -2.155128433829003143e+01
1.016316316316316346e+02 -1.773810534557853913e+01
1.056156156156156101e+02 -1.392539514938274081e+01
1.095995995995995997e+02 -1.010894758348774403e+01
1.135835835835835752e+02 -6.285992240271907505e+00
1.175675675675675649e+02 -2.454976668852493660e+00
1.215515515515515546e+02 1.393157085644106008e+00
1.255355355355355300e+02 5.238862550708216936e+00
1.295195195195195197e+02 9.069443013721238955e+00
1.335035035035035094e+02 1.288647686792736380e+01
1.374874874874874990e+02 1.669093772785635110e+01
1.414714714714714603e+02 2.048330050384049983e+01
1.454554554554554500e+02 2.426363377426308077e+01
1.494394394394394396e+02 2.803168022973300566e+01
1.534234234234234293e+02 3.178692658949077199e+01
1.574074074074073906e+02 3.552866413052869632e+01
1.613913913913913802e+02 3.925604079159965920e+01
1.653753753753753699e+02 4.296810569254468248e+01
1.693593593593593596e+02 4.666384682541554696e+01
