1.000000000000000000e+01 -2.320398905977880531e+03
1.199199199199199128e+01 -2.166557327024674123e+03
1.398398398398398434e+01 -2.015546972093546401e+03
1.597597597597597563e+01 -1.873456876464336574e+03
1.796796796796796869e+01 -1.742996239601667412e+03
1.995995995995995997e+01 -1.623463706596038264e+03
2.195195195195195126e+01 -1.514048416511397363e+03
2.394394394394394254e+01 -1.413934050936136146e+03
2.593593593593593738e+01 -1.322667690072845971e+03
2.792792792792792866e+01 -1.239954162930174107e+03
2.991991991991991995e+01 -1.164570544983642776e+03
3.191191191191191123e+01 -1.095530023285561356e+03
3.390390390390390252e+01 -1.032063844536338820e+03
3.589589589589589025e+01 -9.735956466111456393e+02
3.788788788788788509e+01 -9.197256999516546330e+02
3.987987987987987992e+01 -8.702213640369781160e+02
4.187187187187187476e+01 -8.250075017103660002e+02
4.386386386386386249e+01 -7.841468707897851118e+02
4.585585585585585733e+01 -7.477980120509797644e+02
4.784784784784784506e+01 -7.205299644923873075e+02
4.983983983983983990e+01 -6.982866824486284258e+02
5.183183183183182763e+01 -6.798334619961125327e+02
5.382382382382382247e+01 -6.649729228531392664e+02
5.581581581581581730e+01 -6.534148058986010028e+02
5.780780780780780503e+01 -6.448079984192343090e+02
5.979979979979979987e+01 -6.387788084996367388e+02
6.179179179179178760e+01 -6.349631656622195806e+02
6.378378378378378244e+01 -6.330274559088828710e+02
6.577577577577577017e+01 -6.326784615899048276e+02
6.776776776776776501e+01 -6.336654580322204993e+02
6.975975975975975985e+01 -6.357777224476724314e+02
7.175175175175175468e+01 -6.388399173326077971e+02
7.374374374374374952e+01 -6.429410296325701211e+02
7.573573573573573015e+01 -6.490281263859601495e+02
7.772772772772772498e+01 -6.555467337290174328e+02
7.971971971971971982e+01 -6.624401991710240054e+02
8.171171171171171466e+01 -6.696607037306393977e+02
8.370370370370369528e+01 -6.771677488339612410e+02
8.569569569569569012e+01 -6.849269092302251920e+02
8.768768768768768496e+01 -6.929088151926584942e+02
8.967967967967967979e+01 -7.010883126822445774e+02
9.167167167167167463e+01 -7.094437785932619818e+02
9.366366366366365526e+01 -7.179565553619180491e+02
9.565565565565565009e+01 -7.266104895577947218e+02
9.764764764764764493e+01 -7.353915459890937427e+02
9.963963963963963977e+01 -7.442874908519767132e+02
1.016316316316316346e+02 -7.532876273591550671e+02
1.036236236236236152e+02 -7.623825751078892381e+02
1.056156156156156101e+02 -7.715640852384260597e+02
1.076076076076076049e+02 -7.808248849966574880e+02
1.095995995995995997e+02 -7.901585465412520080e+02
1.115915915915915946e+02 -7.995593758123748103e+02
1.135835835835835752e+02 -8.090223180602803268e+02
1.155755755755755700e+02 -8.185428772584546095e+02
1.175675675675675649e+02 -8.281170471294299205e+02
1.195595595595595597e+02 -8.377412519172219163e+02
1.215515515515515546e+02 -8.474122953683943251e+02
1.235435435435435352e+02 -8.571273166497977627e+02
1.255355355355355300e+02 -8.668732885988176804e+02
1.275275275275275249e+02 -8.762917167085352048e+02
1.295195195195195197e+02 -8.857665090534319461e+02
1.315115115115115145e+02 -8.952949254376748058e+02
1.335035035035035094e+02 -9.048744832671002314e+02
1.354954954954955042e+02 -9.145029315008737285e+02
1.374874874874874990e+02 -9.241782271684163561e+02
1.394794794794794655e+02 -9.338985172032100763e+02
1.414714714714714603e+02 -9.436621168419952710e+02
1.434634634634634551e+02 -9.534674963046660423e+02
1.454554554554554500e+02 -9.633132657855697971e+02
1.474474474474474448e+02 -9.731981627653107125e+02
1.494394394394394396e+02 -9.831210406786649401e+02
1.514314314314314345e+02 -9.930808587759767079e+02
1.534234234234234293e+02 -1.003076673037017940e+03
1.554154154154154241e+02 -1.013107628014801321e+03
1.574074074074073906e+02 -1.023172949502652159e+03
1.593993993993993854e+02 -1.033271937931498087e+03
1.613913913913913802e+02 -1.043403962416012291e+03
1.633833833833833751e+02 -1.053568455378396038e+03
1.653753753753753699e+02 -1.063764907687251707e+03
1.673673673673673647e+02 -1.073992864256627399e+03
1.693593593593593596e+02 -1.084251920056809240e+03
1.713513513513513544e+02 -1.094541716494182992e+03
1.733433433433433493e+02 -1.104861938122428455e+03
1.753353353353353441e+02 -1.115212309651632495e+03
1.773273273273273105e+02 -1.125592593225719384e+03
1.793193193193193054e+02 -1.136002585941899724e+03
1.813113113113113002e+02 -1.146442118189498842e+03
1.833033033033032950e+02 -1.156911048667631121e+03
1.852952952952952899e+02 -1.167409268081295750e+03
1.872872872872872847e+02 -1.177936692258870835e+03
1.892792792792792795e+02 -1.188493262775032463e+03
1.912712712712712744e+02 -1.199078945440387088e+03
1.932632632632632692e+02 -1.209693727824236021e+03
1.952552552552552640e+02 -1.220337620532308620e+03
1.972472472472472305e+02 -1.231010653457562285e+03
1.992392392392392253e+02 -1.241712876140554272e+03
2.012312312312312201e+02 -1.252444356564206828e+03
2.032232232232232150e+02 -1.263205180307740875e+03
2.052152152152152098e+02 -1.273995449772939764e+03
2.072072072072072046e+02 -1.284815283476571494e+03
2.091991991991991995e+02 -1.295664815407793185e+03
2.111911911911911943e+02 -1.306544194428122864e+03
2.131831831831831892e+02 -1.317453583750464531e+03
2.151751751751751840e+02 -1.328393160438548193e+03
2.171671671671671504e+02 -1.339363114967883575e+03
2.191591591591591452e+02 -1.350363650823706621e+03
2.211511511511511401e+02 -1.361394984138314840e+03
2.231431431431431349e+02 -1.372457343364792678e+03
2.251351351351351298e+02 -1.383550968984687870e+03
2.271271271271271246e+02 -1.394676113247542844e+03
2.291191191191191194e+02 -1.405833039940264371e+03
2.311111111111111143e+02 -1.417101253221775323e+03
2.331031031031031091e+02 -1.428493039080381777e+03
2.350950950950951039e+02 -1.439899595311569328e+03
2.370870870870870704e+02 -1.451321459551234057e+03
2.390790790790790652e+02 -1.462759165281485821e+03
2.410710710710710600e+02 -1.474213242286529976e+03
2.430630630630630549e+02 -1.485684217092101335e+03
2.450550550550550497e+02 -1.497172613389686603e+03
2.470470470470470445e+02 -1.508678952446756966e+03
2.490390390390390394e+02 -1.520203753504105180e+03
2.510310310310310342e+02 -1.531747534161383555e+03
2.530230230230230291e+02 -1.543310810751785084e+03
2.550150150150150239e+02 -1.554894098706848354e+03
2.570070070070070187e+02 -1.566497912912275751e+03
2.589989989989990136e+02 -1.578122768055583265e+03
2.609909909909910084e+02 -1.589769178966420213e+03
2.629829829829830032e+02 -1.601437660950298095e+03
2.649749749749749981e+02 -1.613128730116473889e+03
2.669669669669669361e+02 -1.624842903700684928e+03
2.689589589589589309e+02 -1.636580700383405656e+03
2.709509509509509257e+02 -1.648342640604271992e+03
2.729429429429429206e+02 -1.660129246873304965e+03
2.749349349349349154e+02 -1.671941044079503172e+03
2.769269269269269103e+02 -1.683778559797446860e+03
2.789189189189189051e+02 -1.695642324592429759e+03
2.809109109109108999e+02 -1.707532872324698019e+03
2.829029029029028948e+02 -1.719450740453329672e+03
2.848948948948948896e+02 -1.731396470340311907e+03
2.868868868868868844e+02 -1.743370607555294100e+03
2.888788788788788793e+02 -1.755373702181604585e+03
2.908708708708708741e+02 -1.767406309123967958e+03
2.928628628628628690e+02 -1.779468988418524077e+03
2.948548548548548638e+02 -1.791562305545564186e+03
2.968468468468468586e+02 -1.803686831745598056e+03
2.988388388388388535e+02 -1.815843144339182800e+03
3.008308308308308483e+02 -1.828031827051090204e+03
3.028228228228228431e+02 -1.840253470339306432e+03
3.048148148148147811e+02 -1.852508671729422758e+03
3.068068068068067760e+02 -1.864798036154937563e+03
3.087987987987987708e+02 -1.877122176304036657e+03
3.107907907907907656e+02 -1.889481712973417416e+03
3.127827827827827605e+02 -1.901877275429735391e+03
3.147747747747747553e+02 -1.914309501779278435e+03
3.167667667667667502e+02 -1.926779039346458148e+03
3.187587587587587450e+02 -1.939286545061795778e+03
3.207507507507507398e+02 -1.951832685860033052e+03
3.227427427427427347e+02 -1.964418139089052602e+03
3.247347347347347295e+02 -1.977043592930317118e+03
3.267267267267267243e+02 -1.989709746831592383e+03
3.287187187187187192e+02 -2.002417311952683576e+03
3.307107107107107140e+02 -2.015167011625007717e+03
3.327027027027027088e+02 -2.027959581825875375e+03
3.346946946946947037e+02 -2.040795771668303360e+03
3.366866866866866985e+02 -2.053676343907325190e+03
3.386786786786786934e+02 -2.066602075463789788e+03
3.406706706706706882e+02 -2.079573757966592439e+03
3.426626626626626830e+02 -2.092592198314534016e+03
3.446546546546546210e+02 -2.105658219258834833e+03
3.466466466466466159e+02 -2.118772660007571631e+03
3.486386386386386107e+02 -2.131936376853273032e+03
3.506306306306306055e+02 -2.145150243825041798e+03
3.526226226226226004e+02 -2.158415153366606773e+03
3.546146146146145952e+02 -2.171732017041804738e+03
3.566066066066065900e+02 -2.185101766269115615e+03
3.585985985985985849e+02 -2.198525353086929954e+03
3.605905905905905797e+02 -2.212003750951359052e+03
3.625825825825825746e+02 -2.225537955568506732e+03
3.645745745745745694e+02 -2.239128985763252786e+03
3.665665665665665642e+02 -2.252777884386715868e+03
3.685585585585585591e+02 -2.266485719264727322e+03
3.705505505505505539e+02 -2.280253584189804315e+03
3.725425425425425487e+02 -2.294082599959269828e+03
3.745345345345345436e+02 -2.307973915462343030e+03
3.765265265265265384e+02 -2.321928708819236817e+03
3.785185185185185333e+02 -2.335948188575563108e+03
3.805105105105105281e+02 -2.350033594955438275e+03
3.825025025025025229e+02 -2.364186201177129078e+03
3.844944944944944609e+02 -2.378407314835186753e+03
3.864864864864864558e+02 -2.392698279353425733e+03
3.884784784784784506e+02 -2.407060475513370875e+03
3.904704704704704454e+02 -2.421495323063228625e+03
3.924624624624624403e+02 -2.436004282412684461e+03
3.944544544544544351e+02 -2.450588856419451986e+03
3.964464464464464299e+02 -2.465250592273805523e+03
3.984384384384384248e+02 -2.479991083487890137e+03
4.004304304304304196e+02 -2.494811971997176443e+03
4.024224224224224145e+02 -2.509714950382042844e+03
4.044144144144144093e+02 -2.524701764218091739e+03
4.064064064064064041e+02 -2.539774214564595241e+03
4.083983983983983990e+02 -2.554934160601252188e+03
4.103903903903903938e+02 -2.570183522424347757e+03
4.123823823823823886e+02 -2.585524284014367822e+03
4.143743743743743835e+02 -2.600958496388238473e+03
4.163663663663663783e+02 -2.616488280950564331e+03
4.183583583583583732e+02 -2.632115833059544002e+03
4.203503503503503680e+02 -2.647843425824740734e+03
4.223423423423423060e+02 -2.663673414415257866e+03
4.243343343343343008e+02 -2.679608239081006559e+03
4.263263263263262957e+02 -2.695650432363567688e+03
4.283183183183182905e+02 -2.711802621431921125e+03
4.303103103103102853e+02 -2.728067534660222009e+03
4.323023023023022802e+02 -2.744448007024127037e+03
4.342942942942942750e+02 -2.760946986167150044e+03
4.362862862862862698e+02 -2.777567538914395300e+03
4.382782782782782647e+02 -2.794312858274838618e+03
4.402702702702702595e+02 -2.811186270977736967e+03
4.422622622622622544e+02 -2.828191245593996427e+03
4.442542542542542492e+02 -2.845331401299058143e+03
4.462462462462462440e+02 -2.862610517340392107e+03
4.482382382382382389e+02 -2.880032543280322443e+03
4.502302302302302337e+02 -2.897601610093194267e+03
4.522222222222222285e+02 -2.915322042205813432e+03
4.542142142142142234e+02 -2.933198370581063500e+03
4.562062062062062182e+02 -2.951235346957477759e+03
4.581981981981982130e+02 -2.969437959372050045e+03
4.601901901901902079e+02 -2.987811449110657122e+03
4.621821821821821459e+02 -3.006361329249909886e+03
4.641741741741741407e+02 -3.025093404976903457e+03
4.661661661661661356e+02 -3.044013795899783872e+03
4.681581581581581304e+02 -3.063128960592671774e+03
4.701501501501501252e+02 -3.082445723654594076e+03
4.721421421421421201e+02 -3.101971305604157806e+03
4.741341341341341149e+02 -3.121713355981550649e+03
4.761261261261261097e+02 -3.141693058282476159e+03
4.781181181181181046e+02 -3.161906486355021570e+03
4.801101101101100994e+02 -3.182359835651366666e+03
4.821021021021020942e+02 -3.203062752690650086e+03
4.840940940940940891e+02 -3.224025527238986342e+03
4.860860860860860839e+02 -3.245259159534255105e+03
4.880780780780780788e+02 -3.266775431189325445e+03
4.900700700700700736e+02 -3.288586985454532169e+03
4.920620620620620684e+02 -3.310707418395394598e+03
4.940540540540540633e+02 -3.333151382855364773e+03
4.960460460460460581e+02 -3.355934707469360092e+03
4.980380380380380529e+02 -3.379074533475401495e+03
5.000300300300300478e+02 -3.402589472693655352e+03
5.020220220220219858e+02 -3.426499790817439589e+03
5.040140140140139806e+02 -3.450827621157528029e+03
5.060060060060059755e+02 -3.475597215262224836e+03
5.079979979979979703e+02 -3.500835238500794276e+03
5.099899899899899651e+02 -3.526571120881719708e+03
5.119819819819819600e+02 -3.552837476271411560e+03
5.139739739739738980e+02 -3.579670607057501002e+03
5.159659659659660065e+02 -3.607111116563611176e+03
5.179579579579578876e+02 -3.635204658766416742e+03
5.199499499499499962e+02 -3.664002865076231956e+03
5.219419419419418773e+02 -3.693564504826969824e+03
5.239339339339338721e+02 -3.723956909986840401e+03
5.259259259259258670e+02 -3.755257961423334109e+03
5.279179179179178618e+02 -3.787558357291514767e+03
5.299099099099098567e+02 -3.820964939472552032e+03
5.319019019019018515e+02 -3.855604967279826269e+03
5.338938938938938463e+02 -3.891632025296331449e+03
5.358858858858858412e+02 -3.929234415507536596e+03
5.378778778778778360e+02 -3.968647155939911499e+03
5.398698698698698308e+02 -4.010170085924953128e+03
5.418618618618618257e+02 -4.054196041003470327e+03
5.438538538538538205e+02 -4.101257070869906784e+03
5.458458458458458153e+02 -4.152105193897713434e+03
5.478378378378378102e+02 -4.207865695541715468e+03
5.498298298298298050e+02 -4.270363241126171488e+03
5.518218218218217999e+02 -4.342942789551924761e+03
5.538138138138137947e+02 -4.433212821224977233e+03
5.558058058058057895e+02 -4.570974451124681764e+03
5.577977977977977844e+02 -4.716101301903888270e+03
5.597897897897897792e+02 -4.717059262732994284e+03
5.617817817817817740e+02 -4.718013187152606406e+03
5.637737737737737689e+02 -4.718963110819188842e+03
5.657657657657657637e+02 -4.719909068925529937e+03
5.677577577577577586e+02 -4.720851096208520175e+03
5.697497497497497534e+02 -4.721789226956854691e+03
5.717417417417417482e+02 -4.722723495018459289e+03
5.737337337337337431e+02 -4.723653933807870089e+03
5.757257257257257379e+02 -4.724580576313409438e+03
5.777177177177177327e+02 -4.725503455104220848e+03
5.797097097097097276e+02 -4.726422602337192075e+03
5.817017017017017224e+02 -4.727338049763689924e+03
5.836936936936937173e+02 -4.728249828736219570e+03
5.856856856856857121e+02 -4.729157970214916531e+03
5.876776776776777069e+02 -4.730062504773944966e+03
5.896696696696697018e+02 -4.730963462607447582e+03
5.916616616616616966e+02 -4.731860873536313193e+03
5.936536536536536914e+02 -4.732754767013604578e+03
5.956456456456456863e+02 -4.733645172130343781e+03
5.976376376376376811e+02 -4.734532117622028636e+03
5.996296296296295623e+02 -4.735415631873460370e+03
6.016216216216215571e+02 -4.736295742924859042e+03
6.036136136136135519e+02 -4.737172478476904871e+03
6.056056056056055468e+02 -4.738045865374427194e+03
6.075975975975975416e+02 -4.738915931578250820e+03
6.095895895895895364e+02 -4.739782704009410736e+03
6.115815815815815313e+02 -4.740646208080406723e+03
6.135735735735735261e+02 -4.741506470181308032e+03
6.155655655655655210e+02 -4.742363516107834585e+03
6.175575575575575158e+02 -4.743217371373692913e+03
6.195495495495495106e+02 -4.744068061148639572e+03
6.215415415415415055e+02 -4.744915610306863528e+03
6.235335335335335003e+02 -4.745760043432723251e+03
6.255255255255254951e+02 -4.746601384824703928e+03
6.275175175175174900e+02 -4.747439658499582947e+03
6.295095095095094848e+02 -4.748274888196782740e+03
6.315015015015014797e+02 -4.749107097382481697e+03
6.334934934934934745e+02 -4.749936309253756008e+03
6.354854854854854693e+02 -4.750762546742567793e+03
6.374774774774774642e+02 -4.751585832519723226e+03
6.394694694694694590e+02 -4.752406188998757898e+03
6.414614614614614538e+02 -4.753223638339721219e+03
6.434534534534534487e+02 -4.754038202452919904e+03
6.454454454454454435e+02 -4.754849903002590509e+03
6.474374374374374383e+02 -4.755658761410493753e+03
6.494294294294294332e+02 -4.756464798859429720e+03
6.514214214214214280e+02 -4.757268036296760329e+03
6.534134134134134229e+02 -4.758068494437787194e+03
6.554054054054054177e+02 -4.758866193769094934e+03
6.573973973973974125e+02 -4.759661154551887194e+03
6.593893893893894074e+02 -4.760453396825162599e+03
6.613813813813814022e+02 -4.761242940408944378e+03
6.633733733733733970e+02 -4.762029804907368998e+03
6.653653653653653919e+02 -4.762814009711780272e+03
6.673573573573573867e+02 -4.763595574003702495e+03
6.693493493493493816e+02 -4.764374516757871788e+03
6.713413413413413764e+02 -4.765150856745068268e+03
6.733333333333333712e+02 -4.765924612535039159e+03
6.753253253253253661e+02 -4.766695802499282763e+03
6.773173173173172472e+02 -4.767464444813802402e+03
6.793093093093092421e+02 -4.768230557461852186e+03
6.813013013013012369e+02 -4.768994158236593648e+03
6.832932932932932317e+02 -4.769755264743719636e+03
6.852852852852852266e+02 -4.770513894404026360e+03
6.872772772772772214e+02 -4.771270064455966349e+03
6.892692692692692162e+02 -4.772023791958160473e+03
6.912612612612612111e+02 -4.772775093791780819e+03
6.932532532532532059e+02 -4.773523986663069081e+03
6.952452452452452007e+02 -4.774270487105609391e+03
6.972372372372371956e+02 -4.775014611482714827e+03
6.992292292292291904e+02 -4.775756375989713888e+03
7.012212212212211853e+02 -4.776495796656197854e+03
7.032132132132131801e+02 -4.777232889348236313e+03
7.052052052052051749e+02 -4.777897584531161556e+03
7.071971971971971698e+02 -4.778558253536306438e+03
7.091891891891891646e+02 -4.779217185845191125e+03
7.111811811811811594e+02 -4.779874392053200609e+03
7.131731731731731543e+02 -4.780529882654429457e+03
7.151651651651651491e+02 -4.781183668043016951e+03
7.171571571571571440e+02 -4.781835758514358531e+03
7.191491491491491388e+02 -4.782486164266444575e+03
7.211411411411411336e+02 -4.783134895401033646e+03
7.231331331331331285e+02 -4.783781961924841198e+03
7.251251251251251233e+02 -4.784427373750852894e+03
7.271171171171171181e+02 -4.785071140699365969e+03
7.291091091091091130e+02 -4.785713272499235245e+03
7.311011011011011078e+02 -4.786353778788994532e+03
7.330930930930931027e+02 -4.786992669117968944e+03
7.350850850850850975e+02 -4.787629952947376296e+03
7.370770770770770923e+02 -4.788265639651443962e+03
7.390690690690690872e+02 -4.788899738518459344e+03
7.410610610610610820e+02 -4.789532258751817608e+03
7.430530530530530768e+02 -4.790163209471108530e+03
7.450450450450450717e+02 -4.790792599713071468e+03
7.470370370370370665e+02 -4.791420438432656738e+03
7.490290290290290613e+02 -4.792046734504009692e+03
7.510210210210210562e+02 -4.792671496721438416e+03
7.530130130130130510e+02 -4.793294733800179529e+03
7.550050050050050459e+02 -4.793916454378209892e+03
7.569969969969969270e+02 -4.794536667015771854e+03
7.589889889889889218e+02 -4.795155380197300474e+03
7.609809809809809167e+02 -4.795772602332148381e+03
7.629729729729729115e+02 -4.796388341755373403e+03
7.649649649649649064e+02 -4.797002606728607134e+03
7.669569569569569012e+02 -4.797615405441068106e+03
7.689489489489488960e+02 -4.798226746010192983e+03
7.709409409409408909e+02 -4.798836636482684298e+03
7.729329329329328857e+02 -4.799445084835241687e+03
7.749249249249248805e+02 -4.800052098975388617e+03
7.769169169169168754e+02 -4.800657686742258193e+03
7.789089089089088702e+02 -4.801261855907505378e+03
7.809009009009008651e+02 -4.801864614175886345e+03
7.828928928928928599e+02 -4.802465969186228904e+03
7.848848848848848547e+02 -4.803065928512109167e+03
7.868768768768768496e+02 -4.803664499662554590e+03
7.888688688688688444e+02 -4.804261690082835230e+03
7.908608608608608392e+02 -4.804857507155211351e+03
7.928528528528528341e+02 -4.805451958199665569e+03
7.948448448448448289e+02 -4.806045050474506752e+03
7.968368368368368237e+02 -4.806636791177149462e+03
7.988288288288288186e+02 -4.807227187444796073e+03
8.008208208208208134e+02 -4.807816246355118892e+03
8.028128128128128083e+02 -4.808403974926919545e+03
8.048048048048048031e+02 -4.808990380120745613e+03
8.067967967967967979e+02 -4.809575468839630048e+03
8.087887887887887928e+02 -4.810159247929645971e+03
8.107807807807807876e+02 -4.810741724180586061e+03
8.127727727727727824e+02 -4.811322904326613752e+03
8.147647647647647773e+02 -4.811902795046788015e+03
8.167567567567567721e+02 -4.812481402965755478e+03
8.187487487487487670e+02 -4.813058734654330692e+03
8.207407407407407618e+02 -4.813634796630207347e+03
8.227327327327327566e+02 -4.814209595357953731e+03
8.247247247247247515e+02 -4.814783137250482469e+03
8.267167167167167463e+02 -4.815355428669029607e+03
8.287087087087087411e+02 -4.815926475923849466e+03
8.307007007007007360e+02 -4.816496285274772163e+03
8.326926926926927308e+02 -4.817064862931781136e+03
8.346846846846846120e+02 -4.817632215055491542e+03
8.366766766766766068e+02 -4.818198347757698684e+03
8.386686686686686016e+02 -4.818763267101917336e+03
8.406606606606605965e+02 -4.819326979103883787e+03
8.426526526526525913e+02 -4.819889489732090624e+03
8.446446446446445862e+02 -4.820450804908212376e+03
8.466366366366365810e+02 -4.821010930507684861e+03
8.486286286286285758e+02 -4.821569872360192676e+03
8.506206206206205707e+02 -4.822127636250049363e+03
8.526126126126125655e+02 -4.822684227916793134e+03
8.546046046046045603e+02 -4.823239653055601593e+03
8.565965965965965552e+02 -4.823793917317729210e+03
8.585885885885885500e+02 -4.824347026311039372e+03
8.605805805805805448e+02 -4.824898985600386368e+03
8.625725725725725397e+02 -4.825449800708082876e+03
8.645645645645645345e+02 -4.825999477114351066e+03
8.665565565565565294e+02 -4.826548020257761891e+03
8.685485485485485242e+02 -4.827095435535616161e+03
8.705405405405405190e+02 -4.827641728304432036e+03
8.725325325325325139e+02 -4.828186903880315185e+03
8.745245245245245087e+02 -4.828730967539413541e+03
8.765165165165165035e+02 -4.829273924518242893e+03
8.785085085085084984e+02 -4.829815780014219854e+03
8.805005005005004932e+02 -4.830356539185849215e+03
8.824924924924924881e+02 -4.830896207153618889e+03
8.844844844844844829e+02 -4.831434788999523334e+03
8.864764764764764777e+02 -4.831972289768181327e+03
8.884684684684684726e+02 -4.832508714466911442e+03
8.904604604604604674e+02 -4.833044068066234104e+03
8.924524524524524622e+02 -4.833578355499530517e+03
8.944444444444444571e+02 -4.834111581665732956e+03
8.964364364364364519e+02 -4.834643751426429844e+03
8.984284284284284468e+02 -4.835174869608230438e+03
9.004204204204204416e+02 -4.835704941002744818e+03
9.024124124124124364e+02 -4.836233970366783979e+03
9.044044044044044313e+02 -4.836761962422793658e+03
9.063963963963964261e+02 -4.837288921859184484e+03
9.083883883883884209e+02 -4.837814853330621190e+03
9.103803803803804158e+02 -4.838339761458397334e+03
9.123723723723722969e+02 -4.838863650830722690e+03
9.143643643643642918e+02 -4.839386526003095241e+03
9.163563563563562866e+02 -4.839908391498556739e+03
9.183483483483482814e+02 -4.840429251808037407e+03
9.203403403403402763e+02 -4.840949111390668804e+03
9.223323323323322711e+02 -4.841467974674082143e+03
9.243243243243242659e+02 -4.841985846054712965e+03
9.263163163163162608e+02 -4.842502729898094003e+03
9.283083083083082556e+02 -4.843018630539147125e+03
9.303003003003002505e+02 -4.843533552282852725e+03
9.322922922922922453e+02 -4.844047499403036454e+03
9.342842842842842401e+02 -4.844560476144955828e+03
9.362762762762762350e+02 -4.845072486723996917e+03
9.382682682682682298e+02 -4.845583535326358287e+03
9.402602602602602246e+02 -4.846093626109345678e+03
9.422522522522522195e+02 -4.846602763201620292e+03
9.442442442442442143e+02 -4.847110950703466187e+03
9.462362362362362092e+02 -4.847618192687063129e+03
9.482282282282282040e+02 -4.848124493196778531e+03
9.502202202202201988e+02 -4.848629856249335717e+03
9.522122122122121937e+02 -4.849134285834186812e+03
9.542042042042041885e+02 -4.849637785913683729e+03
9.561961961961961833e+02 -4.850140360423331003e+03
9.581881881881881782e+02 -4.850642013272106851e+03
9.601801801801801730e+02 -4.851142748342610503e+03
9.621721721721721678e+02 -4.851642569491360518e+03
9.641641641641641627e+02 -4.852141480549020343e+03
9.661561561561561575e+02 -4.852639485320622043e+03
9.681481481481481524e+02 -4.853136587585830057e+03
9.701401401401401472e+02 -4.853632791099130372e+03
9.721321321321321420e+02 -4.854128099590116108e+03
9.741241241241241369e+02 -4.854622516763639396e+03
9.761161161161161317e+02 -4.855116046300081507e+03
9.781081081081081265e+02 -4.855608691855573852e+03
9.801001001001001214e+02 -4.856100457062179885e+03
9.820920920920921162e+02 -4.856591345528170677e+03
9.840840840840841111e+02 -4.857081360838170440e+03
9.860760760760761059e+02 -4.857570506553421183e+03
9.880680680680681007e+02 -4.858058786211939150e+03
9.900600600600600956e+02 -4.858546203328773117e+03
9.920520520520519767e+02 -4.859032761396190836e+03
9.940440440440439716e+02 -4.859518463883838194e+03
9.960360360360359664e+02 -4.860003314239001156e+03
9.980280280280279612e+02 -4.860487315886775832e+03
1.000020020020019956e+03 -4.860970472230234009e+03
1.002012012012011951e+03 -4.861452786650685994e+03
1.004004004004003946e+03 -4.861934262507776111e+03
1.005995995995995941e+03 -4.862414903139774651e+03
1.007987987987987935e+03 -4.862894711863666998e+03
1.009979979979979930e+03 -4.863373691975416477e+03
1.011971971971971925e+03 -4.863851846750100776e+03
1.013963963963963920e+03 -4.864329179442092027e+03
1.015955955955955915e+03 -4.864805693285269626e+03
1.017947947947947910e+03 -4.865281391493159390e+03
1.019939939939939904e+03 -4.865756277259125454e+03
1.021931931931931899e+03 -4.866230353756537625e+03
1.023923923923923894e+03 -4.866703624138940540e+03
1.025915915915915775e+03 -4.867176091540259222e+03
1.027907907907907884e+03 -4.867647759074875466e+03
1.029899899899899992e+03 -4.868118629837905246e+03
1.031891891891891873e+03 -4.868588706905254185e+03
1.033883883883883755e+03 -4.869057993333893137e+03
1.035875875875875863e+03 -4.869526492161920032e+03
1.037867867867867744e+03 -4.869994206408748141e+03
1.039859859859859853e+03 -4.870461139075287974e+03
1.041851851851851734e+03 -4.870927293144094619e+03
1.043843843843843842e+03 -4.871392671579489615e+03
1.045835835835835724e+03 -4.871857277327745578e+03
1.047827827827827832e+03 -4.872321113317202617e+03
1.049819819819819713e+03 -4.872784182458491159e+03
1.051811811811811822e+03 -4.873246487644564695e+03
1.053803803803803703e+03 -4.873708031750971713e+03
1.055795795795795812e+03 -4.874168817635862069e+03
1.057787787787787693e+03 -4.874628848140260743e+03
1.059779779779779801e+03 -4.875088126088147874e+03
1.061771771771771682e+03 -4.875546654286564262e+03
1.063763763763763791e+03 -4.876004435525817826e+03
1.065755755755755672e+03 -4.876461472579575457e+03
1.067747747747747781e+03 -4.876917768205029461e+03
1.069739739739739662e+03 -4.877373325142992144e+03
1.071731731731731770e+03 -4.877828146118070435e+03
1.073723723723723651e+03 -4.878282233838755019e+03
1.075715715715715760e+03 -4.878735590997593135e+03
1.077707707707707641e+03 -4.879188220271296814e+03
1.079699699699699750e+03 -4.879640124320864743e+03
1.081691691691691631e+03 -4.880091305791674131e+03
1.083683683683683739e+03 -4.880541767313718083e+03
1.085675675675675620e+03 -4.880991511501594687e+03
1.087667667667667729e+03 -4.881440540954718927e+03
1.089659659659659610e+03 -4.881888858257426364e+03
1.091651651651651719e+03 -4.882336465979047716e+03
1.093643643643643600e+03 -4.882783366674071658e+03
1.095635635635635708e+03 -4.883229562882259415e+03
1.097627627627627589e+03 -4.883675057128759363e+03
1.099619619619619698e+03 -4.884119851924199793e+03
1.101611611611611579e+03 -4.884563949764820791e+03
1.103603603603603688e+03 -4.885007353132597018e+03
1.105595595595595569e+03 -4.885450064495330480e+03
1.107587587587587677e+03 -4.885892086306756937e+03
1.109579579579579558e+03 -4.886333421006688695e+03
1.111571571571571440e+03 -4.886774071021072814e+03
1.113563563563563548e+03 -4.887214038762170276e+03
1.115555555555555429e+03 -4.887653326628562354e+03
1.117547547547547538e+03 -4.888091937005357067e+03
1.119539539539539419e+03 -4.888529872264227379e+03
1.121531531531531527e+03 -4.888967134763539434e+03
1.123523523523523409e+03 -4.889403726848457154e+03
1.125515515515515517e+03 -4.889839650851018632e+03
1.127507507507507398e+03 -4.890274909090270739e+03
1.129499499499499507e+03 -4.890709503872360983e+03
1.131491491491491388e+03 -4.891143437490592078e+03
1.133483483483483496e+03 -4.891576712225599294e+03
1.135475475475475378e+03 -4.892009330345377748e+03
1.137467467467467486e+03 -4.892441294105406087e+03
1.139459459459459367e+03 -4.892872605748731075e+03
1.141451451451451476e+03 -4.893303267506055818e+03
1.143443443443443357e+03 -4.893733281595904373e+03
1.145435435435435465e+03 -4.894162650224582649e+03
1.147427427427427347e+03 -4.894591375586370305e+03
1.149419419419419455e+03 -4.895019459863603515e+03
1.151411411411411336e+03 -4.895446905226687704e+03
1.153403403403403445e+03 -4.895873713834296723e+03
1.155395395395395326e+03 -4.896299887833356479e+03
1.157387387387387435e+03 -4.896725429359245936e+03
1.159379379379379316e+03 -4.897150340535728901e+03
1.161371371371371424e+03 -4.897574623475209592e+03
1.163363363363363305e+03 -4.897998280278666243e+03
1.165355355355355414e+03 -4.898421313035843923e+03
1.167347347347347295e+03 -4.898843723825315465e+03
1.169339339339339404e+03 -4.899265514714497840e+03
1.171331331331331285e+03 -4.899686687759774031e+03
1.173323323323323393e+03 -4.900107245006656740e+03
1.175315315315315274e+03 -4.900527188489702894e+03
1.177307307307307383e+03 -4.900946520232746479e+03
1.179299299299299264e+03 -4.901365242248875802e+03
1.181291291291291373e+03 -4.897207540625083311e+03
1.183283283283283254e+03 -4.889627414976325781e+03
1.185275275275275362e+03 -4.882072248520326866e+03
1.187267267267267243e+03 -4.874541915821288057e+03
1.189259259259259125e+03 -4.867036292285997661e+03
1.191251251251251233e+03 -4.859555254156794945e+03
1.193243243243243114e+03 -4.852098678504538839e+03
1.195235235235235223e+03 -4.844666443221665759e+03
1.197227227227227104e+03 -4.837258427015378402e+03
1.199219219219219212e+03 -4.829874509400836359e+03
1.201211211211211094e+03 -4.822514570694433132e+03
1.203203203203203202e+03 -4.815178492007146815e+03
1.205195195195195083e+03 -4.807866155237900784e+03
1.207187187187187192e+03 -4.800577443067143577e+03
1.209179179179179073e+03 -4.793312238950294159e+03
1.211171171171171181e+03 -4.786070427111421850e+03
1.213163163163163063e+03 -4.778851892536837113e+03
1.215155155155155171e+03 -4.771656520968875157e+03
1.217147147147147052e+03 -4.764484198899719559e+03
1.219139139139139161e+03 -4.757334813565169497e+03
1.221131131131131042e+03 -4.750208252938608894e+03
1.223123123123123150e+03 -4.743104405724999197e+03
1.225115115115115032e+03 -4.736023161354851254e+03
1.227107107107107140e+03 -4.728964409978373624e+03
1.229099099099099021e+03 -4.721928042459607241e+03
1.231091091091091130e+03 -4.714913950370593739e+03
1.233083083083083011e+03 -4.707922025985691107e+03
1.235075075075075119e+03 -4.700952162276025774e+03
1.237067067067067001e+03 -4.694004252903401721e+03
1.239059059059059109e+03 -4.687078192215030867e+03
1.241051051051050990e+03 -4.680173875238244364e+03
1.243043043043043099e+03 -4.673291197674725481e+03
1.245035035035034980e+03 -4.666430055895244550e+03
1.247027027027027088e+03 -4.659590346934141962e+03
1.249019019019018970e+03 -4.652771968484164972e+03
1.251011011011011078e+03 -4.645974818891103496e+03
1.253003003003002959e+03 -4.639198797148633275e+03
1.254994994994995068e+03 -4.632443802893168140e+03
1.256986986986986949e+03 -4.625709736398704990e+03
1.258978978978979058e+03 -4.618996498571827033e+03
1.260970970970970939e+03 -4.612303990946633348e+03
1.262962962962963047e+03 -4.605632115679837625e+03
1.264954954954954928e+03 -4.598980775545775941e+03
1.266946946946946809e+03 -4.592349873931590082e+03
1.268938938938938918e+03 -4.585739314832407217e+03
1.270930930930930799e+03 -4.579149002846496842e+03
1.272922922922922908e+03 -4.572578843170639630e+03
1.274914914914914789e+03 -4.566028741595322572e+03
1.276906906906906897e+03 -4.559498604500188776e+03
1.278898898898898778e+03 -4.552988338849366301e+03
1.280890890890890887e+03 -4.546497852186958880e+03
1.282882882882882768e+03 -4.540027052632518462e+03
1.284874874874874877e+03 -4.533575848876539567e+03
1.286866866866866758e+03 -4.527144150176045514e+03
1.288858858858858866e+03 -4.520731866350220116e+03
1.290850850850850748e+03 -4.514338907776000269e+03
1.292842842842842856e+03 -4.507965185383852258e+03
1.294834834834834737e+03 -4.501610610653426193e+03
1.296826826826826846e+03 -4.495275095609342316e+03
1.298818818818818727e+03 -4.488958552817037344e+03
1.300810810810810835e+03 -4.482660895378536225e+03
1.302802802802802717e+03 -4.476382036928414891e+03
1.304794794794794825e+03 -4.470121891629710262e+03
1.306786786786786706e+03 -4.463880374169820243e+03
1.308778778778778815e+03 -4.457657399756577433e+03
1.310770770770770696e+03 -4.451452884114226435e+03
1.312762762762762804e+03 -4.445266743479504839e+03
1.314754754754754686e+03 -4.439098894597826074e+03
1.316746746746746794e+03 -4.432949254719287637e+03
1.318738738738738675e+03 -4.426817741594916697e+03
1.320730730730730784e+03 -4.420704273472950263e+03
1.322722722722722665e+03 -4.414608769094951640e+03
1.324714714714714773e+03 -4.408531147692136983e+03
1.326706706706706655e+03 -4.402471328981733677e+03
1.328698698698698763e+03 -4.396429233163306890e+03
1.330690690690690644e+03 -4.390404780915069750e+03
1.332682682682682753e+03 -4.384397893390411809e+03
1.334674674674674634e+03 -4.378408492213501631e+03
1.336666666666666742e+03 -4.372436499478212681e+03
1.338658658658658624e+03 -4.366481837741737763e+03
1.340650650650650732e+03 -4.360544430022636334e+03
1.342642642642642613e+03 -4.354624199797171968e+03
1.344634634634634494e+03 -4.348721070995780792e+03
1.346626626626626603e+03 -4.342834967999821856e+03
1.348618618618618484e+03 -4.336965815638224740e+03
1.350610610610610593e+03 -4.331113539184086221e+03
1.352602602602602474e+03 -4.325278064351523426e+03
1.354594594594594582e+03 -4.319459317292283231e+03
1.356586586586586463e+03 -4.313657224592684543e+03
1.358578578578578572e+03 -4.307871713270244982e+03
1.360570570570570453e+03 -4.302102710770661361e+03
1.362562562562562562e+03 -4.296350144964545507e+03
1.364554554554554443e+03 -4.290613944144453853e+03
1.366546546546546551e+03 -4.284894037021677832e+03
1.368538538538538432e+03 -4.279190352723241631e+03
1.370530530530530541e+03 -4.273502820788908139e+03
1.372522522522522422e+03 -4.267831371168108490e+03
1.374514514514514531e+03 -4.262175934216968926e+03
1.376506506506506412e+03 -4.256536440695447709e+03
1.378498498498498520e+03 -4.250912821764296496e+03
1.380490490490490401e+03 -4.245305008982228173e+03
1.382482482482482510e+03 -4.239712934303019210e+03
1.384474474474474391e+03 -4.234136530072679307e+03
1.386466466466466500e+03 -4.228575729026594672e+03
1.388458458458458381e+03 -4.223030464286750430e+03
1.390450450450450489e+03 -4.217500669358955747e+03
1.392442442442442371e+03 -4.211986278130047140e+03
1.394434434434434479e+03 -4.206487224865258213e+03
1.396426426426426360e+03 -4.201003444205393862e+03
1.398418418418418469e+03 -4.195534871164236392e+03
1.400410410410410350e+03 -4.190081441125842503e+03
1.402402402402402458e+03 -4.184643089841919391e+03
1.404394394394394340e+03 -4.179219753429203593e+03
1.406386386386386448e+03 -4.173811368366878924e+03
1.408378378378378329e+03 -4.168417871494012616e+03
1.410370370370370438e+03 -4.163039200006980536e+03
1.412362362362362319e+03 -4.157675291456960622e+03
1.414354354354354427e+03 -4.152326083747427219e+03
1.416346346346346309e+03 -4.146991515131645428e+03
1.418338338338338417e+03 -4.141671524210272764e+03
1.420330330330330298e+03 -4.136366049928811663e+03
1.422322322322322179e+03 -4.131075031575278445e+03
1.424314314314314288e+03 -4.125798408777779514e+03
1.426306306306306169e+03 -4.120536121502103015e+03
1.428298298298298278e+03 -4.115288110049359602e+03
1.430290290290290159e+03 -4.110054315053717801e+03
1.432282282282282267e+03 -4.104834677479937454e+03
1.434274274274274148e+03 -4.099629138621155107e+03
1.436266266266266257e+03 -4.094437640096798532e+03
1.438258258258258138e+03 -4.089260123849875981e+03
1.440250250250250247e+03 -4.084096532145053516e+03
1.442242242242242128e+03 -4.078946807566335337e+03
1.444234234234234236e+03 -4.073810893014922385e+03
1.446226226226226117e+03 -4.068688731706955878e+03
1.448218218218218226e+03 -4.063580267171354080e+03
1.450210210210210107e+03 -4.058485443247654985e+03
1.452202202202202216e+03 -4.053404204083924924e+03
1.454194194194194097e+03 -4.048336494134577151e+03
1.456186186186186205e+03 -4.043282258158321383e+03
1.458178178178178086e+03 -4.038241441216052408e+03
1.460170170170170195e+03 -4.033213988668795992e+03
1.462162162162162076e+03 -4.028199846175640687e+03
1.464154154154154185e+03 -4.023198959691737855e+03
1.466146146146146066e+03 -4.018211275466245752e+03
1.468138138138138174e+03 -4.013236740040380482e+03
1.470130130130130055e+03 -4.008275300245381914e+03
1.472122122122122164e+03 -4.003326903200565539e+03
1.474114114114114045e+03 -3.998391496311375704e+03
1.476106106106106154e+03 -3.993469027267478850e+03
1.478098098098098035e+03 -3.988559444040731705e+03
1.480090090090090143e+03 -3.983662694883456425e+03
1.482082082082082024e+03 -3.978778728326406508e+03
1.484074074074074133e+03 -3.973907493176941898e+03
1.486066066066066014e+03 -3.969048938517149963e+03
1.488058058058058123e+03 -3.964203013702064254e+03
1.490050050050050004e+03 -3.959369668357755017e+03
1.492042042042042112e+03 -3.954548852379579785e+03
1.494034034034033994e+03 -3.949740515930333459e+03
1.496026026026026102e+03 -3.944944609438536645e+03
1.498018018018017983e+03 -3.940161083596523895e+03
1.500010010010010092e+03 -3.935389889358863911e+03
1.502002002002001973e+03 -3.930630977940508728e+03
1.503993993993993854e+03 -3.925884300815059305e+03
1.505985985985985963e+03 -3.921149809713123432e+03
1.507977977977977844e+03 -3.916427456620527664e+03
1.509969969969969952e+03 -3.911717193776697968e+03
1.511961961961961833e+03 -3.907018973672973061e+03
1.513953953953953942e+03 -3.902332749050902294e+03
1.515945945945945823e+03 -3.897658472900623565e+03
1.517937937937937932e+03 -3.892996098459265340e+03
1.519929929929929813e+03 -3.888345579209262269e+03
1.521921921921921921e+03 -3.883706868876764474e+03
1.523913913913913802e+03 -3.879079921430071408e+03
1.525905905905905911e+03 -3.874464691078020678e+03
1.527897897897897792e+03 -3.869861132268423262e+03
1.529889889889889901e+03 -3.865269199686475531e+03
1.531881881881881782e+03 -3.860688848253300876e+03
1.533873873873873890e+03 -3.856120033124265774e+03
1.535865865865865771e+03 -3.851562709687635106e+03
1.537857857857857880e+03 -3.847016833562900501e+03
1.539849849849849761e+03 -3.842482360599381082e+03
1.541841841841841870e+03 -3.837959246874710971e+03
1.543833833833833751e+03 -3.833447448693329989e+03
1.545825825825825859e+03 -3.828946922585069387e+03
1.547817817817817740e+03 -3.824457625303670739e+03
1.549809809809809849e+03 -3.819979513825331651e+03
1.551801801801801730e+03 -3.815512545347295600e+03
1.553793793793793839e+03 -3.811056677286442209e+03
1.555785785785785720e+03 -3.806611867277840702e+03
1.557777777777777828e+03 -3.802178073173410667e+03
1.559769769769769709e+03 -3.797755253040435946e+03
1.561761761761761818e+03 -3.793343365160306348e+03
1.563753753753753699e+03 -3.788942368027068369e+03
1.565745745745745808e+03 -3.784552220346099148e+03
1.567737737737737689e+03 -3.780172881032741770e+03
1.569729729729729797e+03 -3.775804309211010150e+03
1.571721721721721678e+03 -3.771446464212228420e+03
1.573713713713713787e+03 -3.767099305573710808e+03
1.575705705705705668e+03 -3.762762793037499250e+03
1.577697697697697777e+03 -3.758436886549030078e+03
1.579689689689689658e+03 -3.754121546255855264e+03
1.581681681681681539e+03 -3.749816732506358676e+03
1.583673673673673647e+03 -3.745522405848534618e+03
1.585665665665665529e+03 -3.741238527028679982e+03
1.587657657657657637e+03 -3.736965056990165976e+03
1.589649649649649518e+03 -3.732701956872190294e+03
1.591641641641641627e+03 -3.728449188008604324e+03
1.593633633633633508e+03 -3.724206711926623484e+03
1.595625625625625617e+03 -3.719974490345631239e+03
1.597617617617617498e+03 -3.715752485175991751e+03
1.599609609609609606e+03 -3.711540658517894826e+03
1.601601601601601487e+03 -3.707338972660102627e+03
1.603593593593593596e+03 -3.703147390078807803e+03
1.605585585585585477e+03 -3.698965873436526181e+03
1.607577577577577586e+03 -3.694794385580801645e+03
1.609569569569569467e+03 -3.690632889543203873e+03
1.611561561561561575e+03 -3.686481348538081420e+03
1.613553553553553456e+03 -3.682339725961505337e+03
1.615545545545545565e+03 -3.678207985390122303e+03
1.617537537537537446e+03 -3.674086090580016389e+03
1.619529529529529555e+03 -3.669974005465634036e+03
1.621521521521521436e+03 -3.665871694158658102e+03
1.623513513513513544e+03 -3.661779120946964213e+03
1.625505505505505425e+03 -3.657696250293470712e+03
1.627497497497497534e+03 -3.653623046835140940e+03
1.629489489489489415e+03 -3.649559475381843640e+03
1.631481481481481524e+03 -3.645505500915362518e+03
1.633473473473473405e+03 -3.641461088588320308e+03
1.635465465465465513e+03 -3.637426203723091476e+03
1.637457457457457394e+03 -3.633400811810849518e+03
1.639449449449449503e+03 -3.629384878510469662e+03
1.641441441441441384e+03 -3.625378369647842192e+03
1.643433433433433493e+03 -3.621381251213531868e+03
1.645425425425425374e+03 -3.617393489363920708e+03
1.647417417417417482e+03 -3.613415050418696865e+03
1.649409409409409363e+03 -3.609445900860243000e+03
1.651401401401401472e+03 -3.605486007332642203e+03
1.653393393393393353e+03 -3.601535336640744845e+03
1.655385385385385462e+03 -3.597593855749186787e+03
1.657377377377377343e+03 -3.593661531781381655e+03
1.659369369369369224e+03 -3.589738332018654091e+03
1.661361361361361332e+03 -3.585824223899167919e+03
1.663353353353353214e+03 -3.581919175017139423e+03
1.665345345345345322e+03 -3.578023153121745054e+03
1.667337337337337203e+03 -3.574136126116320611e+03
1.669329329329329312e+03 -3.570258062057341249e+03
1.671321321321321193e+03 -3.566388929153615209e+03
1.673313313313313301e+03 -3.562528695765224711e+03
1.675305305305305183e+03 -3.558677330402811094e+03
1.677297297297297291e+03 -3.554834801726508431e+03
1.679289289289289172e+03 -3.551001078545173641e+03
1.681281281281281281e+03 -3.547176129815417426e+03
1.683273273273273162e+03 -3.543359924640805730e+03
1.685265265265265271e+03 -3.539552432270931149e+03
1.687257257257257152e+03 -3.535753622100583470e+03
1.689249249249249260e+03 -3.531963463668860186e+03
1.691241241241241141e+03 -3.528181926658384782e+03
1.693233233233233250e+03 -3.524408980894333126e+03
1.695225225225225131e+03 -3.520644596343737703e+03
1.697217217217217240e+03 -3.516888743114564932e+03
1.699209209209209121e+03 -3.513141391454899349e+03
1.701201201201201229e+03 -3.509402511752142800e+03
1.703193193193193110e+03 -3.505672074532196802e+03
1.705185185185185219e+03 -3.501950050458658097e+03
1.707177177177177100e+03 -3.498236410331941443e+03
1.709169169169169209e+03 -3.494531125088610224e+03
1.711161161161161090e+03 -3.490834165800426490e+03
1.713153153153153198e+03 -3.487145503673765234e+03
1.715145145145145079e+03 -3.483465110048610768e+03
1.717137137137137188e+03 -3.479792956397924172e+03
1.719129129129129069e+03 -3.476129014326826564e+03
1.721121121121121178e+03 -3.472473255571855589e+03
1.723113113113113059e+03 -3.468825652000158698e+03
1.725105105105105167e+03 -3.465186175608794201e+03
1.727097097097097048e+03 -3.461554798523932277e+03
1.729089089089089157e+03 -3.457931493000113733e+03
1.731081081081081038e+03 -3.454316231419571523e+03
1.733073073073073147e+03 -3.450708986291423571e+03
1.735065065065065028e+03 -3.447109730250972007e+03
1.737057057057056909e+03 -3.443518436058958741e+03
1.739049049049049017e+03 -3.439935076600926095e+03
1.741041041041040899e+03 -3.436359624886356869e+03
1.743033033033033007e+03 -3.432792054048097725e+03
1.745025025025024888e+03 -3.429232337341626589e+03
1.747017017017016997e+03 -3.425680448144248203e+03
1.749009009009008878e+03 -3.422136359954544787e+03
1.751001001001000986e+03 -3.418600046391593423e+03
1.752992992992992868e+03 -3.415071481194323496e+03
1.754984984984984976e+03 -3.411550638220823657e+03
1.756976976976976857e+03 -3.408037491447635603e+03
1.758968968968968966e+03 -3.404532014969136526e+03
1.760960960960960847e+03 -3.401034182996814252e+03
1.762952952952952955e+03 -3.397543969858644687e+03
1.764944944944944837e+03 -3.394061349998422429e+03
1.766936936936936945e+03 -3.390586297975105481e+03
1.768928928928928826e+03 -3.387118788462166322e+03
1.770920920920920935e+03 -3.383658796246960264e+03
1.772912912912912816e+03 -3.380206296230051066e+03
1.774904904904904924e+03 -3.376761263424591107e+03
1.776896896896896806e+03 -3.373323672955720667e+03
1.778888888888888914e+03 -3.369893500059855796e+03
1.780880880880880795e+03 -3.366470720084203094e+03
1.782872872872872904e+03 -3.363055308485998466e+03
1.784864864864864785e+03 -3.359647240831958698e+03
1.786856856856856894e+03 -3.356246492797681185e+03
1.788848848848848775e+03 -3.352853040167002746e+03
1.790840840840840883e+03 -3.349466858831443460e+03
1.792832832832832764e+03 -3.346087924789526824e+03
1.794824824824824873e+03 -3.342716214146240873e+03
1.796816816816816754e+03 -3.339351703112513860e+03
1.798808808808808863e+03 -3.335994368004463013e+03
1.800800800800800744e+03 -3.332644185242958429e+03
1.802792792792792852e+03 -3.329301131352974608e+03
1.804784784784784733e+03 -3.325965182963006555e+03
1.806776776776776842e+03 -3.322636316804551825e+03
1.808768768768768723e+03 -3.319314509711498431e+03
1.810760760760760832e+03 -3.315999738619564141e+03
1.812752752752752713e+03 -3.312691980565760787e+03
1.814744744744744594e+03 -3.309391212687824464e+03
1.816736736736736702e+03 -3.306097412223624815e+03
1.818728728728728584e+03 -3.302810556510708011e+03
1.820720720720720692e+03 -3.299530622985622813e+03
1.822712712712712573e+03 -3.296257589183518576e+03
1.824704704704704682e+03 -3.292991432737526793e+03
1.826696696696696563e+03 -3.289732131378193571e+03
1.828688688688688671e+03 -3.286479662933002146e+03
1.830680680680680553e+03 -3.283234005325869475e+03
1.832672672672672661e+03 -3.279995136576547338e+03
1.834664664664664542e+03 -3.276763034800178957e+03
1.836656656656656651e+03 -3.273537678206740111e+03
1.838648648648648532e+03 -3.270319045100435233e+03
1.840640640640640640e+03 -3.267107113879425015e+03
1.842632632632632522e+03 -3.263901863035034239e+03
1.844624624624624630e+03 -3.260703271151486661e+03
1.846616616616616511e+03 -3.257511316905271997e+03
1.848608608608608620e+03 -3.254325979064634339e+03
1.850600600600600501e+03 -3.251147236489148327e+03
1.852592592592592609e+03 -3.247975068129239844e+03
1.854584584584584491e+03 -3.244809453025600305e+03
1.856576576576576599e+03 -3.241650370308783749e+03
1.858568568568568480e+03 -3.238497799198698431e+03
1.860560560560560589e+03 -3.235351719004112510e+03
1.862552552552552470e+03 -3.232212109122254333e+03
1.864544544544544578e+03 -3.229078949038186693e+03
1.866536536536536460e+03 -3.225952218324523074e+03
1.868528528528528568e+03 -3.222831896640810101e+03
1.870520520520520449e+03 -3.219717963733107808e+03
1.872512512512512558e+03 -3.216610399433610837e+03
1.874504504504504439e+03 -3.213509183660064537e+03
1.876496496496496547e+03 -3.210414296415420267e+03
1.878488488488488429e+03 -3.207325717787246504e+03
1.880480480480480537e+03 -3.204243427947458713e+03
1.882472472472472418e+03 -3.201167407151714542e+03
1.884464464464464527e+03 -3.198097635739071393e+03
1.886456456456456408e+03 -3.195034094131483016e+03
1.888448448448448517e+03 -3.191976762833403882e+03
1.890440440440440398e+03 -3.188925622431333977e+03
1.892432432432432506e+03 -3.185880653593379066e+03
1.894424424424424387e+03 -3.182841837068838686e+03
1.896416416416416268e+03 -3.179809153687799608e+03
1.898408408408408377e+03 -3.176782584360617420e+03
1.900400400400400258e+03 -3.173762110077652324e+03
1.902392392392392367e+03 -3.170747711908677502e+03
1.904384384384384248e+03 -3.167739371002578082e+03
1.906376376376376356e+03 -3.164737068586930036e+03
1.908368368368368237e+03 -3.161740785967505872e+03
1.910360360360360346e+03 -3.158750504527985413e+03
1.912352352352352227e+03 -3.155766205729462854e+03
1.914344344344344336e+03 -3.152787871110037486e+03
1.916336336336336217e+03 -3.149815482284519476e+03
1.918328328328328325e+03 -3.146849020943874166e+03
1.920320320320320207e+03 -3.143888468854932398e+03
1.922312312312312315e+03 -3.140933807860031720e+03
1.924304304304304196e+03 -3.137985019876500701e+03
1.926296296296296305e+03 -3.135042086896362434e+03
1.928288288288288186e+03 -3.132104990985895256e+03
1.930280280280280294e+03 -3.129173714285324422e+03
1.932272272272272176e+03 -3.126248239008334167e+03
1.934264264264264284e+03 -3.123328547441850787e+03
1.936256256256256165e+03 -3.120414621945401450e+03
1.938248248248248274e+03 -3.117506444951064623e+03
1.940240240240240155e+03 -3.114603998962815240e+03
1.942232232232232263e+03 -3.111707266556335981e+03
1.944224224224224145e+03 -3.108816230378574346e+03
1.946216216216216253e+03 -3.105930873147385682e+03
1.948208208208208134e+03 -3.103051177651205762e+03
1.950200200200200243e+03 -3.100177126748576939e+03
1.952192192192192124e+03 -3.097308703367958060e+03
1.954184184184184232e+03 -3.094445890507265631e+03
1.956176176176176114e+03 -3.091588671233506375e+03
1.958168168168168222e+03 -3.088737028682506661e+03
1.960160160160160103e+03 -3.085890946058429563e+03
1.962152152152152212e+03 -3.083050406633613420e+03
1.964144144144144093e+03 -3.080215393748004317e+03
1.966136136136136201e+03 -3.077385890809049215e+03
1.968128128128128083e+03 -3.074561881291189820e+03
1.970120120120120191e+03 -3.071743348735516065e+03
1.972112112112112072e+03 -3.068930276749555560e+03
1.974104104104103953e+03 -3.066122649006852498e+03
1.976096096096096062e+03 -3.063320449246586122e+03
1.978088088088087943e+03 -3.060523661273402467e+03
1.980080080080080052e+03 -3.057732268956907774e+03
1.982072072072071933e+03 -3.054946256231421557e+03
1.984064064064064041e+03 -3.052165607095693758e+03
1.986056056056055922e+03 -3.049390305612491829e+03
1.988048048048048031e+03 -3.046620335908337438e+03
1.990040040040039912e+03 -3.043855682173177229e+03
1.992032032032032021e+03 -3.041096328660050858e+03
1.994024024024023902e+03 -3.038342259684784494e+03
1.996016016016016010e+03 -3.035593459625681135e+03
1.998008008008007891e+03 -3.032849912923248212e+03
2.000000000000000000e+03 -3.030111604079737390e+03
