1.000000000000000000e+01 -1.214643976486270276e+02
1.199199199199199128e+01 -1.411857749091699930e+02
1.398398398398398434e+01 -1.670413623937586749e+02
1.597597597597597563e+01 -1.856640061016500454e+02
1.796796796796796869e+01 -1.842678960076243868e+02
1.995995995995995997e+01 -1.767049075420912345e+02
2.195195195195195126e+01 -1.683043001555800799e+02
2.394394394394394254e+01 -1.601235029101612213e+02
2.593593593593593738e+01 -1.523579604824513467e+02
2.792792792792792866e+01 -1.449985846454342209e+02
2.991991991991991995e+01 -1.378634007345194732e+02
3.191191191191191123e+01 -1.311831410456608182e+02
3.390390390390390252e+01 -1.250813708816121448e+02
3.589589589589589025e+01 -1.194700700677503846e+02
3.788788788788788509e+01 -1.142723974792408796e+02
3.987987987987987992e+01 -1.094224057496459324e+02
4.187187187187187476e+01 -1.048637477561285891e+02
4.386386386386386249e+01 -1.005482138211712169e+02
4.585585585585585733e+01 -9.643438599608866468e+01
4.784784784784784506e+01 -9.248649090080621704e+01
4.983983983983983990e+01 -8.867345698243033780e+01
5.183183183183182763e+01 -8.480158381102953058e+01
5.382382382382382247e+01 -8.085356810903294900e+01
5.581581581581581730e+01 -7.707853557962656055e+01
5.780780780780780503e+01 -7.345502787120078381e+01
5.979979979979979987e+01 -6.996402410589881526e+01
6.179179179179178760e+01 -6.658860804508309172e+01
6.378378378378378244e+01 -6.331368464572896215e+01
6.577577577577577017e+01 -6.012573988831728400e+01
6.776776776776776501e+01 -5.701263793369554378e+01
6.975975975975975985e+01 -5.396345012729157276e+01
7.175175175175175468e+01 -5.096831109885155087e+01
7.374374374374374952e+01 -4.801829784532113621e+01
7.573573573573573015e+01 -4.510532830364171275e+01
7.772772772772772498e+01 -4.222207644989023834e+01
7.971971971971971982e+01 -3.936190140935603665e+01
8.171171171171171466e+01 -3.695869676779484081e+01
8.370370370370369528e+01 -3.500516504311139698e+01
8.569569569569569012e+01 -3.306289374297567463e+01
8.768768768768768496e+01 -3.112995178669202545e+01
8.967967967967967979e+01 -2.920461786079685140e+01
9.167167167167167463e+01 -2.728536163462790398e+01
9.366366366366365526e+01 -2.537082714645192638e+01
9.565565565565565009e+01 -2.345981803446998981e+01
9.764764764764764493e+01 -2.155128433829003143e+01
9.963963963963963977e+01 -1.964431063945858114e+01
1.016316316316316346e+02 -1.773810534557853913e+01
1.036236236236236152e+02 -1.583199095307050008e+01
1.056156156156156101e+02 -1.392539514938274081e+01
1.076076076076076049e+02 -1.201784263739559577e+01
1.095995995995995997e+02 -1.010894758348774403e+01
1.115915915915915946e+02 -8.198406606719652601e+00
1.135835835835835752e+02 -6.285992240271907505e+00
1.155755755755755700e+02 -4.371546807987227723e+00
1.175675675675675649e+02 -2.454976668852493660e+00
1.195595595595595597e+02 -5.360558086836936242e-01
1.215515515515515546e+02 1.393157085644106008e+00
1.235435435435435352e+02 3.318025933765251789e+00
1.255355355355355300e+02 5.238862550708216936e+00
1.275275275275275249e+02 7.155929237422918199e+00
1.295195195195195197e+02 9.069443013721238955e+00
1.315115115115115145e+02 1.097957955644420558e+01
1.335035035035035094e+02 1.288647686792736380e+01
1.354954954954955042e+02 1.479023869649113188e+01
1.374874874874874990e+02 1.669093772785634755e+01
1.394794794794794655e+02 1.858861856398723233e+01
1.414714714714714603e+02 2.048330050384049983e+01
1.434634634634634551e+02 2.237498013881557313e+01
1.454554554554554500e+02 2.426363377426308077e+01
1.474474474474474448e+02 2.614921968724341284e+01
1.494394394394394396e+02 2.803168022973300211e+01
1.514314314314314345e+02 2.991094378566037193e+01
1.534234234234234293e+02 3.178692658949077199e+01
1.554154154154154241e+02 3.365953441351209818e+01
1.574074074074073906e+02 3.552866413052869632e+01
1.593993993993993854e+02 3.739420515828022218e+01
1.613913913913913802e+02 3.925604079159965920e+01
1.633833833833833751e+02 4.111404942804659157e+01
1.653753753753753699e+02 4.296810569254467538e+01
1.673673673673673647e+02 4.481808146633650125e+01
1.693593593593593596e+02 4.666384682541553985e+01
1.713513513513513544e+02 4.850527089342038778e+01
1.733433433433433493e+02 5.034222261383708030e+01
1.753353353353353441e+02 5.220269060329216160e+01
1.773273273273273105e+02 5.418530254088211962e+01
1.793193193193193054e+02 5.616021736804887610e+01
1.813113113113113002e+02 5.812743597797091866e+01
1.833033033033032950e+02 6.008695633364639832e+01
1.852952952952952899e+02 6.203877407005821709e+01
1.872872872872872847e+02 6.398288303742100425e+01
1.892792792792792795e+02 6.591927578973374580e+01
1.912712712712712744e+02 6.784794402260862967e+01
1.932632632632632692e+02 6.976887896414912404e+01
1.952552552552552640e+02 7.168207172242756542e+01
1.972472472472472305e+02 7.358751359290798177e+01
1.992392392392392253e+02 7.548519632898336340e+01
2.012312312312312201e+02 7.737511237857964375e+01
2.032232232232232150e+02 7.925725508963239463e+01
2.052152152152152098e+02 8.113161888704183866e+01
2.072072072072072046e+02 8.299819942356498359e+01
2.091991991991991995e+02 8.485699370693671995e+01
2.111911911911911943e+02 8.670800020536206887e+01
2.131831831831831892e+02 8.855121893337322092e+01
2.151751751751751840e+02 9.038665151991652635e+01
2.171671671671671504e+02 9.221430126041254027e+01
2.191591591591591452e+02 9.403417315434249701e+01
2.211511511511511401e+02 9.584627392991376382e+01
2.231431431431431349e+02 9.765061205713081449e+01
2.251351351351351298e+02 9.944719775056151434e+01
2.271271271271271246e+02 1.012360429629580238e+02
2.291191191191191194e+02 1.030171613708156571e+02
2.311111111111111143e+02 1.047905683528495615e+02
2.331031031031031091e+02 1.065562809622980041e+02
2.350950950950951039e+02 1.083143178938765487e+02
2.370870870870870704e+02 1.100646994461474435e+02
2.390790790790790652e+02 1.118074474799778102e+02
2.410710710710710600e+02 1.135425853737177846e+02
2.430630630630630549e+02 1.152701379756759650e+02
2.450550550550550497e+02 1.169901315543852576e+02
2.470470470470470445e+02 1.187025937471333066e+02
2.490390390390390394e+02 1.204075535071786192e+02
2.510310310310310342e+02 1.221050410500124030e+02
2.530230230230230291e+02 1.237950877990078453e+02
2.550150150150150239e+02 1.254777263307548338e+02
2.570070070070070187e+02 1.271529903203383327e+02
2.589989989989990136e+02 1.288209144868106364e+02
2.609909909909910084e+02 1.304815345390290133e+02
2.629829829829830032e+02 1.322887195676248950e+02
2.649749749749749981e+02 1.341094721521249937e+02
2.669669669669669361e+02 1.359223586725574080e+02
2.689589589589589309e+02 1.377274290793942555e+02
2.709509509509509257e+02 1.395247337735362123e+02
2.729429429429429206e+02 1.413143235626940566e+02
2.749349349349349154e+02 1.430962496191594937e+02
2.769269269269269103e+02 1.448705634389752106e+02
2.789189189189189051e+02 1.466373168025537268e+02
2.809109109109108999e+02 1.483965617367166203e+02
2.829029029029028948e+02 1.501483504781975569e+02
2.848948948948948896e+02 1.518927354385691331e+02
2.868868868868868844e+02 1.536297691706051296e+02
2.888788788788788793e+02 1.553595043360523391e+02
2.908708708708708741e+02 1.570819936747974737e+02
2.928628628628628690e+02 1.587972899753924594e+02
2.948548548548548638e+02 1.605054460469581841e+02
2.968468468468468586e+02 1.622065146923563361e+02
2.988388388388388535e+02 1.639005486826891342e+02
3.008308308308308483e+02 1.655876007330261075e+02
3.028228228228228431e+02 1.672677234793500531e+02
3.048148148148147811e+02 1.689409694567120823e+02
3.068068068068067760e+02 1.706073910784977556e+02
3.087987987987987708e+02 1.722670406168425359e+02
3.107907907907907656e+02 1.739199701840899195e+02
3.127827827827827605e+02 1.755662317153214929e+02
3.147747747747747553e+02 1.772058769518642691e+02
3.167667667667667502e+02 1.788389574257734012e+02
3.187587587587587450e+02 1.804655244452612521e+02
3.207507507507507398e+02 1.820856290809880136e+02
3.227427427427427347e+02 1.836993221532619032e+02
3.247347347347347295e+02 1.853066542200039066e+02
3.267267267267267243e+02 1.869076755655808313e+02
3.287187187187187192e+02 1.885024361903266481e+02
3.307107107107107140e+02 1.900909858008418212e+02
3.327027027027027088e+02 1.916733738009678518e+02
3.346946946946947037e+02 1.932496492834316086e+02
3.366866866866866985e+02 1.948198610221394915e+02
3.386786786786786934e+02 1.963840574650660074e+02
3.406706706706706882e+02 1.979422867277142473e+02
3.426626626626626830e+02 1.994945965871671376e+02
3.446546546546546210e+02 2.010410344766391120e+02
3.466466466466466159e+02 2.025816474805273799e+02
3.486386386386386107e+02 2.041164823299714612e+02
3.506306306306306055e+02 2.056455853988274214e+02
3.526226226226226004e+02 2.071690027001202452e+02
3.546146146146145952e+02 2.086867798828661194e+02
3.566066066066065900e+02 2.101989622293493198e+02
3.585985985985985849e+02 2.117055946526670027e+02
3.605905905905905797e+02 2.132067216947293673e+02
3.625825825825825746e+02 2.147023875245431839e+02
3.645745745745745694e+02 2.161926359368281396e+02
3.665665665665665642e+02 2.176775103509054929e+02
3.685585585585585591e+02 2.191570538099089447e+02
3.705505505505505539e+02 2.206313089802303296e+02
3.725425425425425487e+02 2.221003181512498657e+02
3.745345345345345436e+02 2.235641232352645602e+02
3.765265265265265384e+02 2.250227657676773276e+02
3.785185185185185333e+02 2.264762869073876459e+02
3.805105105105105281e+02 2.279247274373829271e+02
3.825025025025025229e+02 2.293681277654914652e+02
3.844944944944944609e+02 2.308065279253644064e+02
3.864864864864864558e+02 2.322399675775641015e+02
3.884784784784784506e+02 2.336684860108840951e+02
3.904704704704704454e+02 2.350921221437122881e+02
3.924624624624624403e+02 2.365109145256135150e+02
3.944544544544544351e+02 2.379249013390416678e+02
3.964464464464464299e+02 2.393341204010819752e+02
3.984384384384384248e+02 2.407386091654093434e+02
4.004304304304304196e+02 2.421384047242873692e+02
4.024224224224224145e+02 2.435335438106827155e+02
4.044144144144144093e+02 2.449240628004743314e+02
4.064064064064064041e+02 2.463099977147303719e+02
4.083983983983983990e+02 2.476913842220436095e+02
4.103903903903903938e+02 2.490682576410148101e+02
4.123823823823823886e+02 2.504406529426911447e+02
4.143743743743743835e+02 2.518086047531448628e+02
4.163663663663663783e+02 2.531721473560916138e+02
4.183583583583583732e+02 2.545313146955203081e+02
4.203503503503503680e+02 2.558861403783957371e+02
4.223423423423423060e+02 2.572366576774165878e+02
4.243343343343343008e+02 2.585828995337852803e+02
4.263263263263262957e+02 2.598908862958005557e+02
4.283183183183182905e+02 2.611918002176485629e+02
4.303103103103102853e+02 2.624889004365999199e+02
4.323023023023022802e+02 2.637822154831133616e+02
4.342942942942942750e+02 2.650717735822883014e+02
4.362862862862862698e+02 2.663576026575622109e+02
4.382782782782782647e+02 2.676397303344111833e+02
4.402702702702702595e+02 2.689181839439905275e+02
4.422622622622622544e+02 2.701929905267382992e+02
4.442542542542542492e+02 2.714641768359797993e+02
4.462462462462462440e+02 2.727317693414539690e+02
4.482382382382382389e+02 2.739957942327972660e+02
4.502302302302302337e+02 2.752562774230270293e+02
4.522222222222222285e+02 2.765132445519757880e+02
4.542142142142142234e+02 2.777667209896719100e+02
4.562062062062062182e+02 2.790167318396478890e+02
4.581981981981982130e+02 2.802633019423344081e+02
4.601901901901902079e+02 2.815064558782580093e+02
4.621821821821821459e+02 2.827462179713116939e+02
4.641741741741741407e+02 2.839826122919553768e+02
4.661661661661661356e+02 2.852156626603583618e+02
4.681581581581581304e+02 2.864453926495290261e+02
4.701501501501501252e+02 2.876718255883924371e+02
4.721421421421421201e+02 2.888949845648357950e+02
4.741341341341341149e+02 2.901148924286996476e+02
4.761261261261261097e+02 2.913315717948121346e+02
4.781181181181181046e+02 2.925450450458282035e+02
4.801101101101100994e+02 2.937553343351983699e+02
4.821021021021020942e+02 2.949624615899894025e+02
4.840940940940940891e+02 2.961664485137134761e+02
4.860860860860860839e+02 2.973673165891291887e+02
4.880780780780780788e+02 2.985650870809848243e+02
4.900700700700700736e+02 2.997597810387309210e+02
4.920620620620620684e+02 3.009514192991851473e+02
4.940540540540540633e+02 3.021400224891860375e+02
4.960460460460460581e+02 3.033256110282537179e+02
4.980380380380380529e+02 3.045082051310663473e+02
5.000300300300300478e+02 3.056878248100638302e+02
5.020220220220219858e+02 3.068644898779748473e+02
5.040140140140139806e+02 3.080382199502453773e+02
5.060060060060059755e+02 3.092090344474673884e+02
5.079979979979979703e+02 3.103769525978959791e+02
5.099899899899899651e+02 3.115419934396654753e+02
5.119819819819819600e+02 3.127041758232523421e+02
5.139739739739738980e+02 3.138635184137494321e+02
5.159659659659660065e+02 3.150200396931187470e+02
5.179579579579578876e+02 3.161737579625532248e+02
5.199499499499499962e+02 3.173246913445438508e+02
5.219419419419418773e+02 3.184728577851467435e+02
5.239339339339338721e+02 3.196182750562119850e+02
5.259259259259258670e+02 3.207609607573597827e+02
5.279179179179178618e+02 3.219009323181849140e+02
5.299099099099098567e+02 3.230382070003677768e+02
5.319019019019018515e+02 3.241728018996033143e+02
5.338938938938938463e+02 3.253047339477033688e+02
5.358858858858858412e+02 3.264340199145659085e+02
5.378778778778778360e+02 3.275606764101216868e+02
5.398698698698698308e+02 3.286847198862492405e+02
5.418618618618618257e+02 3.298061666388344975e+02
5.438538538538538205e+02 3.309250328094090605e+02
5.458458458458458153e+02 3.320413343872123164e+02
5.478378378378378102e+02 3.331550872109029910e+02
5.498298298298298050e+02 3.342663069703814926e+02
5.518218218218217999e+02 3.353750092087483949e+02
5.538138138138137947e+02 3.364812093237247836e+02
5.558058058058057895e+02 3.375849225696911731e+02
5.577977977977977844e+02 3.386861640592217668e+02
5.597897897897897792e+02 3.397849487648907711e+02
5.617817817817817740e+02 3.408812915208309846e+02
5.637737737737737689e+02 3.419752070244134643e+02
5.657657657657657637e+02 3.430667098378834794e+02
5.677577577577577586e+02 3.441558143899612219e+02
5.697497497497497534e+02 3.452425349773536709e+02
5.717417417417417482e+02 3.463268857663953781e+02
5.737337337337337431e+02 3.474088807944857535e+02
5.757257257257257379e+02 3.484885339717079091e+02
5.777177177177177327e+02 3.495658590822294514e+02
5.797097097097097276e+02 3.506408697857614243e+02
5.817017017017017224e+02 3.517135796191442978e+02
5.836936936936937173e+02 3.527840019975881205e+02
5.856856856856857121e+02 3.538521502162244019e+02
5.876776776776777069e+02 3.549180374514585878e+02
5.896696696696697018e+02 3.559816767622639304e+02
5.916616616616616966e+02 3.570430810917179087e+02
5.936536536536536914e+02 3.581022632681284108e+02
5.956456456456456863e+02 3.591592360065240541e+02
5.976376376376376811e+02 3.602140119097490469e+02
5.996296296296295623e+02 3.612666034699805095e+02
6.016216216216215571e+02 3.623170230699018362e+02
6.036136136136135519e+02 3.633652829838413254e+02
6.056056056056055468e+02 3.644113953791439258e+02
6.075975975975975416e+02 3.654553723173924027e+02
6.095895895895895364e+02 3.664972257553911277e+02
6.115815815815815313e+02 3.675369675467028969e+02
6.135735735735735261e+02 3.685746094424775379e+02
6.155655655655655210e+02 3.696101630927389579e+02
6.175575575575575158e+02 3.706436400476383710e+02
6.195495495495495106e+02 3.716750517583309374e+02
6.215415415415415055e+02 3.727044095783554098e+02
6.235335335335335003e+02 3.737317247643707105e+02
6.255255255255254951e+02 3.747570084775965142e+02
6.275175175175174900e+02 3.757802717847562235e+02
6.295095095095094848e+02 3.768015256589210935e+02
6.315015015015014797e+02 3.778207809807946091e+02
6.334934934934934745e+02 3.788380485396782547e+02
6.354854854854854693e+02 3.798533390343811220e+02
6.374774774774774642e+02 3.808666630743171027e+02
6.394694694694694590e+02 3.818780311804438270e+02
6.414614614614614538e+02 3.828874537862178045e+02
6.434534534534534487e+02 3.838949412385507571e+02
6.454454454454454435e+02 3.849005037987515152e+02
6.474374374374374383e+02 3.859041516435599988e+02
6.494294294294294332e+02 3.869058948659058501e+02
6.514214214214214280e+02 3.879057434757658598e+02
6.534134134134134229e+02 3.889037074014115660e+02
6.554054054054054177e+02 3.898997964898795772e+02
6.573973973973974125e+02 3.908940205080301098e+02
6.593893893893894074e+02 3.918863891434755828e+02
6.613813813813814022e+02 3.928769120052907624e+02
6.633733733733733970e+02 3.938655986248530212e+02
6.653653653653653919e+02 3.948524584568449427e+02
6.673573573573573867e+02 3.958375008797974033e+02
6.693493493493493816e+02 3.968207351972566812e+02
6.713413413413413764e+02 3.978021706380660589e+02
6.733333333333333712e+02 3.987818163577107953e+02
6.753253253253253661e+02 3.997596814387516133e+02
6.773173173173172472e+02 4.007357748916193714e+02
6.793093093093092421e+02 4.017101056555180207e+02
6.813013013013012369e+02 4.026826825989465988e+02
6.832932932932932317e+02 4.036535145207604387e+02
6.852852852852852266e+02 4.046226101505613997e+02
6.872772772772772214e+02 4.055899781494550780e+02
6.892692692692692162e+02 4.065556271111395858e+02
6.912612612612612111e+02 4.075195655621227502e+02
6.932532532532532059e+02 4.084818019626463297e+02
6.952452452452452007e+02 4.094423447074889850e+02
6.972372372372371956e+02 4.104012021263419001e+02
6.992292292292291904e+02 4.113583824844793639e+02
7.012212212212211853e+02 4.123138939839121235e+02
7.032132132132131801e+02 4.132677447634975465e+02
7.052052052052051749e+02 4.142199428998309827e+02
7.071971971971971698e+02 4.151704964077211457e+02
7.091891891891891646e+02 4.161194132409220856e+02
7.111811811811811594e+02 4.170667012928157646e+02
7.131731731731731543e+02 4.180123683969828221e+02
7.151651651651651491e+02 4.189564223275997961e+02
7.171571571571571440e+02 4.198988708002989938e+02
7.191491491491491388e+02 4.208397214728134372e+02
7.211411411411411336e+02 4.217789819450495656e+02
7.231331331331331285e+02 4.227166597603301739e+02
7.251251251251251233e+02 4.236527624055649994e+02
7.271171171171171181e+02 4.245872973117652691e+02
7.291091091091091130e+02 4.255202718548655980e+02
7.311011011011011078e+02 4.264516933561209271e+02
7.330930930930931027e+02 4.273815690825569504e+02
7.350850850850850975e+02 4.283099062476374570e+02
7.370770770770770923e+02 4.292367120118896651e+02
7.390690690690690872e+02 4.301619934829187741e+02
7.410610610610610820e+02 4.310857577167970476e+02
7.430530530530530768e+02 4.320080117176232761e+02
7.450450450450450717e+02 4.329287624387083611e+02
7.470370370370370665e+02 4.338480167827178207e+02
7.490290290290290613e+02 4.347657816023295823e+02
7.510210210210210562e+02 4.356820637007483583e+02
7.530130130130130510e+02 4.365968698317928443e+02
7.550050050050050459e+02 4.375102067010984683e+02
7.569969969969969270e+02 4.384220809657922473e+02
7.589889889889889218e+02 4.393324992354125129e+02
7.609809809809809167e+02 4.402414680724295408e+02
7.629729729729729115e+02 4.411489939923959582e+02
7.649649649649649064e+02 4.420550834644038218e+02
7.669569569569569012e+02 4.429597429120801166e+02
7.689489489489488960e+02 4.438629787131445141e+02
7.709409409409408909e+02 4.447647972005485713e+02
7.729329329329328857e+02 4.456652046625321759e+02
7.749249249249248805e+02 4.465642073432201755e+02
7.769169169169168754e+02 4.474618114430091396e+02
7.789089089089088702e+02 4.483580231187995651e+02
7.809009009009008651e+02 4.492528484845383900e+02
7.828928928928928599e+02 4.501462936120496465e+02
7.848848848848848547e+02 4.510383645303724620e+02
7.868768768768768496e+02 4.519290672271191625e+02
7.888688688688688444e+02 4.528184076485250102e+02
7.908608608608608392e+02 4.537063916999721869e+02
7.928528528528528341e+02 4.545930252457865777e+02
7.948448448448448289e+02 4.554783141105589834e+02
7.968368368368368237e+02 4.563622640787005480e+02
7.988288288288288186e+02 4.572448808952838135e+02
8.008208208208208134e+02 4.581261702661391837e+02
8.028128128128128083e+02 4.590061378583027363e+02
8.048048048048048031e+02 4.598847893004806338e+02
8.067967967967967979e+02 4.607621301832874678e+02
8.087887887887887928e+02 4.616381660596051688e+02
8.107807807807807876e+02 4.625129024448049790e+02
8.127727727727727824e+02 4.633863448172475614e+02
8.147647647647647773e+02 4.642584986188641096e+02
8.167567567567567721e+02 4.651293692546587408e+02
8.187487487487487670e+02 4.659989620940017403e+02
8.207407407407407618e+02 4.668672824705220137e+02
8.227327327327327566e+02 4.677343356820558142e+02
8.247247247247247515e+02 4.686001269917796890e+02
8.267167167167167463e+02 4.694646616278955094e+02
8.287087087087087411e+02 4.703279447838688725e+02
8.307007007007007360e+02 4.711899816193976562e+02
8.326926926926927308e+02 4.720507772602217074e+02
8.346846846846846120e+02 4.729103367983879025e+02
8.366766766766766068e+02 4.737686652926545889e+02
8.386686686686686016e+02 4.746257677688177523e+02
8.406606606606605965e+02 4.754816492201600795e+02
8.426526526526525913e+02 4.763363146072157406e+02
8.446446446446445862e+02 4.771897688586100230e+02
8.466366366366365810e+02 4.780420168712451527e+02
8.486286286286285758e+02 4.788930635101266375e+02
8.506206206206205707e+02 4.797429136091767532e+02
8.526126126126125655e+02 4.805915719712434111e+02
8.546046046046045603e+02 4.814390433684814070e+02
8.565965965965965552e+02 4.822853325424948707e+02
8.585885885885885500e+02 4.831304442045708925e+02
8.605805805805805448e+02 4.839743830362178301e+02
8.625725725725725397e+02 4.848171536891006781e+02
8.645645645645645345e+02 4.856587607854087878e+02
8.665565565565565294e+02 4.864992089182488826e+02
8.685485485485485242e+02 4.873385026516310177e+02
8.705405405405405190e+02 4.881766465209958028e+02
8.725325325325325139e+02 4.890136450330879825e+02
8.745245245245245087e+02 4.898495026667146703e+02
8.765165165165165035e+02 4.906842238724858021e+02
8.785085085085084984e+02 4.915178130733376634e+02
8.805005005005004932e+02 4.923502746647330355e+02
8.824924924924924881e+02 4.931816130146659702e+02
8.844844844844844829e+02 4.940118324643722758e+02
8.864764764764764777e+02 4.948409373279922079e+02
8.884684684684684726e+02 4.956689318929727506e+02
8.904604604604604674e+02 4.964958204208213601e+02
8.924524524524524622e+02 4.973216071464077004e+02
8.944444444444444571e+02 4.981365485852938377e+02
8.964364364364364519e+02 4.989420604679878579e+02
8.984284284284284468e+02 4.997465391206857817e+02
9.004204204204204416e+02 5.005499883630039335e+02
9.024124124124124364e+02 5.013524119918743622e+02
9.044044044044044313e+02 5.021538137814052334e+02
9.063963963963964261e+02 5.029541974838980423e+02
9.083883883883884209e+02 5.037535668289724526e+02
9.103803803803804158e+02 5.045519255243522707e+02
9.123723723723722969e+02 5.053492772561613720e+02
9.143643643643642918e+02 5.061456256886067422e+02
9.163563563563562866e+02 5.069409744646372360e+02
9.183483483483482814e+02 5.077353272056915330e+02
9.203403403403402763e+02 5.085286875123430264e+02
9.223323323323322711e+02 5.093210589639741670e+02
9.243243243243242659e+02 5.101124451191826097e+02
9.263163163163162608e+02 5.109028495160017087e+02
9.283083083083082556e+02 5.116922756720559846e+02
9.303003003003002505e+02 5.124807270844414688e+02
9.322922922922922453e+02 5.132682072305581187e+02
9.342842842842842401e+02 5.140547195670882274e+02
9.362762762762762350e+02 5.148402675314449652e+02
9.382682682682682298e+02 5.156248545412244084e+02
9.402602602602602246e+02 5.164084839945509202e+02
9.422522522522522195e+02 5.171911592700116671e+02
9.442442442442442143e+02 5.179728837268584130e+02
9.462362362362362092e+02 5.187536607056458706e+02
9.482282282282282040e+02 5.195334935278350486e+02
9.502202202202201988e+02 5.203123854959616210e+02
9.522122122122121937e+02 5.210903398936141002e+02
9.542042042042041885e+02 5.218673599872698787e+02
9.561961961961961833e+02 5.226434490231556538e+02
9.581881881881881782e+02 5.234186102305587838e+02
9.601801801801801730e+02 5.241928468202166869e+02
9.621721721721721678e+02 5.249661619852172407e+02
9.641641641641641627e+02 5.257385589005709789e+02
9.661561561561561575e+02 5.265100407236346882e+02
9.681481481481481524e+02 5.272806105943552666e+02
9.701401401401401472e+02 5.280502716352403922e+02
9.721321321321321420e+02 5.288190269517024262e+02
9.741241241241241369e+02 5.295868796314352949e+02
9.761161161161161317e+02 5.303538327458785488e+02
9.781081081081081265e+02 5.311198893489799957e+02
9.801001001001001214e+02 5.318850524786442975e+02
9.820920920920921162e+02 5.326493251551115691e+02
9.840840840840841111e+02 5.334127103827647716e+02
9.860760760760761059e+02 5.341752111499048397e+02
9.880680680680681007e+02 5.349368304278173127e+02
9.900600600600600956e+02 5.356975711722901679e+02
9.920520520520519767e+02 5.364574363228829270e+02
9.940440440440439716e+02 5.372164288025634278e+02
9.960360360360359664e+02 5.379745515199609827e+02
9.980280280280279612e+02 5.387318073667216822e+02
1.000020020020019956e+03 5.394881992194862050e+02
1.002012012012011951e+03 5.402437299393837975e+02
1.004004004004003946e+03 5.409984023723270639e+02
1.005995995995995941e+03 5.417522193489552365e+02
1.007987987987987935e+03 5.425051836845048001e+02
1.009979979979979930e+03 5.432572981794821771e+02
1.011971971971971925e+03 5.440085656197659318e+02
1.013963963963963920e+03 5.447589887760435658e+02
1.015955955955955915e+03 5.455085704044831800e+02
1.017947947947947910e+03 5.462573132466776542e+02
1.019939939939939904e+03 5.470052200298162006e+02
1.021931931931931899e+03 5.477522934665250887e+02
1.023923923923923894e+03 5.484985362554104995e+02
1.025915915915915775e+03 5.492439510807438410e+02
1.027907907907907884e+03 5.499885406128613567e+02
1.029899899899899992e+03 5.507323075084676702e+02
1.031891891891891873e+03 5.514752544096487554e+02
1.033883883883883755e+03 5.522173839452868833e+02
1.035875875875875863e+03 5.529586987309114647e+02
1.037867867867867744e+03 5.536992013674151849e+02
1.039859859859859853e+03 5.544388944432298558e+02
1.041851851851851734e+03 5.551777805332442313e+02
1.043843843843843842e+03 5.559158621986481421e+02
1.045835835835835724e+03 5.566531419877097733e+02
1.047827827827827832e+03 5.573896224358568361e+02
1.049819819819819713e+03 5.581253060652378508e+02
1.051811811811811822e+03 5.588601953850172777e+02
1.053803803803803703e+03 5.595942928919342876e+02
1.055795795795795812e+03 5.603276010695547029e+02
1.057787787787787693e+03 5.610601223888326103e+02
1.059779779779779801e+03 5.617918593085847760e+02
1.061771771771771682e+03 5.625228142751894893e+02
1.063763763763763791e+03 5.632529897219299073e+02
1.065755755755755672e+03 5.639823880704872181e+02
1.067747747747747781e+03 5.647110117301059518e+02
1.069739739739739662e+03 5.654388630981177357e+02
1.071731731731731770e+03 5.661659445592547399e+02
1.073723723723723651e+03 5.668922584868431613e+02
1.075715715715715760e+03 5.676178072424409038e+02
1.077707707707707641e+03 5.683425931751443159e+02
1.079699699699699750e+03 5.690666186229143477e+02
1.081691691691691631e+03 5.697898859118212158e+02
1.083683683683683739e+03 5.705123973565254119e+02
1.085675675675675620e+03 5.712341552603005539e+02
1.087667667667667729e+03 5.719551619146211578e+02
1.089659659659659610e+03 5.726754196000802040e+02
1.091651651651651719e+03 5.733949305859609922e+02
1.093643643643643600e+03 5.741136971300657024e+02
1.095635635635635708e+03 5.748317214790889693e+02
1.097627627627627589e+03 5.755490058696153710e+02
1.099619619619619698e+03 5.762655525262867968e+02
1.101611611611611579e+03 5.769813636629260145e+02
1.103603603603603688e+03 5.776964414833436194e+02
1.105595595595595569e+03 5.784107881796171569e+02
1.107587587587587677e+03 5.791244059340587000e+02
1.109579579579579558e+03 5.798372969179335996e+02
1.111571571571571440e+03 5.805494632920405138e+02
1.113563563563563548e+03 5.812609072065911278e+02
1.115555555555555429e+03 5.819716308017995061e+02
1.117547547547547538e+03 5.826816362075852567e+02
1.119539539539539419e+03 5.833909255431044585e+02
1.121531531531531527e+03 5.840995009176920121e+02
1.123523523523523409e+03 5.848073644310593409e+02
1.125515515515515517e+03 5.855145181715801073e+02
1.127507507507507398e+03 5.862209642189295664e+02
1.129499499499499507e+03 5.869267046427056584e+02
1.131491491491491388e+03 5.876317415017254007e+02
1.133483483483483496e+03 5.883360768463171553e+02
1.135475475475475378e+03 5.890397127156944634e+02
1.137467467467467486e+03 5.897426511411998717e+02
1.139459459459459367e+03 5.904448941425119983e+02
1.141451451451451476e+03 5.911464437317847569e+02
1.143443443443443357e+03 5.918473019101361388e+02
1.145435435435435465e+03 5.925474706699756098e+02
1.147427427427427347e+03 5.932469519945316279e+02
1.149419419419419455e+03 5.939457478574674951e+02
1.151411411411411336e+03 5.946438602233758957e+02
1.153403403403403445e+03 5.953412910474859245e+02
1.155395395395395326e+03 5.960380422760343890e+02
1.157387387387387435e+03 5.967341158463988222e+02
1.159379379379379316e+03 5.974295136864519691e+02
1.161371371371371424e+03 5.981242377153977259e+02
1.163363363363363305e+03 5.988182898442524902e+02
1.165355355355355414e+03 5.995116719745121827e+02
1.167347347347347295e+03 6.002043859980104799e+02
1.169339339339339404e+03 6.008964338001349006e+02
1.171331331331331285e+03 6.015878172556388108e+02
1.173323323323323393e+03 6.022785382314341405e+02
1.175315315315315274e+03 6.029685985859165385e+02
1.177307307307307383e+03 6.036580001687418644e+02
1.179299299299299264e+03 6.043467448215285458e+02
1.181291291291291373e+03 6.050348343774460318e+02
1.183283283283283254e+03 6.057222706609013585e+02
1.185275275275275362e+03 6.064090554881713615e+02
1.187267267267267243e+03 6.070951906673639087e+02
1.189259259259259125e+03 6.077806779991537951e+02
1.191251251251251233e+03 6.084655192747202364e+02
1.193243243243243114e+03 6.091497162780327699e+02
1.195235235235235223e+03 6.098332707844896277e+02
1.197227227227227104e+03 6.105161845626446393e+02
1.199219219219219212e+03 6.111984593717086227e+02
1.201211211211211094e+03 6.118800969643904182e+02
1.203203203203203202e+03 6.125610990838708858e+02
1.205195195195195083e+03 6.132414674671713328e+02
1.207187187187187192e+03 6.139212038423112290e+02
1.209179179179179073e+03 6.146220728805135423e+02
1.211171171171171181e+03 6.153278719441150315e+02
1.213163163163163063e+03 6.160330106006792903e+02
1.215155155155155171e+03 6.167374906418644969e+02
1.217147147147147052e+03 6.174413138518706319e+02
1.219139139139139161e+03 6.181444820083578406e+02
1.221131131131131042e+03 6.188469968789685254e+02
1.223123123123123150e+03 6.195488602250059103e+02
1.225115115115115032e+03 6.202500737999117746e+02
1.227107107107107140e+03 6.209506393498797934e+02
1.229099099099099021e+03 6.216505586128968162e+02
1.231091091091091130e+03 6.223498333189552341e+02
1.233083083083083011e+03 6.230484651922934063e+02
1.235075075075075119e+03 6.237464559474514090e+02
1.237067067067067001e+03 6.244438072931718580e+02
1.239059059059059109e+03 6.251405209300571642e+02
1.241051051051050990e+03 6.258365985521717221e+02
1.243043043043043099e+03 6.265320418449463205e+02
1.245035035035034980e+03 6.272268524887706462e+02
1.247027027027027088e+03 6.279210321541651183e+02
1.249019019019018970e+03 6.286145825064735391e+02
1.251011011011011078e+03 6.293075052030851566e+02
1.253003003003002959e+03 6.299998018942802673e+02
1.254994994994995068e+03 6.306914742241896192e+02
1.256986986986986949e+03 6.313825238283616272e+02
1.258978978978979058e+03 6.320729523369174103e+02
1.260970970970970939e+03 6.327627613722852402e+02
1.262962962962963047e+03 6.334519525500528516e+02
1.264954954954954928e+03 6.341405274796438789e+02
1.266946946946946809e+03 6.348284877630538858e+02
1.268938938938938918e+03 6.355158349950526144e+02
1.270930930930930799e+03 6.362025707651075663e+02
1.272922922922922908e+03 6.368886966544796451e+02
1.274914914914914789e+03 6.375742142390253093e+02
1.276906906906906897e+03 6.382591250868908901e+02
1.278898898898898778e+03 6.389434307614643558e+02
1.280890890890890887e+03 6.396271328171075083e+02
1.282882882882882768e+03 6.403102328039708482e+02
1.284874874874874877e+03 6.409927322641020737e+02
1.286866866866866758e+03 6.416746327343308849e+02
1.288858858858858866e+03 6.423559357445188880e+02
1.290850850850850748e+03 6.430366428175685769e+02
1.292842842842842856e+03 6.437167554719992495e+02
1.294834834834834737e+03 6.443962752181755604e+02
1.296826826826826846e+03 6.450752035607916923e+02
1.298818818818818727e+03 6.457535419987307250e+02
1.300810810810810835e+03 6.464312920244067300e+02
1.302802802802802717e+03 6.471084551239222264e+02
1.304794794794794825e+03 6.477850327779669897e+02
1.306786786786786706e+03 6.484610264602052894e+02
1.308778778778778815e+03 6.491364376394126339e+02
1.310770770770770696e+03 6.498112677764924001e+02
1.312762762762762804e+03 6.504855183291795129e+02
1.314754754754754686e+03 6.511591907469717171e+02
1.316746746746746794e+03 6.518322864746728555e+02
1.318738738738738675e+03 6.525048069500807060e+02
1.320730730730730784e+03 6.531767536063267698e+02
1.322722722722722665e+03 6.538481278705573914e+02
1.324714714714714773e+03 6.545189311635290323e+02
1.326706706706706655e+03 6.551891649007316119e+02
1.328698698698698763e+03 6.558588304919219354e+02
1.330690690690690644e+03 6.565279293413631194e+02
1.332682682682682753e+03 6.571964628469555691e+02
1.334674674674674634e+03 6.578644324022695855e+02
1.336666666666666742e+03 6.585318393933378047e+02
1.338658658658658624e+03 6.591986852036708342e+02
1.340650650650650732e+03 6.598649712073677165e+02
1.342642642642642613e+03 6.605306987759480535e+02
1.344634634634634494e+03 6.611958692753365767e+02
1.346626626626626603e+03 6.618604840648557683e+02
1.348618618618618484e+03 6.625245444986129542e+02
1.350610610610610593e+03 6.631880519257556443e+02
1.352602602602602474e+03 6.638510076908174824e+02
1.354594594594594582e+03 6.645134131307329426e+02
1.356586586586586463e+03 6.651752695796076296e+02
1.358578578578578572e+03 6.658365783656103076e+02
1.360570570570570453e+03 6.664973408099347125e+02
1.362562562562562562e+03 6.671575582323204117e+02
1.364554554554554443e+03 6.678172319428479113e+02
1.366546546546546551e+03 6.684763632499614232e+02
1.368538538538538432e+03 6.691349534544946209e+02
1.370530530530530541e+03 6.697930038557092303e+02
1.372522522522522422e+03 6.704505157429661040e+02
1.374514514514514531e+03 6.711074904047305836e+02
1.376506506506506412e+03 6.717639291221619260e+02
1.378498498498498520e+03 6.724198331725455091e+02
1.380490490490490401e+03 6.730752038272922846e+02
1.382482482482482510e+03 6.737300423540905285e+02
1.384474474474474391e+03 6.743843500147747818e+02
1.386466466466466500e+03 6.750381280667264718e+02
1.388458458458458381e+03 6.756913777621186910e+02
1.390450450450450489e+03 6.763441003483910663e+02
1.392442442442442371e+03 6.769962970692253066e+02
1.394434434434434479e+03 6.776479691617478238e+02
1.396426426426426360e+03 6.782991178590852996e+02
1.398418418418418469e+03 6.789497443911017172e+02
1.400410410410410350e+03 6.795998499800319905e+02
1.402402402402402458e+03 6.802494358464291508e+02
1.404394394394394340e+03 6.808985032044257650e+02
1.406386386386386448e+03 6.815470532631694596e+02
1.408378378378378329e+03 6.821950872288250594e+02
1.410370370370370438e+03 6.828426063030084379e+02
1.412362362362362319e+03 6.834896116796605838e+02
1.414354354354354427e+03 6.841361045521504138e+02
1.416346346346346309e+03 6.847820861075499579e+02
1.418338338338338417e+03 6.854275575283617172e+02
1.420330330330330298e+03 6.860725199923722357e+02
1.422322322322322179e+03 6.867169746739758693e+02
1.424314314314314288e+03 6.873609227425949939e+02
1.426306306306306169e+03 6.880043653624122726e+02
1.428298298298298278e+03 6.886473036959749834e+02
1.430290290290290159e+03 6.892897388969913663e+02
1.432282282282282267e+03 6.899316721200248139e+02
1.434274274274274148e+03 6.905731045107619366e+02
1.436266266266266257e+03 6.912140372134747395e+02
1.438258258258258138e+03 6.918544713676238871e+02
1.440250250250250247e+03 6.924944081085359358e+02
1.442242242242242128e+03 6.931338485653985799e+02
1.444234234234234236e+03 6.937727938657666300e+02
1.446226226226226117e+03 6.944112451320552282e+02
1.448218218218218226e+03 6.950492034822217420e+02
1.450210210210210107e+03 6.956866700310511078e+02
1.452202202202202216e+03 6.963236458868866521e+02
1.454194194194194097e+03 6.969601321568936783e+02
1.456186186186186205e+03 6.975961299435197134e+02
1.458178178178178086e+03 6.982316403434409722e+02
1.460170170170170195e+03 6.988666644503676935e+02
1.462162162162162076e+03 6.995012033550286787e+02
1.464154154154154185e+03 7.001352581422181629e+02
1.466146146146146066e+03 7.007688298950346280e+02
1.468138138138138174e+03 7.014019196896339281e+02
1.470130130130130055e+03 7.020345286008355288e+02
1.472122122122122164e+03 7.026666576991400461e+02
1.474114114114114045e+03 7.032983080512765355e+02
1.476106106106106154e+03 7.039294807175566575e+02
1.478098098098098035e+03 7.045601767574788710e+02
1.480090090090090143e+03 7.051903972268792131e+02
1.482082082082082024e+03 7.058201431750592292e+02
1.484074074074074133e+03 7.064494156481118807e+02
1.486066066066066014e+03 7.070782156924484525e+02
1.488058058058058123e+03 7.077065443450951534e+02
1.490050050050050004e+03 7.083344026440774996e+02
1.492042042042042112e+03 7.089617916180175143e+02
1.494034034034033994e+03 7.095887122990444595e+02
1.496026026026026102e+03 7.102151657085579473e+02
1.498018018018017983e+03 7.108411528702971509e+02
1.500010010010010092e+03 7.114666748004505052e+02
1.502002002002001973e+03 7.120917325129333904e+02
1.503993993993993854e+03 7.127163270178365337e+02
1.505985985985985963e+03 7.133404593216255307e+02
1.507977977977977844e+03 7.139641304282013152e+02
1.509969969969969952e+03 7.145873413365005717e+02
1.511961961961961833e+03 7.152100930411218087e+02
1.513953953953953942e+03 7.158323865371793318e+02
1.515945945945945823e+03 7.164542228115066109e+02
1.517937937937937932e+03 7.170756028507660176e+02
1.519929929929929813e+03 7.176965276349390024e+02
1.521921921921921921e+03 7.183169981452823549e+02
1.523913913913913802e+03 7.189370153546742586e+02
1.525905905905905911e+03 7.195565802359201371e+02
1.527897897897897792e+03 7.201756937581332068e+02
1.529889889889889901e+03 7.207943568824828162e+02
1.531881881881881782e+03 7.214125705745721007e+02
1.533873873873873890e+03 7.220303357913683158e+02
1.535865865865865771e+03 7.226476534863526240e+02
1.537857857857857880e+03 7.232645246124653795e+02
1.539849849849849761e+03 7.238809501168456109e+02
1.541841841841841870e+03 7.244969309457935651e+02
1.543833833833833751e+03 7.251124680402698459e+02
1.545825825825825859e+03 7.257275623368457218e+02
1.547817817817817740e+03 7.263422147734252121e+02
1.549809809809809849e+03 7.269564262811446724e+02
1.551801801801801730e+03 7.275701977874578006e+02
1.553793793793793839e+03 7.281835302194324413e+02
1.555785785785785720e+03 7.287964244983863864e+02
1.557777777777777828e+03 7.294088815435436572e+02
1.559769769769769709e+03 7.300209022712145952e+02
1.561761761761761818e+03 7.306324875937172010e+02
1.563753753753753699e+03 7.312436384221940671e+02
1.565745745745745808e+03 7.318543556615835541e+02
1.567737737737737689e+03 7.324646402162837830e+02
1.569729729729729797e+03 7.330744929855611645e+02
1.571721721721721678e+03 7.336839148691242372e+02
1.573713713713713787e+03 7.342929067595338211e+02
1.575705705705705668e+03 7.349014695490591293e+02
1.577697697697697777e+03 7.355096041252978694e+02
1.579689689689689658e+03 7.361173113733449327e+02
1.581681681681681539e+03 7.367245921757817086e+02
1.583673673673673647e+03 7.373314474130721692e+02
1.585665665665665529e+03 7.379378779595617743e+02
1.587657657657657637e+03 7.385438846899141936e+02
1.589649649649649518e+03 7.391494684741289802e+02
1.591641641641641627e+03 7.397546301800877018e+02
1.593633633633633508e+03 7.403593706722781462e+02
1.595625625625625617e+03 7.409636908121688066e+02
1.597617617617617498e+03 7.415675914597157998e+02
1.599609609609609606e+03 7.421710734689590936e+02
1.601601601601601487e+03 7.427741376943852174e+02
1.603593593593593596e+03 7.433767849862088042e+02
1.605585585585585477e+03 7.439790161919861475e+02
1.607577577577577586e+03 7.445808321554860640e+02
1.609569569569569467e+03 7.451822337191485985e+02
1.611561561561561575e+03 7.457832217203234677e+02
1.613553553553553456e+03 7.463837969992797525e+02
1.615545545545545565e+03 7.469839603859710451e+02
1.617537537537537446e+03 7.475837127127648500e+02
1.619529529529529555e+03 7.481830548053526400e+02
1.621521521521521436e+03 7.487819874924788337e+02
1.623513513513513544e+03 7.493805115940009500e+02
1.625505505505505425e+03 7.499786279298087948e+02
1.627497497497497534e+03 7.505763373206123106e+02
1.629489489489489415e+03 7.511736405761320157e+02
1.631481481481481524e+03 7.517705385111476062e+02
1.633473473473473405e+03 7.523670319326831759e+02
1.635465465465465513e+03 7.529631216493146439e+02
1.637457457457457394e+03 7.535588084632566961e+02
1.639449449449449503e+03 7.541540931777096830e+02
1.641441441441441384e+03 7.547489765894373477e+02
1.643433433433433493e+03 7.553434594949894745e+02
1.645425425425425374e+03 7.559375426880002351e+02
1.647417417417417482e+03 7.565312269589712741e+02
1.649409409409409363e+03 7.571245130972656625e+02
1.651401401401401472e+03 7.577174018875595038e+02
1.653393393393393353e+03 7.583098941137068323e+02
1.655385385385385462e+03 7.589019905554110892e+02
1.657377377377377343e+03 7.594936919921880190e+02
1.659369369369369224e+03 7.600849991996068411e+02
1.661361361361361332e+03 7.606759129507298667e+02
1.663353353353353214e+03 7.612664340140637478e+02
1.665345345345345322e+03 7.618565631610439368e+02
1.667337337337337203e+03 7.624463011560155792e+02
1.669329329329329312e+03 7.630356487630226638e+02
1.671321321321321193e+03 7.636246067409458647e+02
1.673313313313313301e+03 7.642131758511118278e+02
1.675305305305305183e+03 7.648013568457706697e+02
1.677297297297297291e+03 7.653891504816789393e+02
1.679289289289289172e+03 7.659765575096041630e+02
1.681281281281281281e+03 7.665635786788081987e+02
1.683273273273273162e+03 7.671502147326133354e+02
1.685265265265265271e+03 7.677364664195283694e+02
1.687257257257257152e+03 7.683223344768309744e+02
1.689249249249249260e+03 7.689078196479733833e+02
1.691241241241241141e+03 7.694929226676362077e+02
1.693233233233233250e+03 7.700776442718444059e+02
1.695225225225225131e+03 7.706619851917739652e+02
1.697217217217217240e+03 7.712459461583167695e+02
1.699209209209209121e+03 7.718295278997302376e+02
1.701201201201201229e+03 7.724127311411835990e+02
1.703193193193193110e+03 7.729955566037529024e+02
1.705185185185185219e+03 7.735780050114930191e+02
1.707177177177177100e+03 7.741600770823713447e+02
1.709169169169169209e+03 7.747417735317394545e+02
1.711161161161161090e+03 7.753230950752058561e+02
1.713153153153153198e+03 7.759040424245282566e+02
1.715145145145145079e+03 7.764846162875727487e+02
1.717137137137137188e+03 7.770648173753764922e+02
1.719129129129129069e+03 7.776446463912010358e+02
1.721121121121121178e+03 7.782241040380304185e+02
1.723113113113113059e+03 7.788031910180479827e+02
1.725105105105105167e+03 7.793819080295082813e+02
1.727097097097097048e+03 7.799602557698921146e+02
1.729089089089089157e+03 7.805382349324881943e+02
1.731081081081081038e+03 7.811158462096950643e+02
1.733073073073073147e+03 7.816930902929419744e+02
1.735065065065065028e+03 7.822699678692940779e+02
1.737057057057056909e+03 7.828464796275951585e+02
1.739049049049049017e+03 7.834226262470175470e+02
1.741041041041040899e+03 7.839984084128182076e+02
1.743033033033033007e+03 7.845738268042017580e+02
1.745025025025024888e+03 7.851488820979136563e+02
1.747017017017016997e+03 7.857235749703955889e+02
1.749009009009008878e+03 7.862979060954556871e+02
1.751001001001000986e+03 7.868718761437107787e+02
1.752992992992992868e+03 7.874454857853060048e+02
1.754984984984984976e+03 7.880187356870832218e+02
1.756976976976976857e+03 7.885916265155233305e+02
1.758968968968968966e+03 7.891641589322435948e+02
1.760960960960960847e+03 7.897363336000220215e+02
1.762952952952952955e+03 7.903081511781392692e+02
1.764944944944944837e+03 7.908796123226678674e+02
1.766936936936936945e+03 7.914507176897116096e+02
1.768928928928928826e+03 7.920214679332311789e+02
1.770920920920920935e+03 7.925918637047888069e+02
1.772912912912912816e+03 7.931619056526418490e+02
1.774904904904904924e+03 7.937315944255271916e+02
1.776896896896896806e+03 7.943009306676706274e+02
1.778888888888888914e+03 7.948699150256189796e+02
1.780880880880880795e+03 7.954385481366144859e+02
1.782872872872872904e+03 7.960068306424722095e+02
1.784864864864864785e+03 7.965747631820476045e+02
1.786856856856856894e+03 7.971423463919759342e+02
1.788848848848848775e+03 7.977095809051636479e+02
1.790840840840840883e+03 7.982764673509382192e+02
1.792832832832832764e+03 7.988430063658063318e+02
1.794824824824824873e+03 7.994091985710882682e+02
1.796816816816816754e+03 7.999750445992816594e+02
1.798808808808808863e+03 8.005405450735640898e+02
1.800800800800800744e+03 8.011057006133698906e+02
1.802792792792792852e+03 8.016705118444762093e+02
1.804784784784784733e+03 8.022349793826265341e+02
1.806776776776776842e+03 8.027991038477550774e+02
1.808768768768768723e+03 8.033628858524651832e+02
1.810760760760760832e+03 8.039263260140905913e+02
1.812752752752752713e+03 8.044894249408049518e+02
1.814744744744744594e+03 8.050521832469917172e+02
1.816736736736736702e+03 8.056146015357593342e+02
1.818728728728728584e+03 8.059138259619003293e+02
1.820720720720720692e+03 8.060304815691330305e+02
1.822712712712712573e+03 8.061468935934830142e+02
1.824704704704704682e+03 8.062630627919073731e+02
1.826696696696696563e+03 8.063789899260261791e+02
1.828688688688688671e+03 8.064946757493596579e+02
1.830680680680680553e+03 8.066101210123997589e+02
1.832672672672672661e+03 8.067253264629750902e+02
1.834664664664664542e+03 8.068402928490456816e+02
1.836656656656656651e+03 8.069550209096881872e+02
1.838648648648648532e+03 8.070695113863362167e+02
1.840640640640640640e+03 8.071837650121379966e+02
1.842632632632632522e+03 8.072977825230951794e+02
1.844624624624624630e+03 8.074115646474363075e+02
1.846616616616616511e+03 8.075251121110576378e+02
1.848608608608608620e+03 8.076384256420957399e+02
1.850600600600600501e+03 8.077515059567282378e+02
1.852592592592592609e+03 8.078643537745823551e+02
1.854584584584584491e+03 8.079769698122914861e+02
1.856576576576576599e+03 8.080893547814572457e+02
1.858568568568568480e+03 8.082015093903418119e+02
1.860560560560560589e+03 8.083134343446092771e+02
1.862552552552552470e+03 8.084251303499609094e+02
1.864544544544544578e+03 8.085365981058630496e+02
1.866536536536536460e+03 8.086478383115299948e+02
1.868528528528528568e+03 8.087588516581096201e+02
1.870520520520520449e+03 8.088696388423367125e+02
1.872512512512512558e+03 8.089802005507375497e+02
1.874504504504504439e+03 8.090905374698766082e+02
1.876496496496496547e+03 8.092006502846180638e+02
1.878488488488488429e+03 8.093105396755667016e+02
1.880480480480480537e+03 8.094202063200274324e+02
1.882472472472472418e+03 8.095296508950016232e+02
1.884464464464464527e+03 8.096388740711025775e+02
1.886456456456456408e+03 8.097478765218553463e+02
1.888448448448448517e+03 8.098566589112645033e+02
1.890440440440440398e+03 8.099652219050036592e+02
1.892432432432432506e+03 8.100735661660486358e+02
1.894424424424424387e+03 8.101816923516311135e+02
1.896416416416416268e+03 8.102896011205734794e+02
1.898408408408408377e+03 8.103972931258529115e+02
1.900400400400400258e+03 8.105047690198022110e+02
1.902392392392392367e+03 8.106120294510158146e+02
1.904384384384384248e+03 8.107190750642751027e+02
1.906376376376376356e+03 8.108259065056053032e+02
1.908368368368368237e+03 8.109325244130970987e+02
1.910360360360360346e+03 8.110389294290556563e+02
1.912352352352352227e+03 8.111451221859612133e+02
1.914344344344344336e+03 8.112511033195985419e+02
1.916336336336336217e+03 8.113568734608376189e+02
1.918328328328328325e+03 8.114624332358578158e+02
1.920320320320320207e+03 8.115677832724231848e+02
1.922312312312312315e+03 8.116729241963444110e+02
1.924304304304304196e+03 8.117778566249977530e+02
1.926296296296296305e+03 8.118825811765441358e+02
1.928288288288288186e+03 8.119870984710977382e+02
1.930280280280280294e+03 8.120914091186574524e+02
1.932272272272272176e+03 8.121955137324697489e+02
1.934264264264264284e+03 8.122994129216862120e+02
1.936256256256256165e+03 8.124031072911152478e+02
1.938248248248248274e+03 8.125065974457651237e+02
1.940240240240240155e+03 8.126098839890677255e+02
1.942232232232232263e+03 8.127129675168603171e+02
1.944224224224224145e+03 8.128158486290901692e+02
1.946216216216216253e+03 8.129185279196242391e+02
1.948208208208208134e+03 8.130210059802266187e+02
1.950200200200200243e+03 8.131232834020463542e+02
1.952192192192192124e+03 8.132253607722283277e+02
1.954184184184184232e+03 8.133272386756377728e+02
1.956176176176176114e+03 8.134289176972844189e+02
1.958168168168168222e+03 8.135303984171293905e+02
1.960160160160160103e+03 8.136316814133003845e+02
1.962152152152152212e+03 8.137327672618538372e+02
1.964144144144144093e+03 8.138336565395309208e+02
1.966136136136136201e+03 8.139343498172249838e+02
1.968128128128128083e+03 8.140348476626435286e+02
1.970120120120120191e+03 8.141351506440071262e+02
1.972112112112112072e+03 8.142352593281284499e+02
1.974104104104103953e+03 8.143351742772886155e+02
1.976096096096096062e+03 8.144348960531050352e+02
1.978088088088087943e+03 8.145344252158392919e+02
1.980080080080080052e+03 8.146337623188434236e+02
1.982072072072071933e+03 8.147329079178662141e+02
1.984064064064064041e+03 8.148318625661463557e+02
1.986056056056055922e+03 8.149306268123763175e+02
1.988048048048048031e+03 8.150292012089255422e+02
1.990040040040039912e+03 8.151275862974227948e+02
1.992032032032032021e+03 8.152257826227589703e+02
1.994024024024023902e+03 8.153237907273762630e+02
1.996016016016016010e+03 8.154216111531665092e+02
1.998008008008007891e+03 8.155192444344919522e+02
2.000000000000000000e+03 8.156166911081414810e+02
