1.000000000000000000e+01 -2.181882251552162977e-01
1.199199199199199128e+01 -5.033761938924743440e-01
1.398398398398398434e+01 -5.871982849590066111e-01
1.597597597597597563e+01 -6.710794476149762877e-01
1.796796796796796869e+01 -7.550198069243497789e-01
1.995995995995995997e+01 -8.391399953811053969e-01
2.195195195195195126e+01 -9.233241337437161356e-01
2.394394394394394254e+01 -1.007568134292599504e+00
2.593593593593593738e+01 -1.091872115407920729e+00
2.792792792792792866e+01 -1.176236198581920966e+00
2.991991991991991995e+01 -1.260660507538118091e+00
3.191191191191191123e+01 -1.345145167680755760e+00
3.390390390390390252e+01 -1.429690305738891887e+00
3.589589589589589025e+01 -1.514296049529598731e+00
3.788788788788788509e+01 -1.598962527796524036e+00
3.987987987987987992e+01 -1.683656614110666361e+00
4.187187187187187476e+01 -1.768162384030906864e+00
4.386386386386386249e+01 -1.852728810621897981e+00
4.585585585585585733e+01 -1.937356025783679270e+00
4.784784784784784506e+01 -2.022044161710413679e+00
4.983983983983983990e+01 -2.106793350928100494e+00
5.183183183183182763e+01 -2.191603726324144130e+00
5.382382382382382247e+01 -2.276475421170924385e+00
5.581581581581581730e+01 -2.361408569144832992e+00
5.780780780780780503e+01 -2.446403304341907781e+00
5.979979979979979987e+01 -2.531459761290837385e+00
6.179179179179178760e+01 -2.616578074963950673e+00
6.378378378378378244e+01 -2.701758380786610125e+00
6.577577577577577017e+01 -2.787000814645391955e+00
6.776776776776776501e+01 -2.872305512895254598e+00
6.975975975975975985e+01 -2.957672612365946474e+00
7.175175175175175468e+01 -3.043102250367786255e+00
7.374374374374374952e+01 -3.128594564696923541e+00
7.573573573573573015e+01 -3.214301698399342655e+00
7.772772772772772498e+01 -3.300132466599416059e+00
7.971971971971971982e+01 -3.386026744360089324e+00
8.171171171171171466e+01 -3.471984672329449406e+00
8.370370370370369528e+01 -3.558006391727564832e+00
8.569569569569569012e+01 -3.644092044343615111e+00
8.768768768768768496e+01 -3.730241772533770206e+00
8.967967967967967979e+01 -3.816455719219786769e+00
9.167167167167167463e+01 -3.902734027888118185e+00
9.366366366366365526e+01 -3.989076842589536653e+00
9.565565565565565009e+01 -4.075484307939174045e+00
9.764764764764764493e+01 -4.161956569116890492e+00
9.963963963963963977e+01 -4.248493771867996038e+00
1.016316316316316346e+02 -4.335096062504214309e+00
1.036236236236236152e+02 -4.421763587904904647e+00
1.056156156156156101e+02 -4.508496495518472535e+00
1.076076076076076049e+02 -4.595294933363990530e+00
1.095995995995995997e+02 -4.682159050032962178e+00
1.115915915915915946e+02 -4.769088994691242256e+00
1.135835835835835752e+02 -4.856084917081100016e+00
1.155755755755755700e+02 -4.943146967523351698e+00
1.175675675675675649e+02 -5.030275296919685779e+00
1.195595595595595597e+02 -5.117470056754991781e+00
1.215515515515515546e+02 -5.204731399099831179e+00
1.235435435435435352e+02 -5.292059476612997138e+00
1.255355355355355300e+02 -5.379454442544107096e+00
1.275275275275275249e+02 -5.466898170646719457e+00
1.295195195195195197e+02 -5.554366316539970150e+00
1.315115115115115145e+02 -5.641901470120422424e+00
1.335035035035035094e+02 -5.729503785629158408e+00
1.354954954954955042e+02 -5.817173417899932808e+00
1.374874874874874990e+02 -5.904910522362332159e+00
1.394794794794794655e+02 -5.992715255045008682e+00
1.414714714714714603e+02 -6.080587772578909700e+00
1.434634634634634551e+02 -6.168528232200532813e+00
1.454554554554554500e+02 -6.256536791755224591e+00
1.474474474474474448e+02 -6.344613609700461510e+00
1.494394394394394396e+02 -6.432758845109208146e+00
1.514314314314314345e+02 -6.520972657673234529e+00
1.534234234234234293e+02 -6.609255207706527635e+00
1.554154154154154241e+02 -6.697606656148674453e+00
1.574074074074073906e+02 -6.786027164568260162e+00
1.593993993993993854e+02 -6.874516895166371100e+00
1.613913913913913802e+02 -6.963076010780013370e+00
1.633833833833833751e+02 -7.051704674885632684e+00
1.653753753753753699e+02 -7.140403051602640438e+00
1.673673673673673647e+02 -7.229171305696946881e+00
1.693593593593593596e+02 -7.318009602584531592e+00
1.713513513513513544e+02 -7.406918108335053041e+00
1.733433433433433493e+02 -7.495896989675458144e+00
1.753353353353353441e+02 -7.584946413993640668e+00
1.773273273273273105e+02 -7.674066549342100529e+00
1.793193193193193054e+02 -7.763257564441663483e+00
1.813113113113113002e+02 -7.852519628685183939e+00
1.833033033033032950e+02 -7.941852912141319720e+00
1.852952952952952899e+02 -8.031257585558304157e+00
1.872872872872872847e+02 -8.120733820367753708e+00
1.892792792792792795e+02 -8.210281788688501337e+00
1.912712712712712744e+02 -8.299901663330469859e+00
1.932632632632632692e+02 -8.389593617798540848e+00
1.952552552552552640e+02 -8.479357826296507028e+00
1.972472472472472305e+02 -8.569194463730980260e+00
1.992392392392392253e+02 -8.659103705715402555e+00
2.012312312312312201e+02 -8.749085728574035770e+00
2.032232232232232150e+02 -8.839140709345993940e+00
2.052152152152152098e+02 -8.928875400579034505e+00
2.072072072072072046e+02 -9.018575820752950278e+00
2.091991991991991995e+02 -9.108348914576334110e+00
2.111911911911911943e+02 -9.198194858407413577e+00
2.131831831831831892e+02 -9.288113829341190453e+00
2.151751751751751840e+02 -9.378106005212725194e+00
2.171671671671671504e+02 -9.468171564600424972e+00
2.191591591591591452e+02 -9.558310686829488034e+00
2.211511511511511401e+02 -9.648523551975323187e+00
2.231431431431431349e+02 -9.738810340867138038e+00
2.251351351351351298e+02 -9.829171235091507697e+00
2.271271271271271246e+02 -9.919606416996090914e+00
2.291191191191191194e+02 -1.001011606969331247e+01
2.311111111111111143e+02 -1.010070037706420187e+01
2.331031031031031091e+02 -1.019135952376225340e+01
2.350950950950951039e+02 -1.028209369521731276e+01
2.370870870870870704e+02 -1.037290307763957387e+01
2.390790790790790652e+02 -1.046378785802360234e+01
2.410710710710710600e+02 -1.055474822415242286e+01
2.430630630630630549e+02 -1.064578436460167588e+01
2.450550550550550497e+02 -1.073689646874377956e+01
2.470470470470470445e+02 -1.082808472675220912e+01
2.490390390390390394e+02 -1.091934932960577598e+01
2.510310310310310342e+02 -1.101069046909299942e+01
2.530230230230230291e+02 -1.110210833781647999e+01
2.550150150150150239e+02 -1.119360312919738121e+01
2.570070070070070187e+02 -1.128517503747990425e+01
2.589989989989990136e+02 -1.137682425773587092e+01
2.609909909909910084e+02 -1.146855098586928534e+01
2.629829829829830032e+02 -1.156035541862102356e+01
2.649749749749749981e+02 -1.165223775357351954e+01
2.669669669669669361e+02 -1.174419818915548142e+01
2.689589589589589309e+02 -1.183623692464673915e+01
2.709509509509509257e+02 -1.192835416018302652e+01
2.729429429429429206e+02 -1.202055009676094244e+01
2.749349349349349154e+02 -1.211282493624280754e+01
2.769269269269269103e+02 -1.220517888136173568e+01
2.789189189189189051e+02 -1.229761213572657219e+01
2.809109109109108999e+02 -1.239012490382708442e+01
2.829029029029028948e+02 -1.248271739103899236e+01
2.848948948948948896e+02 -1.257538980362918934e+01
2.868868868868868844e+02 -1.266814234876099121e+01
2.888788788788788793e+02 -1.276097523449933746e+01
2.908708708708708741e+02 -1.285388866981618072e+01
2.928628628628628690e+02 -1.294688286459581406e+01
2.948548548548548638e+02 -1.303995802964030659e+01
2.968468468468468586e+02 -1.313311437667495873e+01
2.988388388388388535e+02 -1.322635211835382663e+01
3.008308308308308483e+02 -1.331967146826524129e+01
3.028228228228228431e+02 -1.341307264093750184e+01
3.048148148148147811e+02 -1.350655585184445684e+01
3.068068068068067760e+02 -1.360012131741123653e+01
3.087987987987987708e+02 -1.369376925502005982e+01
3.107907907907907656e+02 -1.378749988301597185e+01
3.127827827827827605e+02 -1.388131342071274688e+01
3.147747747747747553e+02 -1.397521008839877688e+01
3.167667667667667502e+02 -1.406919010734306674e+01
3.187587587587587450e+02 -1.416325369980122773e+01
3.207507507507507398e+02 -1.425784796632455986e+01
3.227427427427427347e+02 -1.435270700230405083e+01
3.247347347347347295e+02 -1.444765112969563603e+01
3.267267267267267243e+02 -1.454268057827616900e+01
3.287187187187187192e+02 -1.463779557884951465e+01
3.307107107107107140e+02 -1.473299636325330830e+01
3.327027027027027088e+02 -1.482828316436573068e+01
3.346946946946947037e+02 -1.492365621611232562e+01
3.366866866866866985e+02 -1.501911575347281058e+01
3.386786786786786934e+02 -1.511466201248807728e+01
3.406706706706706882e+02 -1.521029523026706087e+01
3.426626626626626830e+02 -1.530601564499378142e+01
3.446546546546546210e+02 -1.540182349593446709e+01
3.466466466466466159e+02 -1.549771902344457430e+01
3.486386386386386107e+02 -1.559370246897601220e+01
3.506306306306306055e+02 -1.568977407508433153e+01
3.526226226226226004e+02 -1.578593408543602727e+01
3.546146146146145952e+02 -1.588218274481582881e+01
3.566066066066065900e+02 -1.597852029913410910e+01
3.585985985985985849e+02 -1.607494699543433470e+01
3.605905905905905797e+02 -1.617146308190054071e+01
3.625825825825825746e+02 -1.626806880786487142e+01
3.645745745745745694e+02 -1.636476442381523810e+01
3.665665665665665642e+02 -1.646155018140298054e+01
3.685585585585585591e+02 -1.655842633345054438e+01
3.705505505505505539e+02 -1.665539313395937171e+01
3.725425425425425487e+02 -1.675245083811765667e+01
3.745345345345345436e+02 -1.684959970230834969e+01
3.765265265265265384e+02 -1.694683998411708359e+01
3.785185185185185333e+02 -1.704417194234024890e+01
3.805105105105105281e+02 -1.714159583699309053e+01
3.825025025025025229e+02 -1.723911192931790026e+01
3.844944944944944609e+02 -1.733672048179222713e+01
3.864864864864864558e+02 -1.743442175813724404e+01
3.884784784784784506e+02 -1.753221602332607176e+01
3.904704704704704454e+02 -1.763010354359226994e+01
3.924624624624624403e+02 -1.772808458643832097e+01
3.944544544544544351e+02 -1.782615942064425241e+01
3.964464464464464299e+02 -1.792432831627626655e+01
3.984384384384384248e+02 -1.802259154469549429e+01
4.004304304304304196e+02 -1.812094937856679167e+01
4.024224224224224145e+02 -1.821940209186765003e+01
4.044144144144144093e+02 -1.831794995989708497e+01
4.064064064064064041e+02 -1.841659325928473478e+01
4.083983983983983990e+02 -1.851533226799995546e+01
4.103903903903903938e+02 -1.861416726536097599e+01
4.123823823823823886e+02 -1.871309853204416740e+01
4.143743743743743835e+02 -1.881212635009345391e+01
4.163663663663663783e+02 -1.891125100292964234e+01
4.183583583583583732e+02 -1.901047277535998248e+01
4.203503503503503680e+02 -1.910979195358775939e+01
4.223423423423423060e+02 -1.920920882522192841e+01
4.243343343343343008e+02 -1.930872367928688504e+01
4.263263263263262957e+02 -1.940833680623235225e+01
4.283183183183182905e+02 -1.950804849794324625e+01
4.303103103103102853e+02 -1.960785904774971300e+01
4.323023023023022802e+02 -1.970776875043720722e+01
4.342942942942942750e+02 -1.980777790225677393e+01
4.362862862862862698e+02 -1.990788680093516660e+01
4.382782782782782647e+02 -2.000809574568539517e+01
4.402702702702702595e+02 -2.010840503721709993e+01
4.422622622622622544e+02 -2.020881497774707114e+01
4.442542542542542492e+02 -2.030932587101002440e+01
4.462462462462462440e+02 -2.040993802226924103e+01
4.482382382382382389e+02 -2.051065173832741451e+01
4.502302302302302337e+02 -2.061146732753769228e+01
4.522222222222222285e+02 -2.071238509981461462e+01
4.542142142142142234e+02 -2.081340536664528784e+01
4.562062062062062182e+02 -2.091452844110065001e+01
4.581981981981982130e+02 -2.101575463784680053e+01
4.601901901901902079e+02 -2.111708427315643277e+01
4.621821821821821459e+02 -2.121851766492035551e+01
4.641741741741741407e+02 -2.132005513265928087e+01
4.661661661661661356e+02 -2.142169699753544876e+01
4.681581581581581304e+02 -2.152344358236454980e+01
4.701501501501501252e+02 -2.162529521162772284e+01
4.721421421421421201e+02 -2.172725221148364838e+01
4.741341341341341149e+02 -2.182931490978073796e+01
4.761261261261261097e+02 -2.193148363606944429e+01
4.781181181181181046e+02 -2.203375872161473836e+01
4.801101101101100994e+02 -2.213614049940861150e+01
4.821021021021020942e+02 -2.223862930418278339e+01
4.840940940940940891e+02 -2.234122547242144563e+01
4.860860860860860839e+02 -2.244392934237422210e+01
4.880780780780780788e+02 -2.254674125406912921e+01
4.900700700700700736e+02 -2.264966154932579911e+01
4.920620620620620684e+02 -2.275269057176869936e+01
4.940540540540540633e+02 -2.285582866684057990e+01
4.960460460460460581e+02 -2.295907618181597343e+01
4.980380380380380529e+02 -2.306243346581483067e+01
5.000300300300300478e+02 -2.316590086981635821e+01
5.020220220220219858e+02 -2.326947874667293803e+01
5.040140140140139806e+02 -2.337316745112413940e+01
5.060060060060059755e+02 -2.347696733981090844e+01
5.079979979979979703e+02 -2.358087877128996013e+01
5.099899899899899651e+02 -2.368490210604817747e+01
5.119819819819819600e+02 -2.378903770651725225e+01
5.139739739739738980e+02 -2.389328593708837545e+01
5.159659659659660065e+02 -2.399764716412724752e+01
5.179579579579578876e+02 -2.410212175598890383e+01
5.199499499499499962e+02 -2.420671008303319027e+01
5.219419419419418773e+02 -2.431141251763980549e+01
5.239339339339338721e+02 -2.441622943422393988e+01
5.259259259259258670e+02 -2.452116120925190401e+01
5.279179179179178618e+02 -2.462620822125686004e+01
5.299099099099098567e+02 -2.473137085085478759e+01
5.319019019019018515e+02 -2.483664948076065215e+01
5.338938938938938463e+02 -2.494204449580450955e+01
5.358858858858858412e+02 -2.504755628294808645e+01
5.378778778778778360e+02 -2.515318523130130046e+01
5.398698698698698308e+02 -2.525893173213901122e+01
5.418618618618618257e+02 -2.536479617891795257e+01
5.438538538538538205e+02 -2.547077896729382829e+01
5.458458458458458153e+02 -2.557688049513854978e+01
5.478378378378378102e+02 -2.568310116255770481e+01
5.498298298298298050e+02 -2.578944137190813635e+01
5.518218218218217999e+02 -2.589590152781582688e+01
5.538138138138137947e+02 -2.600248203719366202e+01
5.558058058058057895e+02 -2.610918330925989039e+01
5.577977977977977844e+02 -2.621600575555616075e+01
5.597897897897897792e+02 -2.632294978996628032e+01
5.617817817817817740e+02 -2.643001582873479904e+01
5.637737737737737689e+02 -2.653720429048598461e+01
5.657657657657657637e+02 -2.664451559624285792e+01
5.677577577577577586e+02 -2.675195016944667259e+01
5.697497497497497534e+02 -2.685950843597615290e+01
5.717417417417417482e+02 -2.696718260803680067e+01
5.737337337337337431e+02 -2.707497813557929689e+01
5.757257257257257379e+02 -2.718289934071684399e+01
5.777177177177177327e+02 -2.729094666392937896e+01
5.797097097097097276e+02 -2.739912054827615506e+01
5.817017017017017224e+02 -2.750742143941705820e+01
5.836936936936937173e+02 -2.761584978563388404e+01
5.856856856856857121e+02 -2.772440603785216240e+01
5.876776776776777069e+02 -2.783309064966282165e+01
5.896696696696697018e+02 -2.794190407734441095e+01
5.916616616616616966e+02 -2.805084677988546105e+01
5.936536536536536914e+02 -2.815991921900692319e+01
5.956456456456456863e+02 -2.826912185918515874e+01
5.976376376376376811e+02 -2.837845516767486487e+01
5.996296296296295623e+02 -2.848791961453246557e+01
6.016216216216215571e+02 -2.859751567263965910e+01
6.036136136136135519e+02 -2.870724381772723888e+01
6.056056056056055468e+02 -2.881710452839917380e+01
6.075975975975975416e+02 -2.892709828615693013e+01
6.095895895895895364e+02 -2.903722557542417704e+01
6.115815815815815313e+02 -2.914748688357147088e+01
6.135735735735735261e+02 -2.925788270094165355e+01
6.155655655655655210e+02 -2.936841352087507673e+01
6.175575575575575158e+02 -2.947907983973539459e+01
6.195495495495495106e+02 -2.958988215693562651e+01
6.215415415415415055e+02 -2.970082097496427309e+01
6.235335335335335003e+02 -2.981189679941205029e+01
6.255255255255254951e+02 -2.992311013899869465e+01
6.275175175175174900e+02 -3.003446150560008121e+01
6.295095095095094848e+02 -3.014595141427579605e+01
6.315015015015014797e+02 -3.025758038329686528e+01
6.334934934934934745e+02 -3.036934893417387471e+01
6.354854854854854693e+02 -3.048125759168532767e+01
6.374774774774774642e+02 -3.059330688390646102e+01
6.394694694694694590e+02 -3.070549734223824956e+01
6.414614614614614538e+02 -3.081782950143679756e+01
6.434534534534534487e+02 -3.093030389964308924e+01
6.454454454454454435e+02 -3.104292107841307313e+01
6.474374374374374383e+02 -3.115568158274796318e+01
6.494294294294294332e+02 -3.126858596112513666e+01
6.514214214214214280e+02 -3.138163476552917075e+01
6.534134134134134229e+02 -3.149482855148332305e+01
6.554054054054054177e+02 -3.160816787808135331e+01
6.573973973973974125e+02 -3.172165330801972516e+01
6.593893893893894074e+02 -3.183528540763027337e+01
6.613813813813814022e+02 -3.194906474691304510e+01
6.633733733733733970e+02 -3.206299189956969542e+01
6.653653653653653919e+02 -3.217706744303725230e+01
6.673573573573573867e+02 -3.229129195852217293e+01
6.693493493493493816e+02 -3.240566603103491161e+01
6.713413413413413764e+02 -3.252019024942493530e+01
6.733333333333333712e+02 -3.263486520641595945e+01
6.753253253253253661e+02 -3.274969149864180906e+01
6.773173173173172472e+02 -3.286466972668254272e+01
6.793093093093092421e+02 -3.297980049510121603e+01
6.813013013013012369e+02 -3.309508441248075883e+01
6.832932932932932317e+02 -3.321052209146169787e+01
6.852852852852852266e+02 -3.332611414877998612e+01
6.872772772772772214e+02 -3.344186120530541473e+01
6.892692692692692162e+02 -3.355776388608070704e+01
6.912612612612612111e+02 -3.367382282036063401e+01
6.932532532532532059e+02 -3.379003864165196802e+01
6.952452452452452007e+02 -3.390641198775378484e+01
6.972372372372371956e+02 -3.402294350079836249e+01
6.992292292292291904e+02 -3.413963382729239981e+01
7.012212212212211853e+02 -3.425648361815883192e+01
7.032132132132131801e+02 -3.437349352877937037e+01
7.052052052052051749e+02 -3.449066421903710733e+01
7.071971971971971698e+02 -3.460799635336008606e+01
7.091891891891891646e+02 -3.472549060076516980e+01
7.111811811811811594e+02 -3.484314763490259992e+01
7.131731731731731543e+02 -3.496096813410095194e+01
7.151651651651651491e+02 -3.507895278141277373e+01
7.171571571571571440e+02 -3.519710226466087022e+01
7.191491491491491388e+02 -3.531541727648485107e+01
7.211411411411411336e+02 -3.543389851438865890e+01
7.231331331331331285e+02 -3.555254668078851665e+01
7.251251251251251233e+02 -3.567136248306140089e+01
7.271171171171171181e+02 -3.579034663359424684e+01
7.291091091091091130e+02 -3.590949984983391374e+01
7.311011011011011078e+02 -3.602882285433732790e+01
7.330930930930931027e+02 -3.614831637482294013e+01
7.350850850850850975e+02 -3.626798114422222596e+01
7.370770770770770923e+02 -3.638781790073219469e+01
7.390690690690690872e+02 -3.650782738786848824e+01
7.410610610610610820e+02 -3.662801035451921194e+01
7.430530530530530768e+02 -3.674836755499947571e+01
7.450450450450450717e+02 -3.686889974910646828e+01
7.470370370370370665e+02 -3.698960770217549765e+01
7.490290290290290613e+02 -3.711049218513662851e+01
7.510210210210210562e+02 -3.723155397457209403e+01
7.530130130130130510e+02 -3.735279385277463859e+01
7.550050050050050459e+02 -3.747421260780612329e+01
7.569969969969969270e+02 -3.759581103355758103e+01
7.589889889889889218e+02 -3.771758992980973346e+01
7.609809809809809167e+02 -3.783955010229411187e+01
7.629729729729729115e+02 -3.796169236275540726e+01
7.649649649649649064e+02 -3.808401752901445292e+01
7.669569569569569012e+02 -3.820652642503208085e+01
7.689489489489488960e+02 -3.832921988097388777e+01
7.709409409409408909e+02 -3.845209873327565475e+01
7.729329329329328857e+02 -3.857516382471009564e+01
7.749249249249248805e+02 -3.869841600445413121e+01
7.769169169169168754e+02 -3.882185612815725761e+01
7.789089089089088702e+02 -3.894548505801081717e+01
7.809009009009008651e+02 -3.906930366281818578e+01
7.828928928928928599e+02 -3.919331281806609013e+01
7.848848848848848547e+02 -3.931751340599663536e+01
7.868768768768768496e+02 -3.944190631568071126e+01
7.888688688688688444e+02 -3.956649244309205216e+01
7.908608608608608392e+02 -3.969127269118253309e+01
7.928528528528528341e+02 -3.981624796995846793e+01
7.948448448448448289e+02 -3.994141919655815087e+01
7.968368368368368237e+02 -4.006678729533015115e+01
7.988288288288288186e+02 -4.019235319791304306e+01
8.008208208208208134e+02 -4.031811784331615911e+01
8.028128128128128083e+02 -4.044408217800133087e+01
8.048048048048048031e+02 -4.057024715596618591e+01
8.067967967967967979e+02 -4.069661373882822630e+01
8.087887887887887928e+02 -4.082318289591034244e+01
8.107807807807807876e+02 -4.094995560432759873e+01
8.127727727727727824e+02 -4.107693284907514197e+01
8.147647647647647773e+02 -4.120411562311750231e+01
8.167567567567567721e+02 -4.133150492747904536e+01
8.187487487487487670e+02 -4.145910177133598751e+01
8.207407407407407618e+02 -4.158690717210959065e+01
8.227327327327327566e+02 -4.171492215556069993e+01
8.247247247247247515e+02 -4.184314775588592994e+01
8.267167167167167463e+02 -4.197158501581478873e+01
8.287087087087087411e+02 -4.210023498670896203e+01
8.307007007007007360e+02 -4.222909872866241443e+01
8.326926926926927308e+02 -4.235817731060332392e+01
8.346846846846846120e+02 -4.248747181039745868e+01
8.366766766766766068e+02 -4.261698331495330194e+01
8.386686686686686016e+02 -4.274671292032836334e+01
8.406606606606605965e+02 -4.287666173183765039e+01
8.426526526526525913e+02 -4.300683086416311340e+01
8.446446446446445862e+02 -4.313722144146560566e+01
8.466366366366365810e+02 -4.326783459749778160e+01
8.486286286286285758e+02 -4.339867147571903416e+01
8.506206206206205707e+02 -4.352973322941263490e+01
8.526126126126125655e+02 -4.366102102180377642e+01
8.546046046046045603e+02 -4.379253602618037178e+01
8.565965965965965552e+02 -4.392427942601511148e+01
8.585885885885885500e+02 -4.405625241508970191e+01
8.605805805805805448e+02 -4.418845619762124244e+01
8.625725725725725397e+02 -4.432089198838991706e+01
8.645645645645645345e+02 -4.445356101286964190e+01
8.665565565565565294e+02 -4.458646450736004141e+01
8.685485485485485242e+02 -4.471960371912087595e+01
8.705405405405405190e+02 -4.485297990650857258e+01
8.725325325325325139e+02 -4.498659433911488037e+01
8.745245245245245087e+02 -4.512044829790786338e+01
8.765165165165165035e+02 -4.525454307537501109e+01
8.785085085085084984e+02 -4.538887997566899912e+01
8.805005005005004932e+02 -4.552346031475538268e+01
8.824924924924924881e+02 -4.565828542056302553e+01
8.844844844844844829e+02 -4.579335663313701588e+01
8.864764764764764777e+02 -4.592867530479377791e+01
8.884684684684684726e+02 -4.606424280027917462e+01
8.904604604604604674e+02 -4.620006049692891992e+01
8.924524524524524622e+02 -4.633612978483176903e+01
8.944444444444444571e+02 -4.647245206699545150e+01
8.964364364364364519e+02 -4.660902875951549618e+01
8.984284284284284468e+02 -4.674586129174659277e+01
9.004204204204204416e+02 -4.688295110647726460e+01
9.024124124124124364e+02 -4.702029966010699980e+01
9.044044044044044313e+02 -4.715790842282704176e+01
9.063963963963964261e+02 -4.729577887880359555e+01
9.083883883883884209e+02 -4.743391252636470767e+01
9.103803803803804158e+02 -4.757231087819016579e+01
9.123723723723722969e+02 -4.771097546150460289e+01
9.143643643643642918e+02 -4.784990781827405470e+01
9.163563563563562866e+02 -4.798910950540596332e+01
9.183483483483482814e+02 -4.812858209495261974e+01
9.203403403403402763e+02 -4.826832717431827291e+01
9.223323323323322711e+02 -4.840834634646974166e+01
9.243243243243242659e+02 -4.854864123015092758e+01
9.263163163163162608e+02 -4.868921346010109374e+01
9.283083083083082556e+02 -4.883006468727679561e+01
9.303003003003002505e+02 -4.897119657907831680e+01
9.322922922922922453e+02 -4.911261081957965047e+01
9.342842842842842401e+02 -4.925430910976290022e+01
9.362762762762762350e+02 -4.939629316775705803e+01
9.382682682682682298e+02 -4.953856472908067587e+01
9.402602602602602246e+02 -4.968112554688946148e+01
9.422522522522522195e+02 -4.982397739222820832e+01
9.442442442442442143e+02 -4.996712205428735132e+01
9.462362362362362092e+02 -5.011056134066427603e+01
9.482282282282282040e+02 -5.025429707762963005e+01
9.502202202202201988e+02 -5.039833111039833824e+01
9.522122122122121937e+02 -5.054266530340611041e+01
9.542042042042041885e+02 -5.068730154059056758e+01
9.561961961961961833e+02 -5.083224172567832966e+01
9.581881881881881782e+02 -5.097748778247702006e+01
9.601801801801801730e+02 -5.112304165517330290e+01
9.621721721721721678e+02 -5.126890530863595785e+01
9.641641641641641627e+02 -5.141508072872580470e+01
9.661561561561561575e+02 -5.156156992261052352e+01
9.681481481481481524e+02 -5.170837491908628891e+01
9.701401401401401472e+02 -5.185549776890540130e+01
9.721321321321321420e+02 -5.200294054511045516e+01
9.741241241241241369e+02 -5.215070534337489505e+01
9.761161161161161317e+02 -5.229879428235052075e+01
9.781081081081081265e+02 -5.244720950402165727e+01
9.801001001001001214e+02 -5.259595317406649428e+01
9.820920920920921162e+02 -5.274502748222572990e+01
9.840840840840841111e+02 -5.289443464267836958e+01
9.860760760760761059e+02 -5.304417689442544770e+01
9.880680680680681007e+02 -5.319425650168107467e+01
9.900600600600600956e+02 -5.334467575427215991e+01
9.920520520520519767e+02 -5.349543696804526860e+01
9.940440440440439716e+02 -5.364654248528304947e+01
9.960360360360359664e+02 -5.379799467512815170e+01
9.980280280280279612e+02 -5.394979593401671281e+01
1.000020020020019956e+03 -5.410194868612047259e+01
1.002012012012011951e+03 -5.425445538379825194e+01
1.004004004004003946e+03 -5.440731850805707381e+01
1.005995995995995941e+03 -5.456054056902254246e+01
1.007987987987987935e+03 -5.471412410642000168e+01
1.009979979979979930e+03 -5.486807169006513618e+01
1.011971971971971925e+03 -5.502238592036554365e+01
1.013963963963963920e+03 -5.517706942883308585e+01
1.015955955955955915e+03 -5.533212487860711093e+01
1.017947947947947910e+03 -5.548755496498939976e+01
1.019939939939939904e+03 -5.564336241599026067e+01
1.021931931931931899e+03 -5.579954999288724338e+01
1.023923923923923894e+03 -5.595612049079564798e+01
1.025915915915915775e+03 -5.611307673925198003e+01
1.027907907907907884e+03 -5.627042160281033034e+01
1.029899899899899992e+03 -5.642815798165208463e+01
1.031891891891891873e+03 -5.658628881220931817e+01
1.033883883883883755e+03 -5.674481706780223789e+01
1.035875875875875863e+03 -5.690374575929163825e+01
1.037867867867867744e+03 -5.706307793574515586e+01
1.039859859859859853e+03 -5.722281668511993047e+01
1.041851851851851734e+03 -5.738296513496052853e+01
1.043843843843843842e+03 -5.754352645311303149e+01
1.045835835835835724e+03 -5.770450384845570824e+01
1.047827827827827832e+03 -5.786590057164715972e+01
1.049819819819819713e+03 -5.802771991589193590e+01
1.051811811811811822e+03 -5.818996521772373143e+01
1.053803803803803703e+03 -5.835263985780830609e+01
1.055795795795795812e+03 -5.851574726176470875e+01
1.057787787787787693e+03 -5.867929090100671630e+01
1.059779779779779801e+03 -5.884327429360422457e+01
1.061771771771771682e+03 -5.900770100516626826e+01
1.063763763763763791e+03 -5.917257464974507286e+01
1.065755755755755672e+03 -5.933789889076207658e+01
1.067747747747747781e+03 -5.950367744195808939e+01
1.069739739739739662e+03 -5.966991406836550027e+01
1.071731731731731770e+03 -5.983661258730588628e+01
1.073723723723723651e+03 -6.000377686941221356e+01
1.075715715715715760e+03 -6.017141083967726445e+01
1.077707707707707641e+03 -6.033951847852797101e+01
1.079699699699699750e+03 -6.050810382292811340e+01
1.081691691691691631e+03 -6.067717096750897809e+01
1.083683683683683739e+03 -6.084672406572887837e+01
1.085675675675675620e+03 -6.101676733106354789e+01
1.087667667667667729e+03 -6.118730503822717282e+01
1.089659659659659610e+03 -6.135834152442562583e+01
1.091651651651651719e+03 -6.152988119064312400e+01
1.093643643643643600e+03 -6.170192850296288611e+01
1.095635635635635708e+03 -6.187448799392311116e+01
1.097627627627627589e+03 -6.204756426390990498e+01
1.099619619619619698e+03 -6.222116198258738251e+01
1.101611611611611579e+03 -6.239528589036717676e+01
1.103603603603603688e+03 -6.256994079991827817e+01
1.105595595595595569e+03 -6.274513159771821336e+01
1.107587587587587677e+03 -6.292086324564775168e+01
1.109579579579579558e+03 -6.309714078262971526e+01
1.111571571571571440e+03 -6.327396932631425841e+01
1.113563563563563548e+03 -6.345135407481164691e+01
1.115555555555555429e+03 -6.362930030847445551e+01
1.117547547547547538e+03 -6.380781339173085343e+01
1.119539539539539419e+03 -6.398689877497056244e+01
1.121531531531531527e+03 -6.416656199648595305e+01
1.123523523523523409e+03 -6.434680868446940849e+01
1.125515515515515517e+03 -6.452764455906981311e+01
1.127507507507507398e+03 -6.470907543450969968e+01
1.129499499499499507e+03 -6.489110722126558528e+01
1.131491491491491388e+03 -6.507374592831349958e+01
1.133483483483483496e+03 -6.525699766544271085e+01
1.135475475475475378e+03 -6.544086864563944062e+01
1.137467467467467486e+03 -6.562536518754367876e+01
1.139459459459459367e+03 -6.581049371798172842e+01
1.141451451451451476e+03 -6.599626077457735107e+01
1.143443443443443357e+03 -6.618267300844435397e+01
1.145435435435435465e+03 -6.636973718696411595e+01
1.147427427427427347e+03 -6.655746019665097890e+01
1.149419419419419455e+03 -6.674584904610918557e+01
1.151411411411411336e+03 -6.693491086908456111e+01
1.153403403403403445e+03 -6.712465292761552860e+01
1.155395395395395326e+03 -6.731508261528611570e+01
1.157387387387387435e+03 -6.750620746058673660e+01
1.159379379379379316e+03 -6.769803513038517906e+01
1.161371371371371424e+03 -6.789057343351399254e+01
1.163363363363363305e+03 -6.808383032447790129e+01
1.165355355355355414e+03 -6.827781390728712552e+01
1.167347347347347295e+03 -6.847253243942064671e+01
1.169339339339339404e+03 -6.866799433592630919e+01
1.171331331331331285e+03 -6.886420817366251867e+01
1.173323323323323393e+03 -6.906118269568780477e+01
1.175315315315315274e+03 -6.925892681580467070e+01
1.177307307307307383e+03 -6.945744962326487837e+01
1.179299299299299264e+03 -6.965676038764223676e+01
1.181291291291291373e+03 -6.985686856388079491e+01
1.183283283283283254e+03 -7.005778379752655383e+01
1.185275275275275362e+03 -7.025951593015048502e+01
1.187267267267267243e+03 -7.046207500497119725e+01
1.189259259259259125e+03 -7.066547127268719919e+01
1.191251251251251233e+03 -7.086971519752754034e+01
1.193243243243243114e+03 -7.107481746353086294e+01
1.195235235235235223e+03 -7.128078898106494421e+01
1.197227227227227104e+03 -7.148764089359568175e+01
1.199219219219219212e+03 -7.169538458471983233e+01
1.201211211211211094e+03 -7.190403168547153712e+01
1.203203203203203202e+03 -7.211359408191881926e+01
1.205195195195195083e+03 -7.232408392306130906e+01
1.207187187187187192e+03 -7.253551362904553912e+01
1.209179179179179073e+03 -7.274789589971369708e+01
1.211171171171171181e+03 -7.296124372350162446e+01
1.213163163163163063e+03 -7.317557038670379654e+01
1.215155155155155171e+03 -7.339088948312559069e+01
1.217147147147147052e+03 -7.360721492413959766e+01
1.219139139139139161e+03 -7.382456094917021971e+01
1.221131131131131042e+03 -7.404294213662697643e+01
1.223123123123123150e+03 -7.426237341531088987e+01
1.225115115115115032e+03 -7.448287007631898859e+01
1.227107107107107140e+03 -7.470444778547413023e+01
1.229099099099099021e+03 -7.492712259630870619e+01
1.231091091091091130e+03 -7.515091096363178735e+01
1.233083083083083011e+03 -7.537582975771370286e+01
1.235075075075075119e+03 -7.550145713424474536e+01
1.237067067067067001e+03 -7.547252308928456443e+01
1.239059059059059109e+03 -7.544368207683228889e+01
1.241051051051050990e+03 -7.541493364891275064e+01
1.243043043043043099e+03 -7.538627736042238325e+01
1.245035035035034980e+03 -7.535771276910612926e+01
1.247027027027027088e+03 -7.532923943553477386e+01
1.249019019019018970e+03 -7.530085692308240652e+01
1.251011011011011078e+03 -7.527256479790398203e+01
1.253003003003002959e+03 -7.524436262891352101e+01
1.254994994994995068e+03 -7.521624998776179893e+01
1.256986986986986949e+03 -7.518822644881501560e+01
1.258978978978979058e+03 -7.516029158913308095e+01
1.260970970970970939e+03 -7.513244498844851194e+01
1.262962962962963047e+03 -7.510468622914514469e+01
1.264954954954954928e+03 -7.507701489623758562e+01
1.266946946946946809e+03 -7.504943057735010825e+01
1.268938938938938918e+03 -7.502193286269648809e+01
1.270930930930930799e+03 -7.499452134505968104e+01
1.272922922922922908e+03 -7.496719561977153035e+01
1.274914914914914789e+03 -7.493995528469304190e+01
1.276906906906906897e+03 -7.491279994019460275e+01
1.278898898898898778e+03 -7.488572918913637011e+01
1.280890890890890887e+03 -7.485874263684907248e+01
1.282882882882882768e+03 -7.483183989111452661e+01
1.284874874874874877e+03 -7.480502056214712070e+01
1.286866866866866758e+03 -7.477828426257441663e+01
1.288858858858858866e+03 -7.475163060741893162e+01
1.290850850850850748e+03 -7.472505921407950780e+01
1.292842842842842856e+03 -7.469856970231303706e+01
1.294834834834834737e+03 -7.467216169421617167e+01
1.296826826826826846e+03 -7.464583481420761757e+01
1.298818818818818727e+03 -7.461958868901010078e+01
1.300810810810810835e+03 -7.459342294763285963e+01
1.302802802802802717e+03 -7.456733722135410858e+01
1.304794794794794825e+03 -7.454133114370370095e+01
1.306786786786786706e+03 -7.451486463895049894e+01
1.308778778778778815e+03 -7.448822031874156835e+01
1.310770770770770696e+03 -7.446165698183443737e+01
1.312762762762762804e+03 -7.443517425957593048e+01
1.314754754754754686e+03 -7.440877178554696059e+01
1.316746746746746794e+03 -7.438244919554570345e+01
1.318738738738738675e+03 -7.435620612757099934e+01
1.320730730730730784e+03 -7.433004222180557008e+01
1.322722722722722665e+03 -7.430395712059967650e+01
1.324714714714714773e+03 -7.427795046845473337e+01
1.326706706706706655e+03 -7.425202191200727952e+01
1.328698698698698763e+03 -7.422617110001294805e+01
1.330690690690690644e+03 -7.420039768333036534e+01
1.332682682682682753e+03 -7.417470131490590290e+01
1.334674674674674634e+03 -7.414908164975767590e+01
1.336666666666666742e+03 -7.412353834496026650e+01
1.338658658658658624e+03 -7.409807105962948981e+01
1.340650650650650732e+03 -7.407267945490710304e+01
1.342642642642642613e+03 -7.404736319394582722e+01
1.344634634634634494e+03 -7.402212194189446848e+01
1.346626626626626603e+03 -7.399695536588322398e+01
1.348618618618618484e+03 -7.397186313500880317e+01
1.350610610610610593e+03 -7.394684492032016010e+01
1.352602602602602474e+03 -7.392190039480414043e+01
1.354594594594594582e+03 -7.389702923337104323e+01
1.356586586586586463e+03 -7.387223111284056642e+01
1.358578578578578572e+03 -7.384750571192796542e+01
1.360570570570570453e+03 -7.382285271122989911e+01
1.362562562562562562e+03 -7.379827179321090114e+01
1.364554554554554443e+03 -7.377376264218970903e+01
1.366546546546546551e+03 -7.374932494432566443e+01
1.368538538538538432e+03 -7.372495838760538334e+01
1.370530530530530541e+03 -7.370066266182938364e+01
1.372522522522522422e+03 -7.367643745859919591e+01
1.374514514514514531e+03 -7.365228247130384887e+01
1.376506506506506412e+03 -7.362819739510743489e+01
1.378498498498498520e+03 -7.360418192693590811e+01
1.380490490490490401e+03 -7.358023576546463573e+01
1.382482482482482510e+03 -7.355635861110550877e+01
1.384474474474474391e+03 -7.353255016599477756e+01
1.386466466466466500e+03 -7.350881013398046093e+01
1.388458458458458381e+03 -7.348513822061002543e+01
1.390450450450450489e+03 -7.346153413311839131e+01
1.392442442442442371e+03 -7.343799758041576808e+01
1.394434434434434479e+03 -7.341452827307563211e+01
1.396426426426426360e+03 -7.339112592332293161e+01
1.398418418418418469e+03 -7.336779024502236268e+01
1.400410410410410350e+03 -7.334452095366651747e+01
1.402402402402402458e+03 -7.332131776636470022e+01
1.404394394394394340e+03 -7.329818040183099015e+01
1.406386386386386448e+03 -7.327510858037322805e+01
1.408378378378378329e+03 -7.325210202388160496e+01
1.410370370370370438e+03 -7.322916045581747824e+01
1.412362362362362319e+03 -7.320628360120238654e+01
1.414354354354354427e+03 -7.318347118660693695e+01
1.416346346346346309e+03 -7.316072294014001898e+01
1.418338338338338417e+03 -7.313803859143794739e+01
1.420330330330330298e+03 -7.311541787165370465e+01
1.422322322322322179e+03 -7.309286051344646751e+01
1.424314314314314288e+03 -7.307036625097092042e+01
1.426306306306306169e+03 -7.304793481986685322e+01
1.428298298298298278e+03 -7.302556595724895772e+01
1.430290290290290159e+03 -7.300325940169625483e+01
1.432282282282282267e+03 -7.298101489324221802e+01
1.434274274274274148e+03 -7.295883217336447046e+01
1.436266266266266257e+03 -7.293671098497485161e+01
1.438258258258258138e+03 -7.291465107240946963e+01
1.440250250250250247e+03 -7.289265218141889591e+01
1.442242242242242128e+03 -7.287071405915824585e+01
1.444234234234234236e+03 -7.284883645417774289e+01
1.446226226226226117e+03 -7.282701911641291304e+01
1.448218218218218226e+03 -7.280526179717506352e+01
1.450210210210210107e+03 -7.278356424914191791e+01
1.452202202202202216e+03 -7.276192622634827956e+01
1.454194194194194097e+03 -7.274034748417658136e+01
1.456186186186186205e+03 -7.271882777934773401e+01
1.458178178178178086e+03 -7.269736686991218733e+01
1.460170170170170195e+03 -7.267596451524046586e+01
1.462162162162162076e+03 -7.265462047601444340e+01
1.464154154154154185e+03 -7.263333451421850384e+01
1.466146146146146066e+03 -7.261210639313036097e+01
1.468138138138138174e+03 -7.259093587731261721e+01
1.470130130130130055e+03 -7.256982273260385341e+01
1.472122122122122164e+03 -7.254876672611015920e+01
1.474114114114114045e+03 -7.252776762619633644e+01
1.476106106106106154e+03 -7.250682520247771379e+01
1.478098098098098035e+03 -7.248593922581140703e+01
1.480090090090090143e+03 -7.246510946828813360e+01
1.482082082082082024e+03 -7.244433570322399873e+01
1.484074074074074133e+03 -7.242361770515204000e+01
1.486066066066066014e+03 -7.240295524981428343e+01
1.488058058058058123e+03 -7.238234811415351544e+01
1.490050050050050004e+03 -7.236179607630536736e+01
1.492042042042042112e+03 -7.234129891559024372e+01
1.494034034034033994e+03 -7.232085641250547781e+01
1.496026026026026102e+03 -7.230046834871755834e+01
1.498018018018017983e+03 -7.228013450705421405e+01
1.500010010010010092e+03 -7.225985467149681085e+01
1.502002002002001973e+03 -7.223962862717266376e+01
1.503993993993993854e+03 -7.221945616034747673e+01
1.505985985985985963e+03 -7.219933705841781091e+01
1.507977977977977844e+03 -7.217927110990349604e+01
1.509969969969969952e+03 -7.215925810444045396e+01
1.511961961961961833e+03 -7.213929783277313845e+01
1.513953953953953942e+03 -7.211939008674730189e+01
1.515945945945945823e+03 -7.209953465930281880e+01
1.517937937937937932e+03 -7.207973134446652352e+01
1.519929929929929813e+03 -7.205997993734487750e+01
1.521921921921921921e+03 -7.204028023411714798e+01
1.523913913913913802e+03 -7.202063203202834529e+01
1.525905905905905911e+03 -7.200103512938215999e+01
1.527897897897897792e+03 -7.198148932553409907e+01
1.529889889889889901e+03 -7.196199442088473575e+01
1.531881881881881782e+03 -7.194255021687280305e+01
1.533873873873873890e+03 -7.192315651596852888e+01
1.535865865865865771e+03 -7.190381312166685746e+01
1.537857857857857880e+03 -7.188451983848094073e+01
1.539849849849849761e+03 -7.186527647193540247e+01
1.541841841841841870e+03 -7.184608282855992911e+01
1.543833833833833751e+03 -7.182693871588273282e+01
1.545825825825825859e+03 -7.180784394242408553e+01
1.547817817817817740e+03 -7.178879831769005193e+01
1.549809809809809849e+03 -7.176980165216598095e+01
1.551801801801801730e+03 -7.175085375731039505e+01
1.553793793793793839e+03 -7.173195444554860956e+01
1.555785785785785720e+03 -7.171310353026657936e+01
1.557777777777777828e+03 -7.169430082580494457e+01
1.559769769769769709e+03 -7.167554614745259300e+01
1.561761761761761818e+03 -7.165683931144084795e+01
1.563753753753753699e+03 -7.163818013493741432e+01
1.565745745745745808e+03 -7.161956843604048117e+01
1.567737737737737689e+03 -7.160100403377266787e+01
1.569729729729729797e+03 -7.158248674807524026e+01
1.571721721721721678e+03 -7.156401639980228424e+01
1.573713713713713787e+03 -7.154559281071497878e+01
1.575705705705705668e+03 -7.152721580347579788e+01
1.577697697697697777e+03 -7.150888520164281204e+01
1.579689689689689658e+03 -7.149060082966411755e+01
1.581681681681681539e+03 -7.147236251287203856e+01
1.583673673673673647e+03 -7.145417007747791160e+01
1.585665665665665529e+03 -7.143602335056623076e+01
1.587657657657657637e+03 -7.141792216008930438e+01
1.589649649649649518e+03 -7.139986633486186918e+01
1.591641641641641627e+03 -7.138185570455563322e+01
1.593633633633633508e+03 -7.136389009969381902e+01
1.595625625625625617e+03 -7.134596935164611864e+01
1.597617617617617498e+03 -7.132809329262316567e+01
1.599609609609609606e+03 -7.131026175567133407e+01
1.601601601601601487e+03 -7.129247457466766491e+01
1.603593593593593596e+03 -7.127473158431462252e+01
1.605585585585585477e+03 -7.125703262013496442e+01
1.607577577577577586e+03 -7.123937751846669642e+01
1.609569569569569467e+03 -7.122176611645805622e+01
1.611561561561561575e+03 -7.120419825206235487e+01
1.613553553553553456e+03 -7.118667376403324454e+01
1.615545545545545565e+03 -7.116919249191948893e+01
1.617537537537537446e+03 -7.115175427606043002e+01
1.619529529529529555e+03 -7.113435895758074423e+01
1.621521521521521436e+03 -7.111700637838592343e+01
1.623513513513513544e+03 -7.109969638115734369e+01
1.625505505505505425e+03 -7.108242880934751895e+01
1.627497497497497534e+03 -7.106520350717531187e+01
1.629489489489489415e+03 -7.104802031962148590e+01
1.631481481481481524e+03 -7.103087909242383091e+01
1.633473473473473405e+03 -7.101377967207253050e+01
1.635465465465465513e+03 -7.099672190580584186e+01
1.637457457457457394e+03 -7.097970564160524987e+01
1.639449449449449503e+03 -7.096273072819103334e+01
1.641441441441441384e+03 -7.094579701501801594e+01
1.643433433433433493e+03 -7.092890435227064927e+01
1.645425425425425374e+03 -7.091205259085907642e+01
1.647417417417417482e+03 -7.089524158241445662e+01
1.649409409409409363e+03 -7.087847117928471619e+01
1.651401401401401472e+03 -7.086174123453011475e+01
1.653393393393393353e+03 -7.084505160191918094e+01
1.655385385385385462e+03 -7.082840213592417911e+01
1.657377377377377343e+03 -7.081179269171705926e+01
1.659369369369369224e+03 -7.079522312516527904e+01
1.661361361361361332e+03 -7.077869329282741262e+01
1.663353353353353214e+03 -7.076220305194925686e+01
1.665345345345345322e+03 -7.074575226045965337e+01
1.667337337337337203e+03 -7.072934077696625366e+01
1.669329329329329312e+03 -7.071296846075176745e+01
1.671321321321321193e+03 -7.069663517176965684e+01
1.673313313313313301e+03 -7.068034077064027088e+01
1.675305305305305183e+03 -7.066408511864689501e+01
1.677297297297297291e+03 -7.064786807773180044e+01
1.679289289289289172e+03 -7.063168951049220823e+01
1.681281281281281281e+03 -7.061554928017669397e+01
1.683273273273273162e+03 -7.059944725068102400e+01
1.685265265265265271e+03 -7.058338328654450322e+01
1.687257257257257152e+03 -7.056735725294616657e+01
1.689249249249249260e+03 -7.055136901570104158e+01
1.691241241241241141e+03 -7.053541844125612670e+01
1.693233233233233250e+03 -7.051950539668719387e+01
1.695225225225225131e+03 -7.050362974969453944e+01
1.697217217217217240e+03 -7.048779136859964467e+01
1.699209209209209121e+03 -7.047199012234153770e+01
1.701201201201201229e+03 -7.045622588047301349e+01
1.703193193193193110e+03 -7.044049851315718058e+01
1.705185185185185219e+03 -7.042480789116380890e+01
1.707177177177177100e+03 -7.040915388586584811e+01
1.709169169169169209e+03 -7.039353636923590329e+01
1.711161161161161090e+03 -7.037795521384272490e+01
1.713153153153153198e+03 -7.036241029284776971e+01
1.715145145145145079e+03 -7.034690148000169074e+01
1.717137137137137188e+03 -7.033142864964102614e+01
1.719129129129129069e+03 -7.031599167668473171e+01
1.721121121121121178e+03 -7.030059043663084140e+01
1.723113113113113059e+03 -7.028522480555304242e+01
1.725105105105105167e+03 -7.026989466009749208e+01
1.727097097097097048e+03 -7.025459987747947821e+01
1.729089089089089157e+03 -7.023934033547998013e+01
1.731081081081081038e+03 -7.022411591244258489e+01
1.733073073073073147e+03 -7.020892648727024721e+01
1.735065065065065028e+03 -7.019377193942206361e+01
1.737057057057056909e+03 -7.017865214890990444e+01
1.739049049049049017e+03 -7.016356699629555749e+01
1.741041041041040899e+03 -7.014851636268737423e+01
1.743033033033033007e+03 -7.013350012973720027e+01
1.745025025025024888e+03 -7.011851817963720634e+01
1.747017017017016997e+03 -7.010357039511703192e+01
1.749009009009008878e+03 -7.008865665944041723e+01
1.751001001001000986e+03 -7.007377685640227583e+01
1.752992992992992868e+03 -7.005893087032595190e+01
1.754984984984984976e+03 -7.004411858605975283e+01
1.756976976976976857e+03 -7.002933988897430595e+01
1.758968968968968966e+03 -7.001459466495944639e+01
1.760960960960960847e+03 -6.999988280042137490e+01
1.762952952952952955e+03 -6.998520418227971618e+01
1.764944944944944837e+03 -6.997055869796453464e+01
1.766936936936936945e+03 -6.995594623541362012e+01
1.768928928928928826e+03 -6.994136668306943250e+01
1.770920920920920935e+03 -6.992681992987640172e+01
1.772912912912912816e+03 -6.991230586527815660e+01
1.774904904904904924e+03 -6.989782437921455482e+01
1.776896896896896806e+03 -6.988337536211894019e+01
1.778888888888888914e+03 -6.986895870491558469e+01
1.780880880880880795e+03 -6.985457429901660475e+01
1.782872872872872904e+03 -6.984022203631951697e+01
1.784864864864864785e+03 -6.982590180920443856e+01
1.786856856856856894e+03 -6.981161351053130204e+01
1.788848848848848775e+03 -6.979735703363742516e+01
1.790840840840840883e+03 -6.978313227233446980e+01
1.792832832832832764e+03 -6.976893912090622507e+01
1.794824824824824873e+03 -6.975477747410573670e+01
1.796816816816816754e+03 -6.974064722715276332e+01
1.798808808808808863e+03 -6.972654827573114744e+01
1.800800800800800744e+03 -6.971248051598642803e+01
1.802792792792792852e+03 -6.969844384452299835e+01
1.804784784784784733e+03 -6.968443815840183220e+01
1.806776776776776842e+03 -6.967046335513791178e+01
1.808768768768768723e+03 -6.965651933269757023e+01
1.810760760760760832e+03 -6.964260598949618952e+01
1.812752752752752713e+03 -6.962872322439561401e+01
1.814744744744744594e+03 -6.961487093670191939e+01
1.816736736736736702e+03 -6.960104902616249944e+01
1.818728728728728584e+03 -6.958725739296430390e+01
1.820720720720720692e+03 -6.957349593773088259e+01
1.822712712712712573e+03 -6.955976456152023957e+01
1.824704704704704682e+03 -6.954606316582247416e+01
1.826696696696696563e+03 -6.953239165255742193e+01
1.828688688688688671e+03 -6.951874992407208254e+01
1.830680680680680553e+03 -6.950513788313870123e+01
1.832672672672672661e+03 -6.949155543295216830e+01
1.834664664664664542e+03 -6.947800247712774535e+01
1.836656656656656651e+03 -6.946447891969890520e+01
1.838648648648648532e+03 -6.945098466511502977e+01
1.840640640640640640e+03 -6.943751961823899421e+01
1.842632632632632522e+03 -6.942408368434516319e+01
1.844624624624624630e+03 -6.941067676911711715e+01
1.846616616616616511e+03 -6.939729877864533591e+01
1.848608608608608620e+03 -6.938394961942509553e+01
1.850600600600600501e+03 -6.937062919835422292e+01
1.852592592592592609e+03 -6.935733742273104951e+01
1.854584584584584491e+03 -6.934407420025218016e+01
1.856576576576576599e+03 -6.933083943901027624e+01
1.858568568568568480e+03 -6.931763304749208032e+01
1.860560560560560589e+03 -6.930445493457628459e+01
1.862552552552552470e+03 -6.929130500953131389e+01
1.864544544544544578e+03 -6.927818318201340730e+01
1.866536536536536460e+03 -6.926508936206445810e+01
1.868528528528528568e+03 -6.925202346010981103e+01
1.870520520520520449e+03 -6.923898538695662808e+01
1.872512512512512558e+03 -6.922597505379145844e+01
1.874504504504504439e+03 -6.921299237217837685e+01
1.876496496496496547e+03 -6.920003725405695150e+01
1.878488488488488429e+03 -6.918710961174039653e+01
1.880480480480480537e+03 -6.917420935791338366e+01
1.882472472472472418e+03 -6.916133640563013785e+01
1.884464464464464527e+03 -6.914849066831256152e+01
1.886456456456456408e+03 -6.913567205974828767e+01
1.888448448448448517e+03 -6.912288049408857660e+01
1.890440440440440398e+03 -6.911011588584662491e+01
1.892432432432432506e+03 -6.909737814989553328e+01
1.894424424424424387e+03 -6.908466720146655859e+01
1.896416416416416268e+03 -6.907198295614688277e+01
1.898408408408408377e+03 -6.905932532987816330e+01
1.900400400400400258e+03 -6.904669423895452951e+01
1.902392392392392367e+03 -6.903408960002059302e+01
1.904384384384384248e+03 -6.902151133006971406e+01
1.906376376376376356e+03 -6.900895934644229612e+01
1.908368368368368237e+03 -6.899643356682373962e+01
1.910360360360360346e+03 -6.898393390924297819e+01
1.912352352352352227e+03 -6.897146029207023332e+01
1.914344344344344336e+03 -6.895901263401567860e+01
1.916336336336336217e+03 -6.894659085412735067e+01
1.918328328328328325e+03 -6.893419487178967131e+01
1.920320320320320207e+03 -6.892182460672141531e+01
1.922312312312312315e+03 -6.890947997897417565e+01
1.924304304304304196e+03 -6.889716090893068667e+01
1.926296296296296305e+03 -6.888486731730286294e+01
1.928288288288288186e+03 -6.887259912513027871e+01
1.930280280280280294e+03 -6.886035625377859049e+01
1.932272272272272176e+03 -6.884813862493749070e+01
1.934264264264264284e+03 -6.883594616061944294e+01
1.936256256256256165e+03 -6.882377878315770658e+01
1.938248248248248274e+03 -6.881163641520495844e+01
1.940240240240240155e+03 -6.879951897973148789e+01
1.942232232232232263e+03 -6.878742640002339215e+01
1.944224224224224145e+03 -6.877535859968145360e+01
1.946216216216216253e+03 -6.876331550261907921e+01
1.948208208208208134e+03 -6.875129703306087947e+01
1.950200200200200243e+03 -6.873930311554113359e+01
1.952192192192192124e+03 -6.872733367490204159e+01
1.954184184184184232e+03 -6.871538863629223215e+01
1.956176176176176114e+03 -6.870346792516542678e+01
1.958168168168168222e+03 -6.869157146727839347e+01
1.960160160160160103e+03 -6.867969918868992352e+01
1.962152152152152212e+03 -6.866785101575891304e+01
1.964144144144144093e+03 -6.865602687514318347e+01
1.966136136136136201e+03 -6.864422669379753472e+01
1.968128128128128083e+03 -6.863245039897272193e+01
1.970120120120120191e+03 -6.862069791821362230e+01
1.972112112112112072e+03 -6.860896917935782824e+01
1.974104104104103953e+03 -6.859726411053429729e+01
1.976096096096096062e+03 -6.858558264016163264e+01
1.978088088088087943e+03 -6.857392469694694626e+01
1.980080080080080052e+03 -6.856229020988411094e+01
1.982072072072071933e+03 -6.855067910825246713e+01
1.984064064064064041e+03 -6.853909132161545870e+01
1.986056056056055922e+03 -6.852752677981901286e+01
1.988048048048048031e+03 -6.851598541299021861e+01
1.990040040040039912e+03 -6.850446715153604771e+01
1.992032032032032021e+03 -6.849297192614177732e+01
1.994024024024023902e+03 -6.848149966776962572e+01
1.996016016016016010e+03 -6.847005030765738809e+01
1.998008008008007891e+03 -6.845862377731722859e+01
2.000000000000000000e+03 -6.844722000853394661e+01
