1.000000000000000000e+01 -5.474671723997856532e+01
1.199199199199199128e+01 -6.014737265491670826e+01
1.398398398398398434e+01 -6.769021384634059757e+01
1.597597597597597563e+01 -7.575997093496815182e+01
1.796796796796796869e+01 -8.366385524977748389e+01
1.995995995995995997e+01 -9.137748245467399499e+01
2.195195195195195126e+01 -9.886810154783547944e+01
2.394394394394394254e+01 -1.060925153330897786e+02
2.593593593593593738e+01 -1.149876598413836604e+02
2.792792792792792866e+01 -1.240971140752717474e+02
2.991991991991991995e+01 -1.332584586482077498e+02
3.191191191191191123e+01 -1.424337375028769657e+02
3.390390390390390252e+01 -1.515688253675850774e+02
3.589589589589589025e+01 -1.605878096996395357e+02
3.788788788788788509e+01 -1.693863657433732612e+02
3.987987987987987992e+01 -1.778251154971667347e+02
4.187187187187187476e+01 -1.857254117653700689e+02
4.386386386386386249e+01 -1.928719996129355820e+02
4.585585585585585733e+01 -1.990283798808998768e+02
4.784784784784784506e+01 -2.042230291447309014e+02
4.983983983983983990e+01 -2.083827013789588420e+02
5.183183183183182763e+01 -2.114267970972003354e+02
5.382382382382382247e+01 -2.133733097646516512e+02
5.581581581581581730e+01 -2.142974954006537587e+02
5.780780780780780503e+01 -2.143141145669741263e+02
5.979979979979979987e+01 -2.135568752125908247e+02
6.179179179179178760e+01 -2.121611695378292666e+02
6.378378378378378244e+01 -2.102526983766841226e+02
6.577577577577577017e+01 -2.079417072158192070e+02
6.776776776776776501e+01 -2.053212761692801109e+02
6.975975975975975985e+01 -2.024680112147613329e+02
7.175175175175175468e+01 -1.994438858585244816e+02
7.374374374374374952e+01 -1.964918750546171964e+02
7.573573573573573015e+01 -1.946051344381380375e+02
7.772772772772772498e+01 -1.926436161479572604e+02
7.971971971971971982e+01 -1.906258271802671516e+02
8.171171171171171466e+01 -1.885668141843250396e+02
8.370370370370369528e+01 -1.864788070749871167e+02
8.569569569569569012e+01 -1.843717452843257263e+02
8.768768768768768496e+01 -1.822537025462933684e+02
8.967967967967967979e+01 -1.801312338399504824e+02
9.167167167167167463e+01 -1.780096542474963712e+02
9.366366366366365526e+01 -1.758932661878917827e+02
9.565565565565565009e+01 -1.737855415483093395e+02
9.764764764764764493e+01 -1.716892719699930865e+02
9.963963963963963977e+01 -1.696066897010834396e+02
1.016316316316316346e+02 -1.675395666043681047e+02
1.036236236236236152e+02 -1.654892951021144256e+02
1.056156156156156101e+02 -1.634569545323540751e+02
1.076076076076076049e+02 -1.614433656838377544e+02
1.095995995995995997e+02 -1.594491357248302847e+02
1.115915915915915946e+02 -1.574746953045297460e+02
1.135835835835835752e+02 -1.555203292589552859e+02
1.155755755755755700e+02 -1.535862020764862734e+02
1.175675675675675649e+02 -1.516723790587062126e+02
1.195595595595595597e+02 -1.497788439348048826e+02
1.215515515515515546e+02 -1.479055135474093277e+02
1.235435435435435352e+02 -1.460522501136812537e+02
1.255355355355355300e+02 -1.442211415308992457e+02
1.275275275275275249e+02 -1.424912605066239450e+02
1.295195195195195197e+02 -1.407805447898383306e+02
1.315115115115115145e+02 -1.390889254075963493e+02
1.335035035035035094e+02 -1.374162892015617103e+02
1.354954954954955042e+02 -1.357624862556532719e+02
1.374874874874874990e+02 -1.341273364860291508e+02
1.394794794794794655e+02 -1.325106339759110199e+02
1.414714714714714603e+02 -1.309121533988985107e+02
1.434634634634634551e+02 -1.293316526352248843e+02
1.454554554554554500e+02 -1.277688765404992921e+02
1.474474474474474448e+02 -1.262235598341518852e+02
1.494394394394394396e+02 -1.246954295664089472e+02
1.514314314314314345e+02 -1.231842072231350187e+02
1.534234234234234293e+02 -1.216896105201828107e+02
1.554154154154154241e+02 -1.202113549301231359e+02
1.574074074074073906e+02 -1.187491549791318590e+02
1.593993993993993854e+02 -1.173027253456955776e+02
1.613913913913913802e+02 -1.158717817888430943e+02
1.633833833833833751e+02 -1.144560419289190492e+02
1.653753753753753699e+02 -1.130552259019826522e+02
1.673673673673673647e+02 -1.116690569044770882e+02
1.693593593593593596e+02 -1.102972616437206597e+02
1.713513513513513544e+02 -1.089395707070236483e+02
1.733433433433433493e+02 -1.075957188606729460e+02
1.753353353353353441e+02 -1.062654452884976308e+02
1.773273273273273105e+02 -1.049484937784855276e+02
1.793193193193193054e+02 -1.036446128645310836e+02
1.813113113113113002e+02 -1.023535556293153377e+02
1.833033033033032950e+02 -1.010750812342997165e+02
1.852952952952952899e+02 -9.980895217046663959e+01
1.872872872872872847e+02 -9.855493685712825425e+01
1.892792792792792795e+02 -9.731280854039941630e+01
1.912712712712712744e+02 -9.608234530819052566e+01
1.932632632632632692e+02 -9.486333063602998550e+01
1.952552552552552640e+02 -9.365555209642539580e+01
1.972472472472472305e+02 -9.245880262585207277e+01
1.992392392392392253e+02 -9.127287977245630657e+01
2.012312312312312201e+02 -9.009758576323875445e+01
2.032232232232232150e+02 -8.893272742526684738e+01
2.052152152152152098e+02 -8.777811610206998694e+01
2.072072072072072046e+02 -8.663356756671893777e+01
2.091991991991991995e+02 -8.549890193018033813e+01
2.111911911911911943e+02 -8.437394355471528229e+01
2.131831831831831892e+02 -8.325852095307260470e+01
2.151751751751751840e+02 -8.215246670001663176e+01
2.171671671671671504e+02 -8.105561733590030826e+01
2.191591591591591452e+02 -7.996781327260758587e+01
2.211511511511511401e+02 -7.888889869954556389e+01
2.231431431431431349e+02 -7.781872149042482079e+01
2.251351351351351298e+02 -7.675713311097207736e+01
2.271271271271271246e+02 -7.570398852757784880e+01
2.291191191191191194e+02 -7.465914611786948285e+01
2.311111111111111143e+02 -7.367974780721544903e+01
2.331031031031031091e+02 -7.278036315934538436e+01
2.350950950950951039e+02 -7.188432621935044153e+01
2.370870870870870704e+02 -7.099161932610726922e+01
2.390790790790790652e+02 -7.010222450738865518e+01
2.410710710710710600e+02 -6.921612351410506392e+01
2.430630630630630549e+02 -6.833329785169307513e+01
2.450550550550550497e+02 -6.745372881012528410e+01
2.470470470470470445e+02 -6.657739749060176848e+01
2.490390390390390394e+02 -6.570428483114318396e+01
2.510310310310310342e+02 -6.483437163014052373e+01
2.530230230230230291e+02 -6.396763856821080196e+01
2.550150150150150239e+02 -6.310406622825079381e+01
2.570070070070070187e+02 -6.224363511453637443e+01
2.589989989989990136e+02 -6.138632566997610951e+01
2.609909909909910084e+02 -6.053211829240533604e+01
2.629829829829830032e+02 -5.968099334956857405e+01
2.649749749749749981e+02 -5.883293119308473962e+01
2.669669669669669361e+02 -5.798791217132789200e+01
2.689589589589589309e+02 -5.714591664144275285e+01
2.709509509509509257e+02 -5.630692498039137206e+01
2.729429429429429206e+02 -5.547091759525516608e+01
2.749349349349349154e+02 -5.463787493269921924e+01
2.769269269269269103e+02 -5.380777748776846181e+01
2.789189189189189051e+02 -5.298060581218953047e+01
2.809109109109108999e+02 -5.215634052125629694e+01
2.829029029029028948e+02 -5.133496230160590557e+01
2.848948948948948896e+02 -5.051645191711260452e+01
2.868868868868868844e+02 -4.970079021453472734e+01
2.888788788788788793e+02 -4.888795812940509933e+01
2.908708708708708741e+02 -4.807793669059066133e+01
2.928628628628628690e+02 -4.727070702513975675e+01
2.948548548548548638e+02 -4.646625036217246674e+01
2.968468468468468586e+02 -4.566454803679279451e+01
2.988388388388388535e+02 -4.486558149351284897e+01
3.008308308308308483e+02 -4.406933228941813496e+01
3.028228228228228431e+02 -4.327578209697640688e+01
3.048148148148147811e+02 -4.248491270662906061e+01
3.068068068068067760e+02 -4.169670602908906432e+01
3.087987987987987708e+02 -4.091114409742285574e+01
3.107907907907907656e+02 -4.012820906889184869e+01
3.127827827827827605e+02 -3.934788322659134963e+01
3.147747747747747553e+02 -3.857014898089175148e+01
3.167667667667667502e+02 -3.779498887070363367e+01
3.187587587587587450e+02 -3.702238556455136376e+01
3.207507507507507398e+02 -3.625232186151548319e+01
3.227427427427427347e+02 -3.548478069200739071e+01
3.247347347347347295e+02 -3.471974511840458177e+01
3.267267267267267243e+02 -3.395719833557633649e+01
3.287187187187187192e+02 -3.319712367125011809e+01
3.307107107107107140e+02 -3.243950458630683897e+01
3.327027027027027088e+02 -3.168432467494997340e+01
3.346946946946947037e+02 -3.093156766477362751e+01
3.366866866866866985e+02 -3.018121741674882585e+01
3.386786786786786934e+02 -2.943325792511054217e+01
3.406706706706706882e+02 -2.868767331721370439e+01
3.426626626626626830e+02 -2.794444785321937985e+01
3.446546546546546210e+02 -2.720356592581882893e+01
3.466466466466466159e+02 -2.646501205984422000e+01
3.486386386386386107e+02 -2.572877091178954245e+01
3.506306306306306055e+02 -2.499482726935423216e+01
3.526226226226226004e+02 -2.426316605086703149e+01
3.546146146146145952e+02 -2.353377230470618287e+01
3.566066066066065900e+02 -2.280663120865008153e+01
3.585985985985985849e+02 -2.208172806920248377e+01
3.605905905905905797e+02 -2.135904832088919392e+01
3.625825825825825746e+02 -2.063857752550431357e+01
3.645745745745745694e+02 -1.992030137132718082e+01
3.665665665665665642e+02 -1.920420567232272546e+01
3.685585585585585591e+02 -1.849027636731505098e+01
3.705505505505505539e+02 -1.777849951912622828e+01
3.725425425425425487e+02 -1.706886131376488791e+01
3.745345345345345436e+02 -1.636134805924428548e+01
3.765265265265265384e+02 -1.565594618531946303e+01
3.785185185185185333e+02 -1.495264224161213029e+01
3.805105105105105281e+02 -1.425142289760340475e+01
3.825025025025025229e+02 -1.355227494139212041e+01
3.844944944944944609e+02 -1.285518527808566525e+01
3.864864864864864558e+02 -1.216014092976730687e+01
3.884784784784784506e+02 -1.146712903401406081e+01
3.904704704704704454e+02 -1.077613684300473018e+01
3.924624624624624403e+02 -1.008715172254404635e+01
3.944544544544544351e+02 -9.400161151032577322e+00
3.964464464464464299e+02 -8.715152718502585216e+00
3.984384384384384248e+02 -8.032114125600399390e+00
4.004304304304304196e+02 -7.351033182560515300e+00
4.024224224224224145e+02 -6.671897808201106450e+00
4.044144144144144093e+02 -5.994696029043777408e+00
4.064064064064064041e+02 -5.319415977991898359e+00
4.083983983983983990e+02 -4.646045893660170734e+00
4.103903903903903938e+02 -3.974574119069582689e+00
4.123823823823823886e+02 -3.304989101238728466e+00
4.143743743743743835e+02 -2.637279389058094115e+00
4.163663663663663783e+02 -1.971433633407296382e+00
4.183583583583583732e+02 -1.307440585584470405e+00
4.203503503503503680e+02 -6.452890964408187768e-01
4.223423423423423060e+02 1.503209897350903275e-02
4.243343343343343008e+02 6.735333108422942860e-01
4.263263263263262957e+02 1.330226038599141347e+00
4.283183183183182905e+02 1.985120828922495972e+00
4.303103103103102853e+02 2.638228348233789156e+00
4.323023023023022802e+02 3.289559169313571729e+00
4.342942942942942750e+02 3.939123772347554286e+00
4.362862862862862698e+02 4.586932545813265705e+00
4.382782782782782647e+02 5.232995787490903439e+00
4.402702702702702595e+02 5.877323705464393200e+00
4.422622622622622544e+02 6.519926418446592820e+00
4.442542542542542492e+02 7.160813957885851622e+00
4.462462462462462440e+02 7.799996267619098589e+00
4.482382382382382389e+02 8.437483205625124327e+00
4.502302302302302337e+02 9.073284542663042629e+00
4.522222222222222285e+02 9.707409967010615759e+00
4.542142142142142234e+02 1.033986908101765145e+01
4.562062062062062182e+02 1.097067140350614167e+01
4.581981981981982130e+02 1.159982636972439707e+01
4.601901901901902079e+02 1.222734333140445173e+01
4.621821821821821459e+02 1.285323155659836125e+01
4.641741741741741407e+02 1.347750022891178467e+01
4.661661661661661356e+02 1.410015844763954007e+01
4.681581581581581304e+02 1.472121522420522766e+01
4.701501501501501252e+02 1.534067948205043663e+01
4.721421421421421201e+02 1.595856005222207230e+01
4.741341341341341149e+02 1.657486566934594663e+01
4.761261261261261097e+02 1.716273725870050626e+01
4.781181181181181046e+02 1.774391517554515119e+01
4.801101101101100994e+02 1.832388287229569102e+01
4.821021021021020942e+02 1.890264629508808270e+01
4.840940940940940891e+02 1.948020982843478777e+01
4.860860860860860839e+02 2.005657785414301131e+01
4.880780780780780788e+02 2.063175474134688159e+01
4.900700700700700736e+02 2.120574485555984978e+01
4.920620620620620684e+02 2.177855255158578274e+01
4.940540540540540633e+02 2.235018217587226275e+01
4.960460460460460581e+02 2.292063806557599648e+01
4.980380380380380529e+02 2.348992454838876398e+01
5.000300300300300478e+02 2.405804594152537490e+01
5.020220220220219858e+02 2.462500655246635262e+01
5.040140140140139806e+02 2.519081067464762214e+01
5.060060060060059755e+02 2.575546259612204736e+01
5.079979979979979703e+02 2.631896658976381786e+01
5.099899899899899651e+02 2.688132691775447114e+01
5.119819819819819600e+02 2.744254783185936120e+01
5.139739739739738980e+02 2.800263357240875450e+01
5.159659659659660065e+02 2.856158837204879930e+01
5.179579579579578876e+02 2.911941646363716885e+01
5.199499499499499962e+02 2.967612211981060355e+01
5.219419419419418773e+02 3.023171012050855211e+01
5.239339339339338721e+02 3.078618038979514537e+01
5.259259259259258670e+02 3.133954437020565109e+01
5.279179179179178618e+02 3.189180184352048641e+01
5.299099099099098567e+02 3.244295779366365906e+01
5.319019019019018515e+02 3.299301666348222994e+01
5.338938938938938463e+02 3.354197863667438639e+01
5.358858858858858412e+02 3.408985332567774407e+01
5.378778778778778360e+02 3.463664248692705172e+01
5.398698698698698308e+02 3.518235037020077272e+01
5.418618618618618257e+02 3.572698098239296627e+01
5.438538538538538205e+02 3.627053834050879288e+01
5.458458458458458153e+02 3.681302645325781242e+01
5.478378378378378102e+02 3.735444931879474240e+01
5.498298298298298050e+02 3.789481092687652364e+01
5.518218218218217999e+02 3.843411534965403575e+01
5.538138138138137947e+02 3.897236614415850653e+01
5.558058058058057895e+02 3.950956766351156801e+01
5.577977977977977844e+02 4.004572368274460814e+01
5.597897897897897792e+02 4.058083810251104495e+01
5.617817817817817740e+02 4.111491480974530788e+01
5.637737737737737689e+02 4.164795767485825451e+01
5.657657657657657637e+02 4.217997055224903846e+01
5.677577577577577586e+02 4.271095728023835392e+01
5.697497497497497534e+02 4.324092168103725697e+01
5.717417417417417482e+02 4.376986756070364493e+01
5.737337337337337431e+02 4.429779870911538353e+01
5.757257257257257379e+02 4.482471889993686176e+01
5.777177177177177327e+02 4.535063189059018640e+01
5.797097097097097276e+02 4.587554142224509235e+01
5.817017017017017224e+02 4.639945121979326359e+01
5.836936936936937173e+02 4.692236499184078014e+01
5.856856856856857121e+02 4.744428643070916962e+01
5.876776776776777069e+02 4.796521921244308118e+01
5.896696696696697018e+02 4.848516699657390205e+01
5.916616616616616966e+02 4.900413342666475103e+01
5.936536536536536914e+02 4.952212212983464923e+01
5.956456456456456863e+02 5.003913671663425333e+01
5.976376376376376811e+02 5.055518078181746944e+01
5.996296296296295623e+02 5.107025790347087479e+01
6.016216216216215571e+02 5.158437164367190064e+01
6.036136136136135519e+02 5.209752554817644210e+01
6.056056056056055468e+02 5.260972262449757153e+01
6.075975975975975416e+02 5.312096730887881790e+01
6.095895895895895364e+02 5.363126330524929841e+01
6.115815815815815313e+02 5.414061311145905364e+01
6.135735735735735261e+02 5.464902050052259597e+01
6.155655655655655210e+02 5.515648894384933953e+01
6.175575575575575158e+02 5.566302191889231210e+01
6.195495495495495106e+02 5.616862284252903947e+01
6.215415415415415055e+02 5.667329511495824335e+01
6.235335335335335003e+02 5.717704212095858196e+01
6.255255255255254951e+02 5.767986722945254741e+01
6.275175175175174900e+02 5.818177379344626132e+01
6.295095095095094848e+02 5.868276515011397976e+01
6.315015015015014797e+02 5.918284462083043707e+01
6.334934934934934745e+02 5.968201551122223947e+01
6.354854854854854693e+02 6.018028111122519164e+01
6.374774774774774642e+02 6.067764469513730319e+01
6.394694694694694590e+02 6.117410952164104998e+01
6.414614614614614538e+02 6.166967883389079219e+01
6.434534534534534487e+02 6.216435585955527898e+01
6.454454454454454435e+02 6.265814381084121010e+01
6.474374374374374383e+02 6.315104588459000468e+01
6.494294294294294332e+02 6.364306526228588723e+01
6.514214214214214280e+02 6.413420511015125669e+01
6.534134134134134229e+02 6.462446857917653631e+01
6.554054054054054177e+02 6.511385880518615465e+01
6.573973973973974125e+02 6.560237890889638379e+01
6.593893893893894074e+02 6.609003199597115952e+01
6.613813813813814022e+02 6.657682115708017534e+01
6.633733733733733970e+02 6.706274946796517611e+01
6.653653653653653919e+02 6.754781998948718069e+01
6.673573573573573867e+02 6.803203576769587357e+01
6.693493493493493816e+02 6.851539983390138389e+01
6.713413413413413764e+02 6.899791520470301975e+01
6.733333333333333712e+02 6.947958488209278016e+01
6.753253253253253661e+02 6.996041185347760916e+01
6.773173173173172472e+02 7.044039909177843128e+01
6.793093093093092421e+02 7.091954955547714690e+01
6.813013013013012369e+02 7.139786618866681067e+01
6.832932932932932317e+02 7.187535192114393112e+01
6.852852852852852266e+02 7.235200966845164317e+01
6.872772772772772214e+02 7.282784233195324930e+01
6.892692692692692162e+02 7.330285279889679373e+01
6.912612612612612111e+02 7.377704394246975994e+01
6.932532532532532059e+02 7.425041862189122810e+01
6.952452452452452007e+02 7.472297968245007382e+01
6.972372372372371956e+02 7.519472995558120942e+01
6.992292292292291904e+02 7.566567225892208626e+01
7.012212212212211853e+02 7.613580939640935696e+01
7.032132132132131801e+02 7.660514415830502344e+01
7.052052052052051749e+02 7.704574589081097713e+01
7.071971971971971698e+02 7.748494535763498448e+01
7.091891891891891646e+02 7.792365226884494689e+01
7.111811811811811594e+02 7.836186676544214436e+01
7.131731731731731543e+02 7.879958900395838839e+01
7.151651651651651491e+02 7.923681915612320381e+01
7.171571571571571440e+02 7.967355740853471957e+01
7.191491491491491388e+02 8.010980396233853185e+01
7.211411411411411336e+02 8.054555903293022823e+01
7.231331331331331285e+02 8.098082284963085442e+01
7.251251251251251233e+02 8.141559565539434118e+01
7.271171171171171181e+02 8.184987770652404038e+01
7.291091091091091130e+02 8.228366927236123729e+01
7.311011011011011078e+02 8.271697063502857361e+01
7.330930930930931027e+02 8.314978208913747437e+01
7.350850850850850975e+02 8.358210394151079470e+01
7.370770770770770923e+02 8.401393651094009840e+01
7.390690690690690872e+02 8.444528012789955085e+01
7.410610610610610820e+02 8.487613513429606371e+01
7.430530530530530768e+02 8.530650188323951966e+01
7.450450450450450717e+02 8.573638073876837495e+01
7.470370370370370665e+02 8.616577207562093577e+01
7.490290290290290613e+02 8.659467627899134357e+01
7.510210210210210562e+02 8.702309374431993660e+01
7.530130130130130510e+02 8.745102487685777248e+01
7.550050050050050459e+02 8.787847009226587147e+01
7.569969969969969270e+02 8.830542981500998678e+01
7.589889889889889218e+02 8.873190447921351165e+01
7.609809809809809167e+02 8.915789452816311211e+01
7.629729729729729115e+02 8.958340041404368037e+01
7.649649649649649064e+02 9.000842259776733556e+01
7.669569569569569012e+02 9.043296154879456594e+01
7.689489489489488960e+02 9.085701774489237437e+01
7.709409409409408909e+02 9.128059167198759383e+01
7.729329329329328857e+02 9.170368382395312778e+01
7.749249249249248805e+02 9.212629470244027630e+01
7.769169169169168754e+02 9.254842481667496656e+01
7.789089089089088702e+02 9.297007468335212366e+01
7.809009009009008651e+02 9.339124482634186108e+01
7.828928928928928599e+02 9.381193577662679672e+01
7.848848848848848547e+02 9.423214807209711807e+01
7.868768768768768496e+02 9.465188225736416427e+01
7.888688688688688444e+02 9.507113888363844012e+01
7.908608608608608392e+02 9.548991850854203278e+01
7.928528528528528341e+02 9.590822169599451286e+01
7.948448448448448289e+02 9.632604901599991365e+01
7.968368368368368237e+02 9.674340104455340850e+01
7.988288288288288186e+02 9.716027836346947311e+01
8.008208208208208134e+02 9.757668156025405892e+01
8.028128128128128083e+02 9.799261122794561629e+01
8.048048048048048031e+02 9.840806796498370090e+01
8.067967967967967979e+02 9.882305237508187190e+01
8.087887887887887928e+02 9.923756506710246583e+01
8.107807807807807876e+02 9.965160665487496772e+01
8.127727727727727824e+02 1.000651777571731600e+02
8.147647647647647773e+02 1.004782789974659636e+02
8.167567567567567721e+02 1.008909110038873109e+02
8.187487487487487670e+02 1.013030744090822850e+02
8.207407407407407618e+02 1.017147698502562747e+02
8.227327327327327566e+02 1.021259979684173373e+02
8.247247247247247515e+02 1.025367594091699175e+02
8.267167167167167463e+02 1.029470548220497506e+02
8.287087087087087411e+02 1.033568848605227686e+02
8.307007007007007360e+02 1.037662501818993803e+02
8.326926926926927308e+02 1.041751514472271367e+02
8.346846846846846120e+02 1.045835893211636005e+02
8.366766766766766068e+02 1.049915644719157513e+02
8.386686686686686016e+02 1.053990775710883980e+02
8.406606606606605965e+02 1.058061292936527451e+02
8.426526526526525913e+02 1.062127203177796559e+02
8.446446446446445862e+02 1.066188513248025345e+02
8.466366366366365810e+02 1.070245229990938327e+02
8.486286286286285758e+02 1.074297360279805815e+02
8.506206206206205707e+02 1.078344911016625360e+02
8.526126126126125655e+02 1.082387889131231447e+02
8.546046046046045603e+02 1.086426301580377896e+02
8.565965965965965552e+02 1.090460155346997055e+02
8.585885885885885500e+02 1.094489457439224367e+02
8.605805805805805448e+02 1.098514214889827230e+02
8.625725725725725397e+02 1.102534434755090018e+02
8.645645645645645345e+02 1.106550124114475011e+02
8.665565565565565294e+02 1.110561290069407647e+02
8.685485485485485242e+02 1.114567939742737082e+02
8.705405405405405190e+02 1.118570080278130519e+02
8.725325325325325139e+02 1.122567718839141833e+02
8.745245245245245087e+02 1.126560862608521347e+02
8.765165165165165035e+02 1.130549518787652659e+02
8.785085085085084984e+02 1.134533694595927358e+02
8.805005005005004932e+02 1.138513397269083214e+02
8.824924924924924881e+02 1.142488634062682564e+02
8.844844844844844829e+02 1.146459412243794418e+02
8.864764764764764777e+02 1.150425739096602058e+02
8.884684684684684726e+02 1.154387621920028550e+02
8.904604604604604674e+02 1.158345068027135909e+02
8.924524524524524622e+02 1.162298084738538080e+02
8.944444444444444571e+02 1.166246679404446525e+02
8.964364364364364519e+02 1.170190859371617336e+02
8.984284284284284468e+02 1.174130632003454480e+02
9.004204204204204416e+02 1.178066004674632126e+02
9.024124124124124364e+02 1.181996984770418777e+02
9.044044044044044313e+02 1.185923579686294573e+02
9.063963963963964261e+02 1.189845796827203230e+02
9.083883883883884209e+02 1.193763643607397427e+02
9.103803803803804158e+02 1.197677127449574783e+02
9.123723723723722969e+02 1.201586255784610842e+02
9.143643643643642918e+02 1.205491036050984661e+02
9.163563563563562866e+02 1.209391475694339988e+02
9.183483483483482814e+02 1.213287582167033207e+02
9.203403403403402763e+02 1.217179362927577131e+02
9.223323323323322711e+02 1.221066825440391597e+02
9.243243243243242659e+02 1.224949977175164975e+02
9.263163163163162608e+02 1.228828825606549628e+02
9.283083083083082556e+02 1.232703378213727348e+02
9.303003003003002505e+02 1.236573642483460986e+02
9.322922922922922453e+02 1.240439625895082543e+02
9.342842842842842401e+02 1.244301335942799653e+02
9.362762762762762350e+02 1.248158780119785831e+02
9.382682682682682298e+02 1.252011965921696515e+02
9.402602602602602246e+02 1.255860900846276991e+02
9.422522522522522195e+02 1.259705592393059135e+02
9.442442442442442143e+02 1.263546048063107179e+02
9.462362362362362092e+02 1.267382275358340138e+02
9.482282282282282040e+02 1.271214281781609259e+02
9.502202202202201988e+02 1.275042074835969856e+02
9.522122122122121937e+02 1.278865662024633139e+02
9.542042042042041885e+02 1.282685050850438984e+02
9.561961961961961833e+02 1.286500248815680720e+02
9.581881881881881782e+02 1.290311263421758383e+02
9.601801801801801730e+02 1.294118102168829125e+02
9.621721721721721678e+02 1.297920772555508222e+02
9.641641641641641627e+02 1.301719282078560411e+02
9.661561561561561575e+02 1.305513638232671667e+02
9.681481481481481524e+02 1.309303848510184309e+02
9.701401401401401472e+02 1.313089920400708763e+02
9.721321321321321420e+02 1.316871861390955871e+02
9.741241241241241369e+02 1.320649678964383895e+02
9.761161161161161317e+02 1.324423380600996154e+02
9.781081081081081265e+02 1.328192973777009058e+02
9.801001001001001214e+02 1.331958465964742686e+02
9.820920920920921162e+02 1.335719864632289102e+02
9.840840840840841111e+02 1.339477177243217056e+02
9.860760760760761059e+02 1.343230411256384684e+02
9.880680680680681007e+02 1.346979574125778640e+02
9.900600600600600956e+02 1.350724673300155700e+02
9.920520520520519767e+02 1.354465716222932485e+02
9.940440440440439716e+02 1.358202710331881065e+02
9.960360360360359664e+02 1.361935663058938530e+02
9.980280280280279612e+02 1.365664581830094733e+02
1.000020020020019956e+03 1.369389474065047523e+02
1.002012012012011951e+03 1.373110347177048425e+02
1.004004004004003946e+03 1.376827208572792642e+02
1.005995995995995941e+03 1.380540065652104715e+02
1.007987987987987935e+03 1.384248925807691819e+02
1.009979979979979930e+03 1.387953796425279904e+02
1.011971971971971925e+03 1.391654684883078517e+02
1.013963963963963920e+03 1.395351598551849861e+02
1.015955955955955915e+03 1.399044544794462865e+02
1.017947947947947910e+03 1.402733530966080195e+02
1.019939939939939904e+03 1.406418564413697538e+02
1.021931931931931899e+03 1.410099652476088750e+02
1.023923923923923894e+03 1.413776802483713197e+02
1.025915915915915775e+03 1.417450021758447463e+02
1.027907907907907884e+03 1.421119317613498367e+02
1.029899899899899992e+03 1.424784697353218519e+02
1.031891891891891873e+03 1.428446168273032129e+02
1.033883883883883755e+03 1.432103737659232934e+02
1.035875875875875863e+03 1.435757412788777287e+02
1.037867867867867744e+03 1.439407200929298654e+02
1.039859859859859853e+03 1.443053109338885065e+02
1.041851851851851734e+03 1.446695145266041038e+02
1.043843843843843842e+03 1.450333315949349924e+02
1.045835835835835724e+03 1.453967628617562582e+02
1.047827827827827832e+03 1.457598090489395588e+02
1.049819819819819713e+03 1.461224708773442273e+02
1.051811811811811822e+03 1.464847490667980878e+02
1.053803803803803703e+03 1.468466443360971994e+02
1.055795795795795812e+03 1.472081574029858473e+02
1.057787787787787693e+03 1.475692889841442081e+02
1.059779779779779801e+03 1.479300397951969330e+02
1.061771771771771682e+03 1.482904105506730730e+02
1.063763763763763791e+03 1.486504019640206309e+02
1.065755755755755672e+03 1.490100147475889969e+02
1.067747747747747781e+03 1.493692496126089111e+02
1.069739739739739662e+03 1.497281072692040311e+02
1.071731731731731770e+03 1.500865884263569967e+02
1.073723723723723651e+03 1.504446937919310017e+02
1.075715715715715760e+03 1.508024240726294636e+02
1.077707707707707641e+03 1.511597799740083303e+02
1.079699699699699750e+03 1.515167622004646262e+02
1.081691691691691631e+03 1.518733714552162724e+02
1.083683683683683739e+03 1.522296084403158716e+02
1.085675675675675620e+03 1.525854738566217463e+02
1.087667667667667729e+03 1.529409684038024864e+02
1.089659659659659610e+03 1.532960927803332538e+02
1.091651651651651719e+03 1.536508476834690953e+02
1.093643643643643600e+03 1.540052338092613411e+02
1.095635635635635708e+03 1.543592518525424282e+02
1.097627627627627589e+03 1.547129025069168051e+02
1.099619619619619698e+03 1.550661864647489949e+02
1.101611611611611579e+03 1.554191044171768112e+02
1.103603603603603688e+03 1.557716570540863756e+02
1.105595595595595569e+03 1.561238450641133682e+02
1.107587587587587677e+03 1.564756691346404409e+02
1.109579579579579558e+03 1.568271299517876400e+02
1.111571571571571440e+03 1.571782282004009232e+02
1.113563563563563548e+03 1.575289645640747551e+02
1.115555555555555429e+03 1.578793397251032786e+02
1.117547547547547538e+03 1.582293543645181160e+02
1.119539539539539419e+03 1.585790091620555700e+02
1.121531531531531527e+03 1.589283047961574482e+02
1.123523523523523409e+03 1.592772419439806129e+02
1.125515515515515517e+03 1.596258212813803539e+02
1.127507507507507398e+03 1.599740434829033404e+02
1.129499499499499507e+03 1.603219092218022297e+02
1.131491491491491388e+03 1.606694191699983492e+02
1.133483483483483496e+03 1.610165739981214870e+02
1.135475475475475378e+03 1.613633743754666909e+02
1.137467467467467486e+03 1.617098209700137943e+02
1.139459459459459367e+03 1.620559144484233798e+02
1.141451451451451476e+03 1.624016554760172824e+02
1.143443443443443357e+03 1.627470447167951306e+02
1.145435435435435465e+03 1.630920828334245414e+02
1.147427427427427347e+03 1.634367704872277045e+02
1.149419419419419455e+03 1.637811083382001982e+02
1.151411411411411336e+03 1.641250970449795545e+02
1.153403403403403445e+03 1.644687372648748749e+02
1.155395395395395326e+03 1.648120296538385503e+02
1.157387387387387435e+03 1.651549748664950528e+02
1.159379379379379316e+03 1.654975735560731778e+02
1.161371371371371424e+03 1.658398263745026782e+02
1.163363363363363305e+03 1.661817339723280043e+02
1.165355355355355414e+03 1.665232969987421825e+02
1.167347347347347295e+03 1.668645161015781184e+02
1.169339339339339404e+03 1.672053919273156168e+02
1.171331331331331285e+03 1.675459251210692173e+02
1.173323323323323393e+03 1.678861163265911216e+02
1.175315315315315274e+03 1.682259661862696589e+02
1.177307307307307383e+03 1.685654753411296269e+02
1.179299299299299264e+03 1.689046444308255843e+02
1.181291291291291373e+03 1.692673058916855098e+02
1.183283283283283254e+03 1.696464062535161759e+02
1.185275275275275362e+03 1.700237130110046451e+02
1.187267267267267243e+03 1.703992353855364570e+02
1.189259259259259125e+03 1.707729825389070015e+02
1.191251251251251233e+03 1.711449635737793642e+02
1.193243243243243114e+03 1.715151875341620382e+02
1.195235235235235223e+03 1.718836634058835386e+02
1.197227227227227104e+03 1.722504001170303809e+02
1.199219219219219212e+03 1.726154065384262424e+02
1.201211211211211094e+03 1.729786914840719874e+02
1.203203203203203202e+03 1.733402637116127210e+02
1.205195195195195083e+03 1.737001319227324245e+02
1.207187187187187192e+03 1.740583047636642959e+02
1.209179179179179073e+03 1.744147908255678203e+02
1.211171171171171181e+03 1.747695986449985810e+02
1.213163163163163063e+03 1.751227367043034917e+02
1.215155155155155171e+03 1.754742134320709113e+02
1.217147147147147052e+03 1.758240372035457142e+02
1.219139139139139161e+03 1.761722163410230451e+02
1.221131131131131042e+03 1.765187591142874339e+02
1.223123123123123150e+03 1.768636737410132298e+02
1.225115115115115032e+03 1.772069683871612824e+02
1.227107107107107140e+03 1.775486511673755672e+02
1.229099099099099021e+03 1.778887301454107330e+02
1.231091091091091130e+03 1.782272133344776819e+02
1.233083083083083011e+03 1.785641086976765735e+02
1.235075075075075119e+03 1.788994241485290217e+02
1.237067067067067001e+03 1.792331675508577007e+02
1.239059059059059109e+03 1.795653467195397468e+02
1.241051051051050990e+03 1.798959694210328450e+02
1.243043043043043099e+03 1.802250433735288482e+02
1.245035035035034980e+03 1.805525762473668010e+02
1.247027027027027088e+03 1.808785756653613532e+02
1.249019019019018970e+03 1.812030492031809672e+02
1.251011011011011078e+03 1.815260043897364710e+02
1.253003003003002959e+03 1.818474487074697663e+02
1.254994994994995068e+03 1.821673895927737874e+02
1.256986986986986949e+03 1.824858344363129277e+02
1.258978978978979058e+03 1.828027905833772593e+02
1.260970970970970939e+03 1.831182653342101503e+02
1.262962962962963047e+03 1.834322659443793953e+02
1.264954954954954928e+03 1.837447996250740232e+02
1.266946946946946809e+03 1.840558735434745472e+02
1.268938938938938918e+03 1.843654948230739876e+02
1.270930930930930799e+03 1.846736705439706725e+02
1.272922922922922908e+03 1.849804077432514759e+02
1.274914914914914789e+03 1.852857134152764331e+02
1.276906906906906897e+03 1.855895945119953865e+02
1.278898898898898778e+03 1.858920579432829072e+02
1.280890890890890887e+03 1.861931105772323178e+02
1.282882882882882768e+03 1.864927592404900167e+02
1.284874874874874877e+03 1.867910107185395248e+02
1.286866866866866758e+03 1.870878717560074165e+02
1.288858858858858866e+03 1.873833490569971332e+02
1.290850850850850748e+03 1.876774492853305389e+02
1.292842842842842856e+03 1.879701790649122302e+02
1.294834834834834737e+03 1.882615449799830856e+02
1.296826826826826846e+03 1.885515535754070413e+02
1.298818818818818727e+03 1.888402113569973437e+02
1.300810810810810835e+03 1.891275247917471916e+02
1.302802802802802717e+03 1.894135003081920559e+02
1.304794794794794825e+03 1.896981442966056193e+02
1.306786786786786706e+03 1.899814631093506705e+02
1.308778778778778815e+03 1.902634630611060800e+02
1.310770770770770696e+03 1.905441504291678712e+02
1.312762762762762804e+03 1.908235314537161855e+02
1.314754754754754686e+03 1.911016123380889553e+02
1.316746746746746794e+03 1.913783992490349988e+02
1.318738738738738675e+03 1.916538983169833159e+02
1.320730730730730784e+03 1.919281156363249750e+02
1.322722722722722665e+03 1.922010572656568570e+02
1.324714714714714773e+03 1.924727292280169877e+02
1.326706706706706655e+03 1.927431375111988245e+02
1.328698698698698763e+03 1.930122880679436435e+02
1.330690690690690644e+03 1.932801868162418657e+02
1.332682682682682753e+03 1.935468396395362163e+02
1.334674674674674634e+03 1.938122523862873834e+02
1.336666666666666742e+03 1.940764308725237868e+02
1.338658658658658624e+03 1.943393808793337030e+02
1.340650650650650732e+03 1.946011081544984336e+02
1.342642642642642613e+03 1.948616184125207553e+02
1.344634634634634494e+03 1.951209173348207173e+02
1.346626626626626603e+03 1.953790105699770550e+02
1.348618618618618484e+03 1.956359037339776137e+02
1.350610610610610593e+03 1.958916024104258327e+02
1.352602602602602474e+03 1.961461121507893495e+02
1.354594594594594582e+03 1.963994384746164883e+02
1.356586586586586463e+03 1.966515868697700284e+02
1.358578578578578572e+03 1.969025627926370703e+02
1.360570570570570453e+03 1.971523716683669818e+02
1.362562562562562562e+03 1.974010188910619945e+02
1.364554554554554443e+03 1.976485098240481477e+02
1.366546546546546551e+03 1.978948498000375764e+02
1.368538538538538432e+03 1.981400441213641841e+02
1.370530530530530541e+03 1.983840980602049058e+02
1.372522522522522422e+03 1.986270168587780063e+02
1.374514514514514531e+03 1.988688057295416627e+02
1.376506506506506412e+03 1.991094698554323941e+02
1.378498498498498520e+03 1.993490143900511384e+02
1.380490490490490401e+03 1.995874444578435885e+02
1.382482482482482510e+03 1.998247651543520931e+02
1.384474474474474391e+03 2.000609815463914742e+02
1.386466466466466500e+03 2.002960986722241330e+02
1.388458458458458381e+03 2.005301215418063805e+02
1.390450450450450489e+03 2.007630551369330476e+02
1.392442442442442371e+03 2.009949044114700882e+02
1.394434434434434479e+03 2.012256742915257348e+02
1.396426426426426360e+03 2.014553696756488534e+02
1.398418418418418469e+03 2.016839954350191135e+02
1.400410410410410350e+03 2.019115564136291141e+02
1.402402402402402458e+03 2.021380574284763441e+02
1.404394394394394340e+03 2.023635032697325755e+02
1.406386386386386448e+03 2.025878987009580499e+02
1.408378378378378329e+03 2.028112484592468263e+02
1.410370370370370438e+03 2.030335572554266719e+02
1.412362362362362319e+03 2.032548297742451382e+02
1.414354354354354427e+03 2.034750706745176672e+02
1.416346346346346309e+03 2.036942845893426863e+02
1.418338338338338417e+03 2.039124761262341394e+02
1.420330330330330298e+03 2.041296498673305564e+02
1.422322322322322179e+03 2.043458103695450916e+02
1.424314314314314288e+03 2.045609621647412553e+02
1.426306306306306169e+03 2.047751097598942067e+02
1.428298298298298278e+03 2.049882576372786218e+02
1.430290290290290159e+03 2.052004102546218007e+02
1.432282282282282267e+03 2.054115720452444691e+02
1.434274274274274148e+03 2.056217474182064109e+02
1.436266266266266257e+03 2.058309407587342150e+02
1.438258258258258138e+03 2.060391564279044019e+02
1.440250250250250247e+03 2.062463987631281270e+02
1.442242242242242128e+03 2.064526720782498046e+02
1.444234234234234236e+03 2.066579806637039667e+02
1.446226226226226117e+03 2.068623287866340945e+02
1.448218218218218226e+03 2.070657206911029107e+02
1.450210210210210107e+03 2.072681605981956352e+02
1.452202202202202216e+03 2.074696527061966549e+02
1.454194194194194097e+03 2.076702011907383678e+02
1.456186186186186205e+03 2.078698102049321790e+02
1.458178178178178086e+03 2.080684838795437486e+02
1.460170170170170195e+03 2.082662263231364079e+02
1.462162162162162076e+03 2.084630416221812084e+02
1.464154154154154185e+03 2.086589338412616144e+02
1.466146146146146066e+03 2.088539070231484231e+02
1.468138138138138174e+03 2.090479651890268826e+02
1.470130130130130055e+03 2.092411123385570875e+02
1.472122122122122164e+03 2.094333524500536896e+02
1.474114114114114045e+03 2.096246894806224645e+02
1.476106106106106154e+03 2.098151273663161476e+02
1.478098098098098035e+03 2.100046700222046638e+02
1.480090090090090143e+03 2.101933213426146665e+02
1.482082082082082024e+03 2.103810852011700092e+02
1.484074074074074133e+03 2.105679654509767715e+02
1.486066066066066014e+03 2.107539659247466375e+02
1.488058058058058123e+03 2.109390904349261859e+02
1.490050050050050004e+03 2.111233427738166881e+02
1.492042042042042112e+03 2.113067267137352303e+02
1.494034034034033994e+03 2.114892460071018547e+02
1.496026026026026102e+03 2.116709043866204922e+02
1.498018018018017983e+03 2.118517055653368573e+02
1.500010010010010092e+03 2.120316532368321703e+02
1.502002002002001973e+03 2.122107510753073996e+02
1.503993993993993854e+03 2.123890027357126371e+02
1.505985985985985963e+03 2.125664118539045830e+02
1.507977977977977844e+03 2.127429820467023376e+02
1.509969969969969952e+03 2.129187169120694705e+02
1.511961961961961833e+03 2.130936200292007925e+02
1.513953953953953942e+03 2.132676949586829096e+02
1.515945945945945823e+03 2.134409452425457232e+02
1.517937937937937932e+03 2.136133744044420553e+02
1.519929929929929813e+03 2.137849859497154341e+02
1.521921921921921921e+03 2.139557833655597392e+02
1.523913913913913802e+03 2.141257701211237361e+02
1.525905905905905911e+03 2.142949496675887815e+02
1.527897897897897792e+03 2.144633254383354597e+02
1.529889889889889901e+03 2.146309008490106578e+02
1.531881881881881782e+03 2.147976792976700722e+02
1.533873873873873890e+03 2.149636641648754676e+02
1.535865865865865771e+03 2.151288588138075113e+02
1.537857857857857880e+03 2.152932665903698251e+02
1.539849849849849761e+03 2.154568908233076456e+02
1.541841841841841870e+03 2.156197348243063345e+02
1.543833833833833751e+03 2.157818018881076796e+02
1.545825825825825859e+03 2.159430952925901579e+02
1.547817817817817740e+03 2.161036182989193435e+02
1.549809809809809849e+03 2.162633741516080192e+02
1.551801801801801730e+03 2.164223660786376229e+02
1.553793793793793839e+03 2.165805972915675568e+02
1.555785785785785720e+03 2.167380709856394674e+02
1.557777777777777828e+03 2.168947903398560300e+02
1.559769769769769709e+03 2.170507585170851712e+02
1.561761761761761818e+03 2.172059786641988524e+02
1.563753753753753699e+03 2.173604539121201924e+02
1.565745745745745808e+03 2.175141873759544353e+02
1.567737737737737689e+03 2.176671821550747836e+02
1.569729729729729797e+03 2.178194413332225849e+02
1.571721721721721678e+03 2.179709679785935350e+02
1.573713713713713787e+03 2.181217651439579299e+02
1.575705705705705668e+03 2.182718358667239613e+02
1.577697697697697777e+03 2.184211831690702468e+02
1.579689689689689658e+03 2.185698100579762979e+02
1.581681681681681539e+03 2.187177195253903221e+02
1.583673673673673647e+03 2.188649145482724236e+02
1.585665665665665529e+03 2.190113980887014407e+02
1.587657657657657637e+03 2.191571730939664064e+02
1.589649649649649518e+03 2.193022424966457891e+02
1.591641641641641627e+03 2.194466092147150107e+02
1.593633633633633508e+03 2.195902761516220494e+02
1.595625625625625617e+03 2.197332461963714820e+02
1.597617617617617498e+03 2.198755222236302984e+02
1.599609609609609606e+03 2.200171070937909974e+02
1.601601601601601487e+03 2.201580036530794473e+02
1.603593593593593596e+03 2.202982147336280150e+02
1.605585585585585477e+03 2.204377431535853873e+02
1.607577577577577586e+03 2.205765917171338515e+02
1.609569569569569467e+03 2.207147632146589444e+02
1.611561561561561575e+03 2.208522604227700867e+02
1.613553553553553456e+03 2.209890861044166570e+02
1.615545545545545565e+03 2.211252430089658390e+02
1.617537537537537446e+03 2.212607338722391717e+02
1.619529529529529555e+03 2.213955614166902990e+02
1.621521521521521436e+03 2.215297283513721993e+02
1.623513513513513544e+03 2.216632373721042768e+02
1.625505505505505425e+03 2.217960911614921145e+02
1.627497497497497534e+03 2.219282923890654615e+02
1.629489489489489415e+03 2.220598437112856516e+02
1.631481481481481524e+03 2.221907477716884785e+02
1.633473473473473405e+03 2.223210072009104294e+02
1.635465465465465513e+03 2.224506246168010080e+02
1.637457457457457394e+03 2.225796026244902350e+02
1.639449449449449503e+03 2.227079438164381884e+02
1.641441441441441384e+03 2.228356507728372833e+02
1.643433433433433493e+03 2.229627260603559762e+02
1.645425425425425374e+03 2.230891722343603760e+02
1.647417417417417482e+03 2.232149918374710182e+02
1.649409409409409363e+03 2.233401874000110467e+02
1.651401401401401472e+03 2.234647614400894042e+02
1.653393393393393353e+03 2.235887164636968123e+02
1.655385385385385462e+03 2.237120549647653434e+02
1.657377377377377343e+03 2.238347794251710923e+02
1.659369369369369224e+03 2.239568923149388411e+02
1.661361361361361332e+03 2.240783960921988296e+02
1.663353353353353214e+03 2.241992932033026591e+02
1.665345345345345322e+03 2.243195860828747072e+02
1.667337337337337203e+03 2.244392771539016564e+02
1.669329329329329312e+03 2.245583688277741885e+02
1.671321321321321193e+03 2.246768635043820268e+02
1.673313313313313301e+03 2.247947635721493214e+02
1.675305305305305183e+03 2.249120714081561232e+02
1.677297297297297291e+03 2.250287893781056141e+02
1.679289289289289172e+03 2.251449198365145890e+02
1.681281281281281281e+03 2.252604651266655367e+02
1.683273273273273162e+03 2.253754275807462477e+02
1.685265265265265271e+03 2.254898095198763315e+02
1.687257257257257152e+03 2.256036132541810559e+02
1.689249249249249260e+03 2.257168410828689957e+02
1.691241241241241141e+03 2.258294952942691509e+02
1.693233233233233250e+03 2.259415781659099594e+02
1.695225225225225131e+03 2.260530919645815970e+02
1.697217217217217240e+03 2.261640389463860004e+02
1.699209209209209121e+03 2.262744213567907252e+02
1.701201201201201229e+03 2.263842414307389106e+02
1.703193193193193110e+03 2.264935013926361478e+02
1.705185185185185219e+03 2.266022034565029344e+02
1.707177177177177100e+03 2.267103498259039327e+02
1.709169169169169209e+03 2.268179426941588019e+02
1.711161161161161090e+03 2.269249842442382317e+02
1.713153153153153198e+03 2.270314766490238867e+02
1.715145145145145079e+03 2.271374220711428791e+02
1.717137137137137188e+03 2.272428226631955681e+02
1.719129129129129069e+03 2.273476805677175605e+02
1.721121121121121178e+03 2.274519979173092565e+02
1.723113113113113059e+03 2.275557768346093042e+02
1.725105105105105167e+03 2.276590194324241168e+02
1.727097097097097048e+03 2.277617278137398387e+02
1.729089089089089157e+03 2.278639040717828834e+02
1.731081081081081038e+03 2.279655502901086663e+02
1.733073073073073147e+03 2.280666685426077152e+02
1.735065065065065028e+03 2.281672608935848245e+02
1.737057057057056909e+03 2.282673293978089362e+02
1.739049049049049017e+03 2.283668761005909857e+02
1.741041041041040899e+03 2.284659030377818851e+02
1.743033033033033007e+03 2.285644122358645802e+02
1.745025025025024888e+03 2.286624057120405951e+02
1.747017017017016997e+03 2.287598854741551975e+02
1.749009009009008878e+03 2.288568535209032007e+02
1.751001001001000986e+03 2.289533118417949993e+02
1.752992992992992868e+03 2.290492624172160561e+02
1.754984984984984976e+03 2.291447072184890317e+02
1.756976976976976857e+03 2.292396482079169289e+02
1.758968968968968966e+03 2.293340873388405043e+02
1.760960960960960847e+03 2.294280265556902236e+02
1.762952952952952955e+03 2.295214677939980845e+02
1.764944944944944837e+03 2.296144129805129808e+02
1.766936936936936945e+03 2.297068640331958136e+02
1.768928928928928826e+03 2.297988228612989872e+02
1.770920920920920935e+03 2.298902913653948588e+02
1.772912912912912816e+03 2.299812714374122606e+02
1.774904904904904924e+03 2.300717649607289843e+02
1.776896896896896806e+03 2.301617738101771522e+02
1.778888888888888914e+03 2.302512998520930125e+02
1.780880880880880795e+03 2.303403449443943884e+02
1.782872872872872904e+03 2.304289109366168873e+02
1.784864864864864785e+03 2.305169996699020487e+02
1.786856856856856894e+03 2.306046129771559094e+02
1.788848848848848775e+03 2.306917526829686835e+02
1.790840840840840883e+03 2.307784206037644594e+02
1.792832832832832764e+03 2.308646185477588233e+02
1.794824824824824873e+03 2.309503483150921568e+02
1.796816816816816754e+03 2.310356116978005900e+02
1.798808808808808863e+03 2.311204104798925982e+02
1.800800800800800744e+03 2.312047464373819423e+02
1.802792792792792852e+03 2.312886213383528968e+02
1.804784784784784733e+03 2.313720369429569814e+02
1.806776776776776842e+03 2.314549950035067241e+02
1.808768768768768723e+03 2.315374972644966078e+02
1.810760760760760832e+03 2.316195454626343064e+02
1.812752752752752713e+03 2.317011413269022171e+02
1.814744744744744594e+03 2.317822865785782653e+02
1.816736736736736702e+03 2.318629829312968127e+02
1.818728728728728584e+03 2.319432320910951262e+02
1.820720720720720692e+03 2.320230357564050223e+02
1.822712712712712573e+03 2.321023956181693961e+02
1.824704704704704682e+03 2.321813133598265324e+02
1.826696696696696563e+03 2.322597906573540172e+02
1.828688688688688671e+03 2.323378291793254959e+02
1.830680680680680553e+03 2.324154305869776351e+02
1.832672672672672661e+03 2.324925965341523977e+02
1.834664664664664542e+03 2.325693286674636511e+02
1.836656656656656651e+03 2.326456286262684898e+02
1.838648648648648532e+03 2.327214980426407749e+02
1.840640640640640640e+03 2.327969385415761110e+02
1.842632632632632522e+03 2.328719517408499655e+02
1.844624624624624630e+03 2.329465392512012727e+02
1.846616616616616511e+03 2.330207026762702753e+02
1.848608608608608620e+03 2.330944436126867174e+02
1.850600600600600501e+03 2.331677636500844812e+02
1.852592592592592609e+03 2.332406643711550203e+02
1.854584584584584491e+03 2.333131473516833410e+02
1.856576576576576599e+03 2.333852141605643737e+02
1.858568568568568480e+03 2.334568663598408875e+02
1.860560560560560589e+03 2.335281055047721566e+02
1.862552552552552470e+03 2.335989331438571242e+02
1.864544544544544578e+03 2.336693508188359090e+02
1.866536536536536460e+03 2.337393600647565677e+02
1.868528528528528568e+03 2.338089624100251740e+02
1.870520520520520449e+03 2.338781593763586955e+02
1.872512512512512558e+03 2.339469524789639934e+02
1.874504504504504439e+03 2.340153432264326057e+02
1.876496496496496547e+03 2.340833331208567074e+02
1.878488488488488429e+03 2.341509236578170885e+02
1.880480480480480537e+03 2.342181163264500583e+02
1.882472472472472418e+03 2.342849126094470193e+02
1.884464464464464527e+03 2.343513139831622425e+02
1.886456456456456408e+03 2.344173219175367535e+02
1.888448448448448517e+03 2.344829378762138106e+02
1.890440440440440398e+03 2.345481633165419169e+02
1.892432432432432506e+03 2.346129996896037539e+02
1.894424424424424387e+03 2.346774484402663177e+02
1.896416416416416268e+03 2.347415110072157063e+02
1.898408408408408377e+03 2.348051888229132658e+02
1.900400400400400258e+03 2.348684833137662054e+02
1.902392392392392367e+03 2.349313959000536158e+02
1.904384384384384248e+03 2.349939279959615703e+02
1.906376376376376356e+03 2.350560810096762054e+02
1.908368368368368237e+03 2.351178563433746262e+02
1.910360360360360346e+03 2.351792553932280043e+02
1.912352352352352227e+03 2.352402795495078749e+02
1.914344344344344336e+03 2.353009301965292366e+02
1.916336336336336217e+03 2.353612087127678194e+02
1.918328328328328325e+03 2.354211164707936632e+02
1.920320320320320207e+03 2.354806548374044439e+02
1.922312312312312315e+03 2.355398251735827557e+02
1.924304304304304196e+03 2.355986288345412163e+02
1.926296296296296305e+03 2.356570671697798502e+02
1.928288288288288186e+03 2.357151415230600833e+02
1.930280280280280294e+03 2.357728532324937305e+02
1.932272272272272176e+03 2.358302036305158254e+02
1.934264264264264284e+03 2.358871940440063497e+02
1.936256256256256165e+03 2.359438257941853010e+02
1.938248248248248274e+03 2.360001001967449099e+02
1.940240240240240155e+03 2.360560185618322180e+02
1.942232232232232263e+03 2.361115821940905732e+02
1.944224224224224145e+03 2.361667923926918888e+02
1.946216216216216253e+03 2.362216504513516782e+02
1.948208208208208134e+03 2.362761576583770875e+02
1.950200200200200243e+03 2.363303152966471714e+02
1.952192192192192124e+03 2.363841246436923029e+02
1.954184184184184232e+03 2.364375869717053433e+02
1.956176176176176114e+03 2.364907035475657437e+02
1.958168168168168222e+03 2.365434756328694732e+02
1.960160160160160103e+03 2.365959044839083845e+02
1.962152152152152212e+03 2.366479913518049614e+02
1.964144144144144093e+03 2.366997374824117344e+02
1.966136136136136201e+03 2.367511441164418216e+02
1.968128128128128083e+03 2.368022124894443436e+02
1.970120120120120191e+03 2.368529438318041969e+02
1.972112112112112072e+03 2.369033393688525564e+02
1.974104104104103953e+03 2.369534003207900241e+02
1.976096096096096062e+03 2.370031279027871278e+02
1.978088088088087943e+03 2.370525233249959172e+02
1.980080080080080052e+03 2.371015877925413236e+02
1.982072072072071933e+03 2.371503225055682549e+02
1.984064064064064041e+03 2.371987286592913904e+02
1.986056056056055922e+03 2.372468074439607904e+02
1.988048048048048031e+03 2.372945600449678807e+02
1.990040040040039912e+03 2.373419876427459769e+02
1.992032032032032021e+03 2.373890914129450209e+02
1.994024024024023902e+03 2.374358725263461736e+02
1.996016016016016010e+03 2.374823321489079433e+02
1.998008008008007891e+03 2.375284714418712042e+02
2.000000000000000000e+03 2.375742915615993525e+02
