5.259259259259258670e+02 -9.997569885264589118e+01
5.299099099099098567e+02 -9.963475075170391904e+01
5.338938938938938463e+02 -9.929889104674865052e+01
5.378778778778778360e+02 -9.896800667073122781e+01
5.418618618618618257e+02 -9.864198788185839817e+01
5.458458458458458153e+02 -9.832072814224177648e+01
5.498298298298298050e+02 -9.800412400182295869e+01
5.538138138138137947e+02 -9.769207498730821726e+01
5.577977977977977844e+02 -9.738448349586352037e+01
5.617817817817817740e+02 -9.708125469333211299e+01
5.657657657657657637e+02 -9.678229641675282835e+01
5.697497497497497534e+02 -9.648751908096835450e+01
5.737337337337337431e+02 -9.621384142485548807e+01
5.777177177177177327e+02 -9.594709434261731928e+01
5.817017017017017224e+02 -9.568400107847973857e+01
5.856856856856857121e+02 -9.542448706982419537e+01
5.896696696696697018e+02 -9.516847976910121076e+01
5.936536536536536914e+02 -9.491590857621510224e+01
5.976376376376376811e+02 -9.466670477361337532e+01
6.016216216216215571e+02 -9.442080146395478835e+01
6.056056056056055468e+02 -9.417813351023818313e+01
6.095895895895895364e+02 -9.393863747827857935e+01
6.135735735735735261e+02 -9.370225158142473276e+01
6.175575575575575158e+02 -9.346891562741608084e+01
6.215415415415415055e+02 -9.323857096728416138e+01
6.255255255255254951e+02 -9.301116044620587786e+01
6.295095095095094848e+02 -9.278662835622382943e+01
6.334934934934934745e+02 -9.256492039074998956e+01
6.374774774774774642e+02 -9.234598360077572465e+01
6.414614614614614538e+02 -9.212976635271373027e+01
6.454454454454454435e+02 -9.191621828780087355e+01
6.494294294294294332e+02 -9.170529028299579011e+01
6.534134134134134229e+02 -9.149693441330656185e+01
6.573973973973974125e+02 -9.129110391548857706e+01
6.613813813813814022e+02 -9.108775315305419440e+01
6.653653653653653919e+02 -9.088683758253945655e+01
6.693493493493493816e+02 -9.068831372097557164e+01
6.733333333333333712e+02 -9.049213911451539616e+01
6.773173173173172472e+02 -9.029827230816674444e+01
6.813013013013012369e+02 -9.010667281658770378e+01
6.852852852852852266e+02 -8.991730109590110942e+01
6.892692692692692162e+02 -8.973011851648593051e+01
6.932532532532532059e+02 -8.954508733670714093e+01
6.972372372372371956e+02 -8.936217067754597565e+01
7.012212212212211853e+02 -8.918133249809552865e+01
7.052052052052051749e+02 -8.900253757188622217e+01
7.091891891891891646e+02 -8.882575146401005384e+01
7.131731731731731543e+02 -8.865094050901079470e+01
7.171571571571571440e+02 -8.847807178951178741e+01
7.211411411411411336e+02 -8.830711311555178611e+01
7.251251251251251233e+02 -8.813803300460214984e+01
7.291091091091091130e+02 -8.797080066223918493e+01
7.330930930930931027e+02 -8.780538596344665336e+01
7.370770770770770923e+02 -8.764175943452451634e+01
7.410610610610610820e+02 -8.747989223558161598e+01
7.450450450450450717e+02 -8.731975614358961479e+01
7.490290290290290613e+02 -8.716132353597818394e+01
7.530130130130130510e+02 -8.700456737475039404e+01
7.569969969969969270e+02 -8.684946119110033180e+01
7.609809809809809167e+02 -8.669597907051340258e+01
7.649649649649649064e+02 -8.654409563833254992e+01
7.689489489489488960e+02 -8.639378604577271403e+01
7.729329329329328857e+02 -8.624502595636873536e+01
7.769169169169168754e+02 -8.609779153283903952e+01
7.809009009009008651e+02 -8.595205942435221402e+01
7.848848848848848547e+02 -8.580780675418144199e+01
7.888688688688688444e+02 -8.566501110773226912e+01
7.928528528528528341e+02 -8.552365052093232123e+01
7.968368368368368237e+02 -8.538370346896844865e+01
8.008208208208208134e+02 -8.524514885536063957e+01
8.048048048048048031e+02 -8.510796600136019663e+01
8.087887887887887928e+02 -8.497213463566129121e+01
8.127727727727727824e+02 -8.483763488441496747e+01
8.167567567567567721e+02 -8.470444726153586146e+01
8.207407407407407618e+02 -8.457255265929062205e+01
8.247247247247247515e+02 -8.444193233915953556e+01
8.287087087087087411e+02 -8.431256792296171909e+01
8.326926926926927308e+02 -8.418444138423477341e+01
8.366766766766766068e+02 -8.405753503986113628e+01
8.406606606606605965e+02 -8.393183154193224027e+01
8.446446446446445862e+02 -8.380731386984301423e+01
8.486286286286285758e+02 -8.368396532260902632e+01
8.526126126126125655e+02 -8.356176951139933351e+01
8.565965965965965552e+02 -8.344071035227698019e+01
8.605805805805805448e+02 -8.332077205914188767e+01
8.645645645645645345e+02 -8.320193913686864562e+01
8.685485485485485242e+02 -8.308419637463285312e+01
8.725325325325325139e+02 -8.296752883942070866e+01
8.765165165165165035e+02 -8.285192186971524109e+01
8.805005005005004932e+02 -8.273736106935426449e+01
8.844844844844844829e+02 -8.262383230155431590e+01
8.884684684684684726e+02 -8.251132168309493409e+01
8.924524524524524622e+02 -8.239981557865915818e+01
8.964364364364364519e+02 -8.228930059532503094e+01
9.004204204204204416e+02 -8.217976357720267799e+01
9.044044044044044313e+02 -8.207119160021400717e+01
9.083883883883884209e+02 -8.196357196700903103e+01
9.123723723723722969e+02 -8.185689220201581406e+01
9.163563563563562866e+02 -8.175114004661948286e+01
9.203403403403402763e+02 -8.164630345446620652e+01
9.243243243243242659e+02 -8.154237058688899253e+01
9.283083083083082556e+02 -8.143932980845100644e+01
9.322922922922922453e+02 -8.133716968260314673e+01
9.362762762762762350e+02 -8.123587896745276282e+01
9.402602602602602246e+02 -8.113544661163957983e+01
9.442442442442442143e+02 -8.103586175031618666e+01
9.482282282282282040e+02 -8.093711370123010340e+01
9.522122122122121937e+02 -8.083919196090367620e+01
9.561961961961961833e+02 -8.074208620090996646e+01
9.601801801801801730e+02 -8.064578626424096797e+01
9.641641641641641627e+02 -8.055028216176623346e+01
9.681481481481481524e+02 -8.045556406877851430e+01
9.721321321321321420e+02 -8.036162232162480734e+01
9.761161161161161317e+02 -8.026844741441962583e+01
9.801001001001001214e+02 -8.017602999583826318e+01
9.840840840840841111e+02 -8.008436086598837278e+01
9.880680680680681007e+02 -7.999343097335693642e+01
9.920520520520519767e+02 -7.990323141183090172e+01
9.960360360360359664e+02 -7.981375341778934285e+01
1.000020020020019956e+03 -7.972498836726504123e+01
1.004004004004003946e+03 -7.963692777317356786e+01
1.007987987987987935e+03 -7.954956328260847442e+01
1.011971971971971925e+03 -7.946288667419987917e+01
1.015955955955955915e+03 -7.937688985553538146e+01
1.019939939939939904e+03 -7.929156486064172782e+01
1.023923923923923894e+03 -7.920690384752475666e+01
1.027907907907907884e+03 -7.912289909576684011e+01
1.031891891891891873e+03 -7.903954300418004664e+01
1.035875875875875863e+03 -7.895682808851324808e+01
1.039859859859859853e+03 -7.887474697921203415e+01
1.043843843843843842e+03 -7.879329241922995664e+01
1.047827827827827832e+03 -7.871245726188982417e+01
1.051811811811811822e+03 -7.863223446879304390e+01
1.055795795795795812e+03 -7.855261710777728013e+01
1.059779779779779801e+03 -7.847359835091904756e+01
1.063763763763763791e+03 -7.839517147258203522e+01
1.067747747747747781e+03 -7.831732984750904336e+01
1.071731731731731770e+03 -7.824006694895571457e+01
1.075715715715715760e+03 -7.816337634686678371e+01
1.079699699699699750e+03 -7.808725170609196198e+01
1.083683683683683739e+03 -7.801168678464151185e+01
1.087667667667667729e+03 -7.793667543198004921e+01
1.091651651651651719e+03 -7.786221158735777692e+01
1.095635635635635708e+03 -7.778828927817794181e+01
1.099619619619619698e+03 -7.771490261840013147e+01
1.103603603603603688e+03 -7.764204580697766289e+01
1.107587587587587677e+03 -7.756971312632930449e+01
1.111571571571571440e+03 -7.749789894084328523e+01
1.115555555555555429e+03 -7.742659769541369030e+01
1.119539539539539419e+03 -7.735580391400800693e+01
1.123523523523523409e+03 -7.728551219826516672e+01
1.127507507507507398e+03 -7.721571722612333133e+01
1.131491491491491388e+03 -7.714641375047663985e+01
1.135475475475475378e+03 -7.707759659786024997e+01
1.139459459459459367e+03 -7.700926066716282037e+01
1.143443443443443357e+03 -7.694140092836624945e+01
1.147427427427427347e+03 -7.687401242131133472e+01
1.151411411411411336e+03 -7.680709025448919647e+01
1.155395395395395326e+03 -7.674062960385772669e+01
1.159379379379379316e+03 -7.667462571168235286e+01
1.163363363363363305e+03 -7.660907388540070428e+01
1.167347347347347295e+03 -7.654396949651058435e+01
1.171331331331331285e+03 -7.647930797948032478e+01
1.175315315315315274e+03 -7.641508483068173518e+01
1.179299299299299264e+03 -7.635129560734446841e+01
1.183283283283283254e+03 -7.628793592653133260e+01
1.187267267267267243e+03 -7.622500146413449329e+01
1.191251251251251233e+03 -7.616248795389194015e+01
1.195235235235235223e+03 -7.610039118642309575e+01
1.199219219219219212e+03 -7.603870700828417739e+01
1.203203203203203202e+03 -7.597743132104211838e+01
1.207187187187187192e+03 -7.591656008036667913e+01
1.211171171171171181e+03 -7.585608929514083343e+01
1.215155155155155171e+03 -7.579601502658826462e+01
1.219139139139139161e+03 -7.573633338741836951e+01
1.223123123123123150e+03 -7.567704054098743427e+01
1.227107107107107140e+03 -7.561813270047686331e+01
1.231091091091091130e+03 -7.555960612808655696e+01
1.235075075075075119e+03 -7.560189627912168930e+01
1.239059059059059109e+03 -7.605754395153607561e+01
1.243043043043043099e+03 -7.651800159976941984e+01
1.247027027027027088e+03 -7.698342480046549952e+01
1.251011011011011078e+03 -7.745397770185083175e+01
1.254994994994995068e+03 -7.792983369982120223e+01
1.258978978978979058e+03 -7.841117618417563051e+01
1.262962962962963047e+03 -7.889819936410265200e+01
1.266946946946946809e+03 -7.939110918345922130e+01
1.270930930930930799e+03 -7.989012433807118896e+01
1.274914914914914789e+03 -8.039547740931348585e+01
1.278898898898898778e+03 -8.090741613063615034e+01
1.282882882882882768e+03 -8.142620480660507098e+01
1.286866866866866758e+03 -8.195212590752534254e+01
1.290850850850850748e+03 -8.248548186695126105e+01
1.294834834834834737e+03 -8.302659711455690683e+01
1.298818818818818727e+03 -8.357582038316361661e+01
1.302802802802802717e+03 -8.413352733651798587e+01
1.306786786786786706e+03 -8.469938379414142560e+01
1.310770770770770696e+03 -8.527306665607024172e+01
1.314754754754754686e+03 -8.585647056436407354e+01
1.318738738738738675e+03 -8.645010703850326195e+01
1.322722722722722665e+03 -8.705453409556376698e+01
1.326706706706706655e+03 -8.767036239188703917e+01
1.330690690690690644e+03 -8.829826244886578479e+01
1.334674674674674634e+03 -8.893897320633790571e+01
1.338658658658658624e+03 -8.959331221447968119e+01
1.342642642642642613e+03 -9.026218786497254598e+01
1.346626626626626603e+03 -9.094661418350200677e+01
1.350610610610610593e+03 -9.164772887134681412e+01
1.354594594594594582e+03 -9.236681551335108509e+01
1.358578578578578572e+03 -9.310533119230525756e+01
1.362562562562562562e+03 -9.386494121106937882e+01
1.366546546546546551e+03 -9.464756329521459577e+01
1.370530530530530541e+03 -9.545542464608631406e+01
1.374514514514514531e+03 -9.629113672853992512e+01
1.378498498498498520e+03 -9.715779503605584466e+01
1.382482482482482510e+03 -9.805911485497942692e+01
1.386466466466466500e+03 -9.899962030475444408e+01
1.390450450450450489e+03 -9.998491467910939434e+01
