1.000000000000000000e+01 -7.887636329915367241e+03
1.199199199199199128e+01 -6.293254098693342712e+03
1.398398398398398434e+01 -5.242889971285675529e+03
1.597597597597597563e+01 -4.452077168372822598e+03
1.796796796796796869e+01 -3.835484379101989816e+03
1.995995995995995997e+01 -3.397808403871058090e+03
2.195195195195195126e+01 -3.037991745447506219e+03
2.394394394394394254e+01 -2.734923340580601234e+03
2.593593593593593738e+01 -2.475509439431852570e+03
2.792792792792792866e+01 -2.250366930538439192e+03
2.991991991991991995e+01 -2.052581763827010491e+03
3.191191191191191123e+01 -1.876929300075493074e+03
3.390390390390390252e+01 -1.719364815194473067e+03
3.589589589589589025e+01 -1.576676115807255655e+03
3.788788788788788509e+01 -1.446232885387001943e+03
3.987987987987987992e+01 -1.325476242808737879e+03
4.187187187187187476e+01 -1.208040182023866919e+03
4.386386386386386249e+01 -1.090688508915636021e+03
4.585585585585585733e+01 -9.648810068655536725e+02
4.784784784784784506e+01 -7.791076690136707157e+02
4.983983983983983990e+01 -7.003211946635191225e+02
5.183183183183182763e+01 -6.735764500329645443e+02
5.382382382382382247e+01 -6.488113238444711897e+02
5.581581581581581730e+01 -6.258138662756003896e+02
5.780780780780780503e+01 -6.044013417132082395e+02
5.979979979979979987e+01 -5.844153629787090267e+02
6.179179179179178760e+01 -5.657179667059510848e+02
6.378378378378378244e+01 -5.481884241238018376e+02
6.577577577577577017e+01 -5.317206313434628555e+02
6.776776776776776501e+01 -5.162209599112145497e+02
6.975975975975975985e+01 -5.016064756263382378e+02
7.175175175175175468e+01 -4.878034540570565696e+02
7.374374374374374952e+01 -4.747461366529129805e+02
7.573573573573573015e+01 -4.625666047914136243e+02
7.772772772772772498e+01 -4.510851692467123257e+02
7.971971971971971982e+01 -4.401775171458571663e+02
8.171171171171171466e+01 -4.298016849073247840e+02
8.370370370370369528e+01 -4.199197035694064652e+02
8.569569569569569012e+01 -4.104971345165592425e+02
8.768768768768768496e+01 -4.015026684868890356e+02
8.967967967967967979e+01 -3.929077780214346944e+02
9.167167167167167463e+01 -3.846864152263506185e+02
9.366366366366365526e+01 -3.768147481021487124e+02
9.565565565565565009e+01 -3.692709298179876214e+02
9.764764764764764493e+01 -3.620348962265069872e+02
9.963963963963963977e+01 -3.550881876671149371e+02
1.016316316316316346e+02 -3.484137917253370915e+02
1.036236236236236152e+02 -3.419960041283069359e+02
1.056156156156156101e+02 -3.358203053819655111e+02
1.076076076076076049e+02 -3.298732511101397904e+02
1.095995995995995997e+02 -3.241423743522594805e+02
1.115915915915915946e+02 -3.186160983254192729e+02
1.135835835835835752e+02 -3.132836583661461987e+02
1.155755755755755700e+02 -3.081350319443569674e+02
1.175675675675675649e+02 -3.031608757921184178e+02
1.195595595595595597e+02 -2.983524693174244362e+02
1.215515515515515546e+02 -2.937016635819979911e+02
1.235435435435435352e+02 -2.892008352151261761e+02
1.255355355355355300e+02 -2.848428447152518288e+02
1.275275275275275249e+02 -2.806745236007168387e+02
1.295195195195195197e+02 -2.767571080416399241e+02
1.315115115115115145e+02 -2.729583659026050100e+02
1.335035035035035094e+02 -2.692729850420687399e+02
1.354954954954955042e+02 -2.656959657050618375e+02
1.374874874874874990e+02 -2.622225978930733845e+02
1.394794794794794655e+02 -2.588484406731024592e+02
1.414714714714714603e+02 -2.555693032347453482e+02
1.434634634634634551e+02 -2.523812275254188080e+02
1.454554554554554500e+02 -2.492804723124319537e+02
1.474474474474474448e+02 -2.462634985369718379e+02
1.494394394394394396e+02 -2.433269558394561045e+02
1.514314314314314345e+02 -2.404676701483928127e+02
1.534234234234234293e+02 -2.376826322360887787e+02
1.554154154154154241e+02 -2.349689871544620985e+02
1.574074074074073906e+02 -2.323597002158007001e+02
1.593993993993993854e+02 -2.322777069036929163e+02
1.613913913913913802e+02 -2.321954838409701836e+02
1.633833833833833751e+02 -2.321130367297524515e+02
1.653753753753753699e+02 -2.320303709889056449e+02
1.673673673673673647e+02 -2.319474917708563169e+02
1.693593593593593596e+02 -2.318644039772194958e+02
1.713513513513513544e+02 -2.317811122733355660e+02
1.733433433433433493e+02 -2.316976211018052538e+02
1.753353353353353441e+02 -2.316139346951011930e+02
1.773273273273273105e+02 -2.315300570873295953e+02
1.793193193193193054e+02 -2.314459921252074253e+02
1.813113113113113002e+02 -2.313617434783157591e+02
1.833033033033032950e+02 -2.312773146486844098e+02
1.852952952952952899e+02 -2.311927089797582084e+02
1.872872872872872847e+02 -2.311079296647902765e+02
1.892792792792792795e+02 -2.310229797547056876e+02
1.912712712712712744e+02 -2.309378621654729216e+02
1.932632632632632692e+02 -2.308525796850194354e+02
1.952552552552552640e+02 -2.307671349797242897e+02
1.972472472472472305e+02 -2.306815306005153445e+02
1.992392392392392253e+02 -2.305957689886027424e+02
2.012312312312312201e+02 -2.305098524808694265e+02
2.032232232232232150e+02 -2.304237833149460357e+02
2.052152152152152098e+02 -2.303385393643258396e+02
2.072072072072072046e+02 -2.302533999772435607e+02
2.091991991991991995e+02 -2.301681010563188750e+02
2.111911911911911943e+02 -2.300826448830349875e+02
2.131831831831831892e+02 -2.299970336462733940e+02
2.151751751751751840e+02 -2.299112694465632956e+02
2.171671671671671504e+02 -2.298253543000959667e+02
2.191591591591591452e+02 -2.297392901425209857e+02
2.211511511511511401e+02 -2.296530788325360959e+02
2.231431431431431349e+02 -2.295667221552849639e+02
2.251351351351351298e+02 -2.294802218255743185e+02
2.271271271271271246e+02 -2.293935794909212973e+02
2.291191191191191194e+02 -2.293067967344421731e+02
2.311111111111111143e+02 -2.292198750775905580e+02
2.331031031031031091e+02 -2.291328159827556874e+02
2.350950950950951039e+02 -2.290456208557276341e+02
2.370870870870870704e+02 -2.289582910480393423e+02
2.390790790790790652e+02 -2.288708278591894896e+02
2.410710710710710600e+02 -2.287832325387561241e+02
2.430630630630630549e+02 -2.286955062884063068e+02
2.450550550550550497e+02 -2.286076502638060219e+02
2.470470470470470445e+02 -2.285196655764391949e+02
2.490390390390390394e+02 -2.284315532953380341e+02
2.510310310310310342e+02 -2.283433144487307800e+02
2.530230230230230291e+02 -2.282549500256127146e+02
2.550150150150150239e+02 -2.281664609772404617e+02
2.570070070070070187e+02 -2.280778482185599216e+02
2.589989989989990136e+02 -2.279891126295654260e+02
2.609909909909910084e+02 -2.279002550565978140e+02
2.629829829829830032e+02 -2.278112763135827947e+02
2.649749749749749981e+02 -2.277221771832127502e+02
2.669669669669669361e+02 -2.276329584180766687e+02
2.689589589589589309e+02 -2.275436207417380103e+02
2.709509509509509257e+02 -2.274541648497662152e+02
2.729429429429429206e+02 -2.273645914107212604e+02
2.749349349349349154e+02 -2.272749010670969483e+02
2.769269269269269103e+02 -2.271850944362215046e+02
2.789189189189189051e+02 -2.270951721111206894e+02
2.809109109109108999e+02 -2.270051346613428223e+02
2.829029029029028948e+02 -2.269149826337496449e+02
2.848948948948948896e+02 -2.268247165532728218e+02
2.868868868868868844e+02 -2.267343369236395745e+02
2.888788788788788793e+02 -2.266438442280672518e+02
2.908708708708708741e+02 -2.265532389299298757e+02
2.928628628628628690e+02 -2.264625214733962366e+02
2.948548548548548638e+02 -2.263716922840426946e+02
2.968468468468468586e+02 -2.262807517694407125e+02
2.988388388388388535e+02 -2.261897003197203730e+02
3.008308308308308483e+02 -2.260985383081125235e+02
3.028228228228228431e+02 -2.260072660914667608e+02
3.048148148148147811e+02 -2.259158840107513413e+02
3.068068068068067760e+02 -2.258243923915322000e+02
3.087987987987987708e+02 -2.257327915444330699e+02
3.107907907907907656e+02 -2.256410817655778374e+02
3.127827827827827605e+02 -2.255492633370161002e+02
3.147747747747747553e+02 -2.254573365271315595e+02
3.167667667667667502e+02 -2.253653015910350064e+02
3.187587587587587450e+02 -2.252731587709432119e+02
3.207507507507507398e+02 -2.251837169473138545e+02
3.227427427427427347e+02 -2.250952501671468724e+02
3.247347347347347295e+02 -2.250066198726520383e+02
3.267267267267267243e+02 -2.249178272684419824e+02
3.287187187187187192e+02 -2.248288735233338969e+02
3.307107107107107140e+02 -2.247397597713892878e+02
3.327027027027027088e+02 -2.246504871129168919e+02
3.346946946946947037e+02 -2.245610566154393837e+02
3.366866866866866985e+02 -2.244714693146254376e+02
3.386786786786786934e+02 -2.243817262151883369e+02
3.406706706706706882e+02 -2.242918282917534896e+02
3.426626626626626830e+02 -2.242017764896943675e+02
3.446546546546546210e+02 -2.241115717259402516e+02
3.466466466466466159e+02 -2.240212148897546172e+02
3.486386386386386107e+02 -2.239307068434880250e+02
3.506306306306306055e+02 -2.238400484233036138e+02
3.526226226226226004e+02 -2.237492404398784629e+02
3.546146146146145952e+02 -2.236582836790811655e+02
3.566066066066065900e+02 -2.235671789026256988e+02
3.585985985985985849e+02 -2.234759268487040629e+02
3.605905905905905797e+02 -2.233845282325967503e+02
3.625825825825825746e+02 -2.232929837472634631e+02
3.645745745745745694e+02 -2.232012940639138208e+02
3.665665665665665642e+02 -2.231094598325593097e+02
3.685585585585585591e+02 -2.230174816825472419e+02
3.705505505505505539e+02 -2.229253602230762112e+02
3.725425425425425487e+02 -2.228330960436961163e+02
3.745345345345345436e+02 -2.227406897147908751e+02
3.765265265265265384e+02 -2.226481417880457911e+02
3.785185185185185333e+02 -2.225554527968998570e+02
3.805105105105105281e+02 -2.224626232569838180e+02
3.825025025025025229e+02 -2.223696536665438543e+02
3.844944944944944609e+02 -2.222765445068513088e+02
3.864864864864864558e+02 -2.221832962426011875e+02
3.884784784784784506e+02 -2.220899093222956253e+02
3.904704704704704454e+02 -2.219963841786173475e+02
3.924624624624624403e+02 -2.219027212287904263e+02
3.944544544544544351e+02 -2.218089208749298393e+02
3.964464464464464299e+02 -2.217149835043805695e+02
3.984384384384384248e+02 -2.216209094900456478e+02
4.004304304304304196e+02 -2.215266991907043064e+02
4.024224224224224145e+02 -2.214323529513211781e+02
4.044144144144144093e+02 -2.213378711033439572e+02
4.064064064064064041e+02 -2.212432539649940395e+02
4.083983983983983990e+02 -2.211485018415478692e+02
4.103903903903903938e+02 -2.210536150256084227e+02
4.123823823823823886e+02 -2.209585937973701277e+02
4.143743743743743835e+02 -2.208634384248753122e+02
4.163663663663663783e+02 -2.207681491642616436e+02
4.183583583583583732e+02 -2.206727262600049926e+02
4.203503503503503680e+02 -2.205771699451517520e+02
4.223423423423423060e+02 -2.204814804415464664e+02
4.243343343343343008e+02 -2.203856579600518728e+02
4.263263263263262957e+02 -2.202897027007630015e+02
4.283183183183182905e+02 -2.201936148532136883e+02
4.303103103103102853e+02 -2.200973945965781979e+02
4.323023023023022802e+02 -2.200010420998671350e+02
4.342942942942942750e+02 -2.199045575221154820e+02
4.362862862862862698e+02 -2.198079410125679942e+02
4.382782782782782647e+02 -2.197111927108570910e+02
4.402702702702702595e+02 -2.196143127471762853e+02
4.422622622622622544e+02 -2.195173012424489229e+02
4.442542542542542492e+02 -2.194201583084907554e+02
4.462462462462462440e+02 -2.193228840481690440e+02
4.482382382382382389e+02 -2.192254785555573164e+02
4.502302302302302337e+02 -2.191279419160832447e+02
4.522222222222222285e+02 -2.190302742066755002e+02
4.542142142142142234e+02 -2.189324754959037307e+02
4.562062062062062182e+02 -2.188345458441159508e+02
4.581981981981982130e+02 -2.187364853035712429e+02
4.601901901901902079e+02 -2.186382939185687917e+02
4.621821821821821459e+02 -2.185399717255740200e+02
4.641741741741741407e+02 -2.184415187533390110e+02
4.661661661661661356e+02 -2.183429350230217665e+02
4.681581581581581304e+02 -2.182442205483004614e+02
4.701501501501501252e+02 -2.181453753354849994e+02
4.721421421421421201e+02 -2.180463993836254701e+02
4.741341341341341149e+02 -2.179472926846168548e+02
4.761261261261261097e+02 -2.178480552233010030e+02
4.781181181181181046e+02 -2.177486869775661376e+02
4.801101101101100994e+02 -2.176491879184426068e+02
4.821021021021020942e+02 -2.175495580101961366e+02
4.840940940940940891e+02 -2.174497972104188932e+02
4.860860860860860839e+02 -2.173499054701166529e+02
4.880780780780780788e+02 -2.172498827337952889e+02
4.900700700700700736e+02 -2.171497289395422854e+02
4.920620620620620684e+02 -2.170494440191079661e+02
4.940540540540540633e+02 -2.169490278979832851e+02
4.960460460460460581e+02 -2.168484804954752576e+02
4.980380380380380529e+02 -2.167478017247806292e+02
5.000300300300300478e+02 -2.166469914930569303e+02
5.020220220220219858e+02 -2.165460497014911994e+02
5.040140140140139806e+02 -2.164449762453673998e+02
5.060060060060059755e+02 -2.163437710141311356e+02
5.079979979979979703e+02 -2.162424338914519524e+02
5.099899899899899651e+02 -2.161409647552851823e+02
5.119819819819819600e+02 -2.160393634779301522e+02
5.139739739739738980e+02 -2.159376299260880216e+02
5.159659659659660065e+02 -2.158357639609162959e+02
5.179579579579578876e+02 -2.157337654380837080e+02
5.199499499499499962e+02 -2.156316342078205253e+02
5.219419419419418773e+02 -2.155293701149699075e+02
5.239339339339338721e+02 -2.154269729990360531e+02
5.259259259259258670e+02 -2.153244426942307825e+02
5.279179179179178618e+02 -2.152217790295196096e+02
5.299099099099098567e+02 -2.151189818286650564e+02
5.319019019019018515e+02 -2.150160509102690014e+02
5.338938938938938463e+02 -2.149129860878136924e+02
5.358858858858858412e+02 -2.148097871697013659e+02
5.378778778778778360e+02 -2.147064539592913661e+02
5.398698698698698308e+02 -2.146029862549380596e+02
5.418618618618618257e+02 -2.144993838500250831e+02
5.438538538538538205e+02 -2.143956465330001322e+02
5.458458458458458153e+02 -2.142917740874066794e+02
5.478378378378378102e+02 -2.141877662919163470e+02
5.498298298298298050e+02 -2.140836229203587777e+02
5.518218218218217999e+02 -2.139793437417499717e+02
5.538138138138137947e+02 -2.138749285203212764e+02
5.558058058058057895e+02 -2.137703770155450513e+02
5.577977977977977844e+02 -2.136656889821603613e+02
5.597897897897897792e+02 -2.135608641701974761e+02
5.617817817817817740e+02 -2.134559023250009773e+02
5.637737737737737689e+02 -2.133508031872519268e+02
5.657657657657657637e+02 -2.132455664929893544e+02
5.677577577577577586e+02 -2.131401919736291575e+02
5.697497497497497534e+02 -2.130346793559849914e+02
5.717417417417417482e+02 -2.129257367191470962e+02
5.737337337337337431e+02 -2.128151700790733969e+02
5.757257257257257379e+02 -2.127044969373203287e+02
5.777177177177177327e+02 -2.125937166550501729e+02
5.797097097097097276e+02 -2.124828285935720089e+02
5.817017017017017224e+02 -2.123718321142745538e+02
5.836936936936937173e+02 -2.122607265785580637e+02
5.856856856856857121e+02 -2.121495113477685948e+02
5.876776776776777069e+02 -2.120381857831319508e+02
5.896696696696697018e+02 -2.119267492456884554e+02
5.916616616616616966e+02 -2.118152010962288045e+02
5.936536536536536914e+02 -2.117035406952304299e+02
5.956456456456456863e+02 -2.115917674027934936e+02
5.976376376376376811e+02 -2.114798805785784168e+02
5.996296296296295623e+02 -2.113678795817444893e+02
6.016216216216215571e+02 -2.112557637708872846e+02
6.036136136136135519e+02 -2.111435325039775535e+02
6.056056056056055468e+02 -2.110311851383015664e+02
6.075975975975975416e+02 -2.109187210303996949e+02
6.095895895895895364e+02 -2.108061395360070662e+02
6.115815815815815313e+02 -2.106934400099947027e+02
6.135735735735735261e+02 -2.105806218063098640e+02
6.155655655655655210e+02 -2.104676842779176127e+02
6.175575575575575158e+02 -2.103546267767433164e+02
6.195495495495495106e+02 -2.102414486536133609e+02
6.215415415415415055e+02 -2.101281492581991301e+02
6.235335335335335003e+02 -2.100147279389587425e+02
6.255255255255254951e+02 -2.099011840430804057e+02
6.275175175175174900e+02 -2.097875169164260569e+02
6.295095095095094848e+02 -2.096737259034743204e+02
6.315015015015014797e+02 -2.095598103472647722e+02
6.334934934934934745e+02 -2.094457695893417792e+02
6.354854854854854693e+02 -2.093316029696990199e+02
6.374774774774774642e+02 -2.092173098267234650e+02
6.394694694694694590e+02 -2.091028894971404952e+02
6.414614614614614538e+02 -2.089883413159581949e+02
6.434534534534534487e+02 -2.088736646164126398e+02
6.454454454454454435e+02 -2.087588587299126175e+02
6.474374374374374383e+02 -2.086439229859856255e+02
6.494294294294294332e+02 -2.085288567122216818e+02
6.514214214214214280e+02 -2.084136592342198071e+02
6.534134134134134229e+02 -2.082983298755333692e+02
6.554054054054054177e+02 -2.081828679576148602e+02
6.573973973973974125e+02 -2.080672727997624349e+02
6.593893893893894074e+02 -2.079515437190643468e+02
6.613813813813814022e+02 -2.078356800303455429e+02
6.633733733733733970e+02 -2.077196810461124699e+02
6.653653653653653919e+02 -2.076035460764990432e+02
6.673573573573573867e+02 -2.074872744292119364e+02
6.693493493493493816e+02 -2.073708654094765222e+02
6.713413413413413764e+02 -2.072543183199816212e+02
6.733333333333333712e+02 -2.071376324608254720e+02
6.753253253253253661e+02 -2.070208071294607066e+02
6.773173173173172472e+02 -2.069038416206396960e+02
6.793093093093092421e+02 -2.067867352263593830e+02
6.813013013013012369e+02 -2.066694872358069119e+02
6.832932932932932317e+02 -2.065520969353035809e+02
6.852852852852852266e+02 -2.064345636082503574e+02
6.872772772772772214e+02 -2.063168865350720296e+02
6.892692692692692162e+02 -2.061990649931612722e+02
6.912612612612612111e+02 -2.060810982568237080e+02
6.932532532532532059e+02 -2.059629855972211203e+02
6.952452452452452007e+02 -2.058447262823155199e+02
6.972372372372371956e+02 -2.057263195768128696e+02
6.992292292292291904e+02 -2.056077647421063546e+02
7.012212212212211853e+02 -2.054890610362190557e+02
7.032132132132131801e+02 -2.053702077137473907e+02
7.052052052052051749e+02 -2.052512040258035313e+02
7.071971971971971698e+02 -2.051320492199573096e+02
7.091891891891891646e+02 -2.050127425401783796e+02
7.111811811811811594e+02 -2.048932832267782658e+02
7.131731731731731543e+02 -2.047736705163512170e+02
7.151651651651651491e+02 -2.046539036417153170e+02
7.171571571571571440e+02 -2.045339818318533389e+02
7.191491491491491388e+02 -2.044139043118526331e+02
7.211411411411411336e+02 -2.042936703028458112e+02
7.231331331331331285e+02 -2.041732790219492699e+02
7.251251251251251233e+02 -2.040527296822029086e+02
7.271171171171171181e+02 -2.039320214925091364e+02
7.291091091091091130e+02 -2.038111536575702019e+02
7.311011011011011078e+02 -2.036901253778267744e+02
7.330930930930931027e+02 -2.035689358493952739e+02
7.350850850850850975e+02 -2.034475842640042913e+02
7.370770770770770923e+02 -2.033260698089316350e+02
7.390690690690690872e+02 -2.032043916669398129e+02
7.410610610610610820e+02 -2.030825490162115443e+02
7.430530530530530768e+02 -2.029605410302842756e+02
7.450450450450450717e+02 -2.028383668779858340e+02
7.470370370370370665e+02 -2.027160257233661866e+02
7.490290290290290613e+02 -2.025935167256323268e+02
7.510210210210210562e+02 -2.024708390390803174e+02
7.530130130130130510e+02 -2.023479918130266242e+02
7.550050050050050459e+02 -2.022249741917409835e+02
7.569969969969969270e+02 -2.021017853143758600e+02
7.589889889889889218e+02 -2.019784243148967846e+02
7.609809809809809167e+02 -2.018548903220126931e+02
7.629729729729729115e+02 -2.017311824591038203e+02
7.649649649649649064e+02 -2.016072998441495940e+02
7.669569569569569012e+02 -2.014832415896571547e+02
7.689489489489488960e+02 -2.013590068025865207e+02
7.709409409409408909e+02 -2.012345945842779145e+02
7.729329329329328857e+02 -2.011100040303755918e+02
7.749249249249248805e+02 -2.009852342307530648e+02
7.769169169169168754e+02 -2.008602842694365052e+02
7.789089089089088702e+02 -2.007351532245269539e+02
7.809009009009008651e+02 -2.006098401681229291e+02
7.828928928928928599e+02 -2.004843441662411294e+02
7.848848848848848547e+02 -2.003586642787364838e+02
7.868768768768768496e+02 -2.002327995592216610e+02
7.888688688688688444e+02 -2.001067490549851868e+02
7.908608608608608392e+02 -1.999805118069092771e+02
7.928528528528528341e+02 -1.998540868493863343e+02
7.948448448448448289e+02 -1.997274732102333985e+02
7.968368368368368237e+02 -1.996006699106088149e+02
7.988288288288288186e+02 -1.994736759649234159e+02
8.008208208208208134e+02 -1.993464903807545454e+02
8.028128128128128083e+02 -1.992191121587573548e+02
8.048048048048048031e+02 -1.990915402925742512e+02
8.067967967967967979e+02 -1.989637737687454830e+02
8.087887887887887928e+02 -1.988358115666159733e+02
8.107807807807807876e+02 -1.987076526582435747e+02
8.127727727727727824e+02 -1.985792960083038849e+02
8.147647647647647773e+02 -1.984507405739955743e+02
8.167567567567567721e+02 -1.983219853049435528e+02
8.187487487487487670e+02 -1.981930291431011995e+02
8.207407407407407618e+02 -1.980638710226512842e+02
8.227327327327327566e+02 -1.979345098699057246e+02
8.247247247247247515e+02 -1.978049446032035519e+02
8.267167167167167463e+02 -1.976751741328085927e+02
8.287087087087087411e+02 -1.975451973608042806e+02
8.307007007007007360e+02 -1.974150131809884670e+02
8.326926926926927308e+02 -1.972846204787658451e+02
8.346846846846846120e+02 -1.971540181310397202e+02
8.366766766766766068e+02 -1.970232050061010796e+02
8.386686686686686016e+02 -1.968921799635178047e+02
8.406606606606605965e+02 -1.967609418540207287e+02
8.426526526526525913e+02 -1.966294895193894092e+02
8.446446446446445862e+02 -1.964978217923351735e+02
8.466366366366365810e+02 -1.963659374963834807e+02
8.486286286286285758e+02 -1.962338354457541527e+02
8.506206206206205707e+02 -1.961015144452395873e+02
8.526126126126125655e+02 -1.959689732900822321e+02
8.546046046046045603e+02 -1.958362107658485343e+02
8.565965965965965552e+02 -1.957032256483034303e+02
8.585885885885885500e+02 -1.955700167032811407e+02
8.605805805805805448e+02 -1.954365826865536349e+02
8.625725725725725397e+02 -1.953029223437003736e+02
8.645645645645645345e+02 -1.951690344099720278e+02
8.665565565565565294e+02 -1.950349176101543094e+02
8.685485485485485242e+02 -1.949005706584304392e+02
8.705405405405405190e+02 -1.947659922582395780e+02
8.725325325325325139e+02 -1.946311811021342635e+02
8.745245245245245087e+02 -1.944961358716359143e+02
8.765165165165165035e+02 -1.943608552370875486e+02
8.785085085085084984e+02 -1.942253378575037743e+02
8.805005005005004932e+02 -1.940895823804199267e+02
8.824924924924924881e+02 -1.939535874417376249e+02
8.844844844844844829e+02 -1.938173516655678270e+02
8.864764764764764777e+02 -1.936808736640724078e+02
8.884684684684684726e+02 -1.935441520373028652e+02
8.904604604604604674e+02 -1.934071853730349915e+02
8.924524524524524622e+02 -1.932699722466034018e+02
8.944444444444444571e+02 -1.931325112207323400e+02
8.964364364364364519e+02 -1.929948008453620218e+02
8.984284284284284468e+02 -1.928568396574748078e+02
9.004204204204204416e+02 -1.927186261809175392e+02
9.024124124124124364e+02 -1.925801589262205198e+02
9.044044044044044313e+02 -1.924414363904135996e+02
9.063963963963964261e+02 -1.923024570568396143e+02
9.083883883883884209e+02 -1.921632193949649832e+02
9.103803803803804158e+02 -1.920237218601860150e+02
9.123723723723722969e+02 -1.918839628936329689e+02
9.143643643643642918e+02 -1.917439409219706192e+02
9.163563563563562866e+02 -1.916036543571947561e+02
9.183483483483482814e+02 -1.914631015964264691e+02
9.203403403403402763e+02 -1.913222810217017127e+02
9.223323323323322711e+02 -1.911811909997576322e+02
9.243243243243242659e+02 -1.910398298818157912e+02
9.263163163163162608e+02 -1.908981960033606811e+02
9.283083083083082556e+02 -1.907562876839147066e+02
9.303003003003002505e+02 -1.906141032268099025e+02
9.322922922922922453e+02 -1.904716409189542787e+02
9.342842842842842401e+02 -1.903288990305956929e+02
9.362762762762762350e+02 -1.901858758150795552e+02
9.382682682682682298e+02 -1.900425695086041742e+02
9.402602602602602246e+02 -1.898989783299702196e+02
9.422522522522522195e+02 -1.897551004803266892e+02
9.442442442442442143e+02 -1.896109341429111623e+02
9.462362362362362092e+02 -1.894664774827867575e+02
9.482282282282282040e+02 -1.893217286465731775e+02
9.502202202202201988e+02 -1.891766857621727240e+02
9.522122122122121937e+02 -1.890313469384922769e+02
9.542042042042041885e+02 -1.888857102651591617e+02
9.561961961961961833e+02 -1.887397738122323005e+02
9.581881881881881782e+02 -1.885935356299071088e+02
9.601801801801801730e+02 -1.884469937482160447e+02
9.621721721721721678e+02 -1.883001461767230182e+02
9.641641641641641627e+02 -1.881529909042109807e+02
9.661561561561561575e+02 -1.880055258983649367e+02
9.681481481481481524e+02 -1.878577491054490167e+02
9.701401401401401472e+02 -1.877096584499754499e+02
9.721321321321321420e+02 -1.875612518343691590e+02
9.741241241241241369e+02 -1.874125271386250233e+02
9.761161161161161317e+02 -1.872634822199578082e+02
9.781081081081081265e+02 -1.871141149124465528e+02
9.801001001001001214e+02 -1.869644230266712555e+02
9.820920920920921162e+02 -1.868144043493417144e+02
9.840840840840841111e+02 -1.866640566429201158e+02
9.860760760760761059e+02 -1.865133776452354937e+02
9.880680680680681007e+02 -1.863623650690906288e+02
9.900600600600600956e+02 -1.862110166018604218e+02
9.920520520520519767e+02 -1.860593299050832741e+02
9.940440440440439716e+02 -1.859073026140427771e+02
9.960360360360359664e+02 -1.857549323373418417e+02
9.980280280280279612e+02 -1.856022166564679594e+02
1.000020020020019956e+03 -1.854491531253484027e+02
1.002012012012011951e+03 -1.852957392698979220e+02
1.004004004004003946e+03 -1.851419725875552160e+02
1.005995995995995941e+03 -1.849878505468112735e+02
1.007987987987987935e+03 -1.848333705867263745e+02
1.009979979979979930e+03 -1.846785301164378268e+02
1.011971971971971925e+03 -1.845233265146566453e+02
1.013963963963963920e+03 -1.843677571291536594e+02
1.015955955955955915e+03 -1.842118192762350191e+02
1.017947947947947910e+03 -1.840555102402048817e+02
1.019939939939939904e+03 -1.838988272728184938e+02
1.021931931931931899e+03 -1.837417675927213736e+02
1.023923923923923894e+03 -1.835843283848778640e+02
1.025915915915915775e+03 -1.834265067999854182e+02
1.027907907907907884e+03 -1.832682999538777437e+02
1.029899899899899992e+03 -1.831097049269122010e+02
1.031891891891891873e+03 -1.829507187633462024e+02
1.033883883883883755e+03 -1.827913384706980651e+02
1.035875875875875863e+03 -1.826315610190922598e+02
1.037867867867867744e+03 -1.824713833405927232e+02
1.039859859859859853e+03 -1.823108023285187755e+02
1.041851851851851734e+03 -1.821498148367450938e+02
1.043843843843843842e+03 -1.819884176789866785e+02
1.045835835835835724e+03 -1.818266076280671939e+02
1.047827827827827832e+03 -1.816643814151687195e+02
1.049819819819819713e+03 -1.815017357290652740e+02
1.051811811811811822e+03 -1.813386672153385462e+02
1.053803803803803703e+03 -1.811751724755730493e+02
1.055795795795795812e+03 -1.810112480665342787e+02
1.057787787787787693e+03 -1.808468904993251272e+02
1.059779779779779801e+03 -1.806820962385247640e+02
1.061771771771771682e+03 -1.805168617013021901e+02
1.063763763763763791e+03 -1.803511832565133659e+02
1.065755755755755672e+03 -1.801850572237723043e+02
1.067747747747747781e+03 -1.800184798725001087e+02
1.069739739739739662e+03 -1.798514474209520699e+02
1.071731731731731770e+03 -1.796839560352183298e+02
1.073723723723723651e+03 -1.795160018282007854e+02
1.075715715715715760e+03 -1.793475808585632478e+02
1.077707707707707641e+03 -1.791786891296567603e+02
1.079699699699699750e+03 -1.790093225884148467e+02
1.081691691691691631e+03 -1.788394771242219861e+02
1.083683683683683739e+03 -1.786691485677535809e+02
1.085675675675675620e+03 -1.784983326897838651e+02
1.087667667667667729e+03 -1.783270251999637992e+02
1.089659659659659610e+03 -1.781552217455673599e+02
1.091651651651651719e+03 -1.779829179102033265e+02
1.093643643643643600e+03 -1.778101092124933871e+02
1.095635635635635708e+03 -1.776367911047160817e+02
1.097627627627627589e+03 -1.774629589714117230e+02
1.099619619619619698e+03 -1.772886081279522443e+02
1.101611611611611579e+03 -1.771137338190700063e+02
1.103603603603603688e+03 -1.769383312173474110e+02
1.105595595595595569e+03 -1.767623954216645927e+02
1.107587587587587677e+03 -1.765859214556038808e+02
1.109579579579579558e+03 -1.764089042658096673e+02
1.111571571571571440e+03 -1.762313387203027446e+02
1.113563563563563548e+03 -1.760532196067462110e+02
1.115555555555555429e+03 -1.758745416306624065e+02
1.117547547547547538e+03 -1.756952994135990593e+02
1.119539539539539419e+03 -1.755154874912417995e+02
1.121531531531531527e+03 -1.753351003114726723e+02
1.123523523523523409e+03 -1.751541322323718646e+02
1.125515515515515517e+03 -1.749725775201600584e+02
1.127507507507507398e+03 -1.747904303470809850e+02
1.129499499499499507e+03 -1.746076847892192632e+02
1.131491491491491388e+03 -1.744243348242552827e+02
1.133483483483483496e+03 -1.742403743291494038e+02
1.135475475475475378e+03 -1.740557970777582284e+02
1.137467467467467486e+03 -1.738705967383772304e+02
1.139459459459459367e+03 -1.736847668712063069e+02
1.141451451451451476e+03 -1.734983009257384197e+02
1.143443443443443357e+03 -1.733111922380669796e+02
1.145435435435435465e+03 -1.731234340281060327e+02
1.147427427427427347e+03 -1.729350193967253517e+02
1.149419419419419455e+03 -1.727459413227919640e+02
1.151411411411411336e+03 -1.725561926601182847e+02
1.153403403403403445e+03 -1.723657661343098368e+02
1.155395395395395326e+03 -1.721746543395120455e+02
1.157387387387387435e+03 -1.719828497350481484e+02
1.159379379379379316e+03 -1.717903446419479678e+02
1.161371371371371424e+03 -1.715971312393594133e+02
1.163363363363363305e+03 -1.714032015608406425e+02
1.165355355355355414e+03 -1.712085474905258025e+02
1.167347347347347295e+03 -1.710131607591615932e+02
1.169339339339339404e+03 -1.708170329400055607e+02
1.171331331331331285e+03 -1.706201554445845829e+02
1.173323323323323393e+03 -1.704225195183042274e+02
1.175315315315315274e+03 -1.702241162359042619e+02
1.177307307307307383e+03 -1.700249364967527583e+02
1.179299299299299264e+03 -1.698249710199724234e+02
1.181291291291291373e+03 -1.696242103393923628e+02
1.183283283283283254e+03 -1.694226447983151331e+02
1.185275275275275362e+03 -1.692202645440931406e+02
1.187267267267267243e+03 -1.690170595225057468e+02
1.189259259259259125e+03 -1.688130194719259691e+02
1.191251251251251233e+03 -1.686081339172694413e+02
1.193243243243243114e+03 -1.684023921637146941e+02
1.195235235235235223e+03 -1.681957832901829022e+02
1.197227227227227104e+03 -1.679882961425685721e+02
1.199219219219219212e+03 -1.677799193267058513e+02
1.201211211211211094e+03 -1.675706412010617896e+02
1.203203203203203202e+03 -1.673604498691391882e+02
1.205195195195195083e+03 -1.671493331715777231e+02
1.207187187187187192e+03 -1.669372786779389628e+02
1.209179179179179073e+03 -1.667242736781565497e+02
1.211171171171171181e+03 -1.665103051736375335e+02
1.213163163163163063e+03 -1.662953598679975471e+02
1.215155155155155171e+03 -1.660794241574068622e+02
1.217147147147147052e+03 -1.658624841205346740e+02
1.219139139139139161e+03 -1.656445255080630261e+02
1.221131131131131042e+03 -1.654255337317536600e+02
1.223123123123123150e+03 -1.652054938530408208e+02
1.225115115115115032e+03 -1.649843905711262551e+02
1.227107107107107140e+03 -1.647622082105486925e+02
1.229099099099099021e+03 -1.645389307082000983e+02
1.231091091091091130e+03 -1.643145415997573764e+02
1.233083083083083011e+03 -1.640890240054981177e+02
1.235075075075075119e+03 -1.638623606154637571e+02
1.237067067067067001e+03 -1.636345336739360334e+02
1.239059059059059109e+03 -1.634055249631855418e+02
1.241051051051050990e+03 -1.631753157864499997e+02
1.243043043043043099e+03 -1.629438869500987721e+02
1.245035035035034980e+03 -1.627112187449331486e+02
1.247027027027027088e+03 -1.624772909265743692e+02
1.249019019019018970e+03 -1.622420826948797412e+02
1.251011011011011078e+03 -1.620055726723306293e+02
1.253003003003002959e+03 -1.617677388813293078e+02
1.254994994994995068e+03 -1.615285587203317732e+02
1.256986986986986949e+03 -1.612880089387499254e+02
1.258978978978979058e+03 -1.610460656105385624e+02
1.260970970970970939e+03 -1.608027041063853630e+02
1.262962962962963047e+03 -1.605578990644092130e+02
1.264954954954954928e+03 -1.603116243592743615e+02
1.266946946946946809e+03 -1.600638530696054431e+02
1.268938938938938918e+03 -1.598145574435957315e+02
1.270930930930930799e+03 -1.595637088626789080e+02
1.272922922922922908e+03 -1.593112778031349137e+02
1.274914914914914789e+03 -1.590572337954773445e+02
1.276906906906906897e+03 -1.588015453814715556e+02
1.278898898898898778e+03 -1.585441800686055842e+02
1.280890890890890887e+03 -1.582851042818316785e+02
1.282882882882882768e+03 -1.580242833123716935e+02
1.284874874874874877e+03 -1.577616812633709173e+02
1.286866866866866758e+03 -1.574972609921511832e+02
1.288858858858858866e+03 -1.572309840488088355e+02
1.290850850850850748e+03 -1.569628106108640964e+02
1.292842842842842856e+03 -1.566926994136493931e+02
1.294834834834834737e+03 -1.564206076760928568e+02
1.296826826826826846e+03 -1.561464910215175905e+02
1.298818818818818727e+03 -1.558703033930421498e+02
1.300810810810810835e+03 -1.555919969631247568e+02
1.302802802802802717e+03 -1.553115220367497784e+02
1.304794794794794825e+03 -1.550288269476994572e+02
1.306786786786786706e+03 -1.547448061620610531e+02
1.308778778778778815e+03 -1.544589256574564615e+02
1.310770770770770696e+03 -1.541706761769631271e+02
1.312762762762762804e+03 -1.538799977553738927e+02
1.314754754754754686e+03 -1.535868278552551658e+02
1.316746746746746794e+03 -1.532911012097647188e+02
1.318738738738738675e+03 -1.529927496528977144e+02
1.320730730730730784e+03 -1.526917019359156029e+02
1.322722722722722665e+03 -1.523878835285516402e+02
1.324714714714714773e+03 -1.520812164034266232e+02
1.326706706706706655e+03 -1.517716188019041397e+02
1.328698698698698763e+03 -1.514590049793975197e+02
1.330690690690690644e+03 -1.511432849278776587e+02
1.332682682682682753e+03 -1.508243640730387369e+02
1.334674674674674634e+03 -1.505021429432327125e+02
1.336666666666666742e+03 -1.501765168068882019e+02
1.338658658658658624e+03 -1.498473752746696164e+02
1.340650650650650732e+03 -1.495146018620889095e+02
1.342642642642642613e+03 -1.491780735076584676e+02
1.344634634634634494e+03 -1.488376600409358161e+02
1.346626626626626603e+03 -1.484932235939351983e+02
1.348618618618618484e+03 -1.481446179483635035e+02
1.350610610610610593e+03 -1.477916878099092060e+02
1.352602602602602474e+03 -1.474342679993739011e+02
1.354594594594594582e+03 -1.470721825486869250e+02
1.356586586586586463e+03 -1.467052436877676769e+02
1.358578578578578572e+03 -1.463332507056869645e+02
1.360570570570570453e+03 -1.459559886665109047e+02
1.362562562562562562e+03 -1.455732269565134516e+02
1.364554554554554443e+03 -1.451847176348667290e+02
1.366546546546546551e+03 -1.447901935543103207e+02
1.368538538538538432e+03 -1.443893662113318044e+02
1.370530530530530541e+03 -1.439819232766948289e+02
1.372522522522522422e+03 -1.435675257462363561e+02
1.374514514514514531e+03 -1.431458046380185465e+02
1.376506506506506412e+03 -1.427163571443173282e+02
1.378498498498498520e+03 -1.422787421242473727e+02
1.380490490490490401e+03 -1.418324747934412642e+02
1.382482482482482510e+03 -1.413770204287201011e+02
1.384474474474474391e+03 -1.409117868547862429e+02
1.386466466466466500e+03 -1.404361154119104071e+02
1.388458458458458381e+03 -1.399492700115030175e+02
1.390450450450450489e+03 -1.394504237602372996e+02
1.392442442442442371e+03 -1.389386424579980144e+02
1.394434434434434479e+03 -1.384128640273599160e+02
1.396426426426426360e+03 -1.378718725770572746e+02
1.398418418418418469e+03 -1.373142652824673462e+02
1.400410410410410350e+03 -1.367384094909206169e+02
1.402402402402402458e+03 -1.361423862757510790e+02
1.404394394394394340e+03 -1.355239148075515914e+02
1.406386386386386448e+03 -1.348802489167563294e+02
1.408378378378378329e+03 -1.342080322245940920e+02
1.410370370370370438e+03 -1.335030895510345488e+02
1.412362362362362319e+03 -1.327601165746526419e+02
1.414354354354354427e+03 -1.319721995849070595e+02
1.416346346346346309e+03 -1.311300355777759705e+02
1.418338338338338417e+03 -1.302205865362860209e+02
1.420330330330330298e+03 -1.292245670360266843e+02
1.422322322322322179e+03 -1.281112233206262943e+02
1.424314314314314288e+03 -1.268256541907515214e+02
1.426306306306306169e+03 -1.252490988641125682e+02
1.428298298298298278e+03 -1.229846490218037616e+02
1.430290290290290159e+03 -1.197157436955917689e+02
1.432282282282282267e+03 -1.197156502312704873e+02
1.434274274274274148e+03 -1.197155570265651789e+02
1.436266266266266257e+03 -1.197154640803954777e+02
1.438258258258258138e+03 -1.197153713916872277e+02
1.440250250250250247e+03 -1.197152789593721138e+02
1.442242242242242128e+03 -1.197151867823877609e+02
1.444234234234234236e+03 -1.197150948596777624e+02
1.446226226226226117e+03 -1.197150031901913962e+02
1.448218218218218226e+03 -1.197149117728836956e+02
1.450210210210210107e+03 -1.197148206067154916e+02
1.452202202202202216e+03 -1.197147296906533001e+02
1.454194194194194097e+03 -1.197146390236694060e+02
1.456186186186186205e+03 -1.197145486047415233e+02
1.458178178178178086e+03 -1.197144584328532062e+02
1.460170170170170195e+03 -1.197143685069931962e+02
1.462162162162162076e+03 -1.197142788261560895e+02
1.464154154154154185e+03 -1.197141893893418541e+02
1.466146146146146066e+03 -1.197141001955558011e+02
1.468138138138138174e+03 -1.197140112438086561e+02
1.470130130130130055e+03 -1.197139225331165449e+02
1.472122122122122164e+03 -1.197138340625010500e+02
1.474114114114114045e+03 -1.197137458309888132e+02
1.476106106106106154e+03 -1.197136578376118337e+02
1.478098098098098035e+03 -1.197135700814073687e+02
1.480090090090090143e+03 -1.197134825614177629e+02
1.482082082082082024e+03 -1.197133952766905765e+02
1.484074074074074133e+03 -1.197133082262785138e+02
1.486066066066066014e+03 -1.197132214092393241e+02
1.488058058058058123e+03 -1.197131348246357021e+02
1.490050050050050004e+03 -1.197130484715355436e+02
1.492042042042042112e+03 -1.197129623490114483e+02
1.494034034034033994e+03 -1.197128764561413590e+02
1.496026026026026102e+03 -1.197127907920078087e+02
1.498018018018017983e+03 -1.197127053556982901e+02
1.500010010010010092e+03 -1.197126201463051984e+02
1.502002002002001973e+03 -1.197125351629256897e+02
1.503993993993993854e+03 -1.197124504046617233e+02
1.505985985985985963e+03 -1.197123658706199905e+02
1.507977977977977844e+03 -1.197122815599119008e+02
1.509969969969969952e+03 -1.197121974716537096e+02
1.511961961961961833e+03 -1.197121136049660350e+02
1.513953953953953942e+03 -1.197120299589743553e+02
1.515945945945945823e+03 -1.197119465328085965e+02
1.517937937937937932e+03 -1.197118633256033888e+02
1.519929929929929813e+03 -1.197117803364978386e+02
1.521921921921921921e+03 -1.197116975646355428e+02
1.523913913913913802e+03 -1.197116150091645892e+02
1.525905905905905911e+03 -1.197115326692374992e+02
1.527897897897897792e+03 -1.197114505440112140e+02
1.529889889889889901e+03 -1.197113686326471793e+02
1.531881881881881782e+03 -1.197112869343109907e+02
1.533873873873873890e+03 -1.197112054481727625e+02
1.535865865865865771e+03 -1.197111241734067590e+02
1.537857857857857880e+03 -1.197110431091916922e+02
1.539849849849849761e+03 -1.197109622547104379e+02
1.541841841841841870e+03 -1.197108816091499932e+02
1.543833833833833751e+03 -1.197108011717017888e+02
1.545825825825825859e+03 -1.197107209415612203e+02
1.547817817817817740e+03 -1.197106409179278472e+02
1.549809809809809849e+03 -1.197105611000055063e+02
1.551801801801801730e+03 -1.197104814870018998e+02
1.553793793793793839e+03 -1.197104020781289790e+02
1.555785785785785720e+03 -1.197103228726025748e+02
1.557777777777777828e+03 -1.197102438696426674e+02
1.559769769769769709e+03 -1.197101650684731311e+02
1.561761761761761818e+03 -1.197100864683217765e+02
1.563753753753753699e+03 -1.197100080684204642e+02
1.565745745745745808e+03 -1.197099298680049770e+02
1.567737737737737689e+03 -1.197098518663147502e+02
1.569729729729729797e+03 -1.197097740625933540e+02
1.571721721721721678e+03 -1.197096964560879826e+02
1.573713713713713787e+03 -1.197096190460498377e+02
1.575705705705705668e+03 -1.197095418317337021e+02
1.577697697697697777e+03 -1.197094648123982665e+02
1.579689689689689658e+03 -1.197093879873059450e+02
1.581681681681681539e+03 -1.197093113557227326e+02
1.583673673673673647e+03 -1.197092349169185752e+02
1.585665665665665529e+03 -1.197091586701668433e+02
1.587657657657657637e+03 -1.197090826147446734e+02
1.589649649649649518e+03 -1.197090067499327830e+02
1.591641641641641627e+03 -1.197089310750155420e+02
1.593633633633633508e+03 -1.197088555892808017e+02
1.595625625625625617e+03 -1.197087802920200943e+02
1.597617617617617498e+03 -1.197087051825284334e+02
1.599609609609609606e+03 -1.197086302601042576e+02
1.601601601601601487e+03 -1.197085555240496291e+02
1.603593593593593596e+03 -1.197084809736699782e+02
1.605585585585585477e+03 -1.197084066082742737e+02
1.607577577577577586e+03 -1.197083324271747813e+02
1.609569569569569467e+03 -1.197082584296873620e+02
1.611561561561561575e+03 -1.197081846151311169e+02
1.613553553553553456e+03 -1.197081109828285292e+02
1.615545545545545565e+03 -1.197080375321052657e+02
1.617537537537537446e+03 -1.197079642622907727e+02
1.619529529529529555e+03 -1.197078911727173391e+02
1.621521521521521436e+03 -1.197078182627207070e+02
1.623513513513513544e+03 -1.197077455316399295e+02
1.625505505505505425e+03 -1.197076729788171860e+02
1.627497497497497534e+03 -1.197076006035979816e+02
1.629489489489489415e+03 -1.197075284053309616e+02
1.631481481481481524e+03 -1.197074563833679548e+02
1.633473473473473405e+03 -1.197073845370639305e+02
1.635465465465465513e+03 -1.197073128657770837e+02
1.637457457457457394e+03 -1.197072413688686936e+02
1.639449449449449503e+03 -1.197071700457030659e+02
1.641441441441441384e+03 -1.197070988956477322e+02
1.643433433433433493e+03 -1.197070279180731660e+02
1.645425425425425374e+03 -1.197069571123529244e+02
1.647417417417417482e+03 -1.197068864778637050e+02
1.649409409409409363e+03 -1.197068160139850050e+02
1.651401401401401472e+03 -1.197067457200994482e+02
1.653393393393393353e+03 -1.197066755955926851e+02
1.655385385385385462e+03 -1.197066056398532226e+02
1.657377377377377343e+03 -1.197065358522724949e+02
1.659369369369369224e+03 -1.197064662322450062e+02
1.661361361361361332e+03 -1.197063967791679460e+02
1.663353353353353214e+03 -1.197063274924415595e+02
1.665345345345345322e+03 -1.197062583714689623e+02
1.667337337337337203e+03 -1.197061894156559134e+02
1.669329329329329312e+03 -1.197061206244112839e+02
1.671321321321321193e+03 -1.197060519971466874e+02
1.673313313313313301e+03 -1.197059835332763811e+02
1.675305305305305183e+03 -1.197059152322176061e+02
1.677297297297297291e+03 -1.197058470933902612e+02
1.679289289289289172e+03 -1.197057791162169167e+02
1.681281281281281281e+03 -1.197057113001231841e+02
1.683273273273273162e+03 -1.197056436445370480e+02
1.685265265265265271e+03 -1.197055761488894348e+02
1.687257257257257152e+03 -1.197055088126138145e+02
1.689249249249249260e+03 -1.197054416351464141e+02
1.691241241241241141e+03 -1.197053746159260328e+02
1.693233233233233250e+03 -1.197053077543942265e+02
1.695225225225225131e+03 -1.197052410499951378e+02
1.697217217217217240e+03 -1.197051745021753675e+02
1.699209209209209121e+03 -1.197051081103843302e+02
1.701201201201201229e+03 -1.197050418740740128e+02
1.703193193193193110e+03 -1.197049757926987041e+02
1.705185185185185219e+03 -1.197049098657155639e+02
1.707177177177177100e+03 -1.197048440925840538e+02
1.709169169169169209e+03 -1.197047784727663071e+02
1.711161161161161090e+03 -1.197047130057268305e+02
1.713153153153153198e+03 -1.197046476909327453e+02
1.715145145145145079e+03 -1.197045825278535602e+02
1.717137137137137188e+03 -1.197045175159612995e+02
1.719129129129129069e+03 -1.197044526547303747e+02
1.721121121121121178e+03 -1.197043879436376983e+02
1.723113113113113059e+03 -1.197043233821626131e+02
1.725105105105105167e+03 -1.197042589697867072e+02
1.727097097097097048e+03 -1.197041947059942260e+02
1.729089089089089157e+03 -1.197041305902715465e+02
1.731081081081081038e+03 -1.197040666221074900e+02
1.733073073073073147e+03 -1.197040028009932939e+02
1.735065065065065028e+03 -1.197039391264225685e+02
1.737057057057056909e+03 -1.197038755978909421e+02
1.739049049049049017e+03 -1.197038122148968000e+02
1.741041041041040899e+03 -1.197037489769404601e+02
1.743033033033033007e+03 -1.197036858835247415e+02
1.745025025025024888e+03 -1.197036229341544953e+02
1.747017017017016997e+03 -1.197035601283372301e+02
1.749009009009008878e+03 -1.197034974655822737e+02
1.751001001001000986e+03 -1.197034349454014404e+02
1.752992992992992868e+03 -1.197033725673086906e+02
1.754984984984984976e+03 -1.197033103308201873e+02
1.756976976976976857e+03 -1.197032482354542395e+02
1.758968968968968966e+03 -1.197031862807315150e+02
1.760960960960960847e+03 -1.197031244661746427e+02
1.762952952952952955e+03 -1.197030627913085397e+02
1.764944944944944837e+03 -1.197030012556600838e+02
1.766936936936936945e+03 -1.197029398587586400e+02
1.768928928928928826e+03 -1.197028786001353495e+02
1.770920920920920935e+03 -1.197028174793236133e+02
1.772912912912912816e+03 -1.197027564958588925e+02
1.774904904904904924e+03 -1.197026956492788230e+02
1.776896896896896806e+03 -1.197026349391229019e+02
1.778888888888888914e+03 -1.197025743649330281e+02
1.780880880880880795e+03 -1.197025139262527631e+02
1.782872872872872904e+03 -1.197024536226279849e+02
1.784864864864864785e+03 -1.197023934536064900e+02
1.786856856856856894e+03 -1.197023334187381352e+02
1.788848848848848775e+03 -1.197022735175746817e+02
1.790840840840840883e+03 -1.197022137496700793e+02
1.792832832832832764e+03 -1.197021541145800683e+02
1.794824824824824873e+03 -1.197020946118623925e+02
1.796816816816816754e+03 -1.197020352410768851e+02
1.798808808808808863e+03 -1.197019760017851979e+02
1.800800800800800744e+03 -1.197019168935510010e+02
1.802792792792792852e+03 -1.197018579159398115e+02
1.804784784784784733e+03 -1.197017990685190654e+02
1.806776776776776842e+03 -1.197017403508583016e+02
1.808768768768768723e+03 -1.197016817625287075e+02
1.810760760760760832e+03 -1.197016233031035313e+02
1.812752752752752713e+03 -1.197015649721576978e+02
1.814744744744744594e+03 -1.197015067692682777e+02
1.816736736736736702e+03 -1.197014486940138767e+02
1.818728728728728584e+03 -1.197013907459752602e+02
1.820720720720720692e+03 -1.197013329247347855e+02
1.822712712712712573e+03 -1.197012752298767140e+02
1.824704704704704682e+03 -1.197012176609872114e+02
1.826696696696696563e+03 -1.197011602176542056e+02
1.828688688688688671e+03 -1.197011028994673296e+02
1.830680680680680553e+03 -1.197010457060180073e+02
1.832672672672672661e+03 -1.197009886368995382e+02
1.834664664664664542e+03 -1.197009316917069981e+02
1.836656656656656651e+03 -1.197008748700371399e+02
1.838648648648648532e+03 -1.197008181714884927e+02
1.840640640640640640e+03 -1.197007615956612625e+02
1.842632632632632522e+03 -1.197007051421575170e+02
1.844624624624624630e+03 -1.197006488105809296e+02
1.846616616616616511e+03 -1.197005926005369219e+02
1.848608608608608620e+03 -1.197005365116326630e+02
1.850600600600600501e+03 -1.197004805434768855e+02
1.852592592592592609e+03 -1.197004246956801410e+02
1.854584584584584491e+03 -1.197003689678546436e+02
1.856576576576576599e+03 -1.197003133596141282e+02
1.858568568568568480e+03 -1.197002578705741058e+02
1.860560560560560589e+03 -1.197002025003517360e+02
1.862552552552552470e+03 -1.197001472485658269e+02
1.864544544544544578e+03 -1.197000921148367780e+02
1.866536536536536460e+03 -1.197000370987866518e+02
1.868528528528528568e+03 -1.196999822000388747e+02
1.870520520520520449e+03 -1.196999274182188913e+02
1.872512512512512558e+03 -1.196998727529534676e+02
1.874504504504504439e+03 -1.196998182038710894e+02
1.876496496496496547e+03 -1.196997637706016775e+02
1.878488488488488429e+03 -1.196997094527767871e+02
1.880480480480480537e+03 -1.196996552500296502e+02
1.882472472472472418e+03 -1.196996011619948348e+02
1.884464464464464527e+03 -1.196995471883086282e+02
1.886456456456456408e+03 -1.196994933286087814e+02
1.888448448448448517e+03 -1.196994395825345237e+02
1.890440440440440398e+03 -1.196993859497268460e+02
1.892432432432432506e+03 -1.196993324298279049e+02
1.894424424424424387e+03 -1.196992790224815906e+02
1.896416416416416268e+03 -1.196992257273331575e+02
1.898408408408408377e+03 -1.196991725440294942e+02
1.900400400400400258e+03 -1.196991194722188681e+02
1.902392392392392367e+03 -1.196990665115511234e+02
1.904384384384384248e+03 -1.196990136616773128e+02
1.906376376376376356e+03 -1.196989609222503788e+02
1.908368368368368237e+03 -1.196989082929242159e+02
1.910360360360360346e+03 -1.196988557733545520e+02
1.912352352352352227e+03 -1.196988033631983654e+02
1.914344344344344336e+03 -1.196987510621140984e+02
1.916336336336336217e+03 -1.196986988697616283e+02
1.918328328328328325e+03 -1.196986467858022394e+02
1.920320320320320207e+03 -1.196985948098985801e+02
1.922312312312312315e+03 -1.196985429417147913e+02
1.924304304304304196e+03 -1.196984911809162782e+02
1.926296296296296305e+03 -1.196984395271699384e+02
1.928288288288288186e+03 -1.196983879801440054e+02
1.930280280280280294e+03 -1.196983365395081051e+02
1.932272272272272176e+03 -1.196982852049331569e+02
1.934264264264264284e+03 -1.196982339760914726e+02
1.936256256256256165e+03 -1.196981828526567568e+02
1.938248248248248274e+03 -1.196981318343040073e+02
1.940240240240240155e+03 -1.196980809207095859e+02
1.942232232232232263e+03 -1.196980301115511196e+02
1.944224224224224145e+03 -1.196979794065076845e+02
1.946216216216216253e+03 -1.196979288052595365e+02
1.948208208208208134e+03 -1.196978783074882244e+02
1.950200200200200243e+03 -1.196978279128768321e+02
1.952192192192192124e+03 -1.196977776211094806e+02
1.954184184184184232e+03 -1.196977274318715843e+02
1.956176176176176114e+03 -1.196976773448500495e+02
1.958168168168168222e+03 -1.196976273597328486e+02
1.960160160160160103e+03 -1.196975774762093891e+02
1.962152152152152212e+03 -1.196975276939701445e+02
1.964144144144144093e+03 -1.196974780127070801e+02
1.966136136136136201e+03 -1.196974284321131989e+02
1.968128128128128083e+03 -1.196973789518828539e+02
1.970120120120120191e+03 -1.196973295717115349e+02
1.972112112112112072e+03 -1.196972802912961953e+02
1.974104104104103953e+03 -1.196972311103347693e+02
1.976096096096096062e+03 -1.196971820285264840e+02
1.978088088088087943e+03 -1.196971330455718174e+02
1.980080080080080052e+03 -1.196970841611724410e+02
1.982072072072071933e+03 -1.196970353750310778e+02
1.984064064064064041e+03 -1.196969866868519290e+02
1.986056056056055922e+03 -1.196969380963402045e+02
1.988048048048048031e+03 -1.196968896032022656e+02
1.990040040040039912e+03 -1.196968412071456669e+02
1.992032032032032021e+03 -1.196967929078793560e+02
1.994024024024023902e+03 -1.196967447051130335e+02
1.996016016016016010e+03 -1.196966965985579208e+02
1.998008008008007891e+03 -1.196966485879262905e+02
2.000000000000000000e+03 -1.196966006729313960e+02
