5.259259259259258670e+02 -9.997569885264589118e+01
5.299099099099098567e+02 -9.963475075170391904e+01
5.338938938938938463e+02 -9.929889104674865052e+01
5.378778778778778360e+02 -9.896800667073122781e+01
5.418618618618618257e+02 -9.864198788185839817e+01
5.458458458458458153e+02 -9.832072814224177648e+01
5.498298298298298050e+02 -9.800412400182295869e+01
5.538138138138137947e+02 -9.769207498730821726e+01
5.577977977977977844e+02 -9.738448349586352037e+01
5.617817817817817740e+02 -9.708125469333211299e+01
5.657657657657657637e+02 -9.678229641675282835e+01
5.697497497497497534e+02 -9.648751908096835450e+01
5.737337337337337431e+02 -9.621384142485548807e+01
5.777177177177177327e+02 -9.594709434261731928e+01
5.817017017017017224e+02 -9.568400107847973857e+01
5.856856856856857121e+02 -9.542448706982419537e+01
5.896696696696697018e+02 -9.516847976910121076e+01
5.936536536536536914e+02 -9.491590857621510224e+01
5.976376376376376811e+02 -9.466670477361337532e+01
6.016216216216215571e+02 -9.442080146395478835e+01
6.056056056056055468e+02 -9.417813351023818313e+01
6.095895895895895364e+02 -9.393863747827857935e+01
6.135735735735735261e+02 -9.370225158142473276e+01
6.175575575575575158e+02 -9.346891562741608084e+01
6.215415415415415055e+02 -9.323857096728416138e+01
6.255255255255254951e+02 -9.301116044620587786e+01
6.295095095095094848e+02 -9.278662835622382943e+01
6.334934934934934745e+02 -9.256492039074998956e+01
6.374774774774774642e+02 -9.234598360077572465e+01
6.414614614614614538e+02 -9.212976635271373027e+01
6.454454454454454435e+02 -9.191621828780087355e+01
6.494294294294294332e+02 -9.170529028299579011e+01
6.534134134134134229e+02 -9.149693441330656185e+01
6.573973973973974125e+02 -9.129110391548857706e+01
6.613813813813814022e+02 -9.108775315305419440e+01
6.653653653653653919e+02 -9.088683758253945655e+01
6.693493493493493816e+02 -9.068831372097557164e+01
6.733333333333333712e+02 -9.049213911451539616e+01
6.773173173173172472e+02 -9.029827230816674444e+01
6.813013013013012369e+02 -9.010667281658770378e+01
6.852852852852852266e+02 -8.991730109590110942e+01
6.892692692692692162e+02 -8.973011851648593051e+01
6.932532532532532059e+02 -8.954508733670714093e+01
6.972372372372371956e+02 -8.936217067754597565e+01
7.012212212212211853e+02 -8.918133249809552865e+01
7.052052052052051749e+02 -8.900253757188622217e+01
7.091891891891891646e+02 -8.882575146401005384e+01
7.131731731731731543e+02 -8.865094050901079470e+01
7.171571571571571440e+02 -8.847807178951178741e+01
7.211411411411411336e+02 -8.830711311555178611e+01
7.251251251251251233e+02 -8.813803300460214984e+01
7.291091091091091130e+02 -8.797080066223918493e+01
7.330930930930931027e+02 -8.780538596344665336e+01
7.370770770770770923e+02 -8.764175943452451634e+01
7.410610610610610820e+02 -8.747989223558161598e+01
7.450450450450450717e+02 -8.731975614358961479e+01
7.490290290290290613e+02 -8.716132353597818394e+01
7.530130130130130510e+02 -8.700456737475039404e+01
7.569969969969969270e+02 -8.684946119110033180e+01
7.609809809809809167e+02 -8.669597907051340258e+01
7.649649649649649064e+02 -8.654409563833254992e+01
7.689489489489488960e+02 -8.639378604577271403e+01
7.729329329329328857e+02 -8.624502595636873536e+01
7.769169169169168754e+02 -8.609779153283903952e+01
7.809009009009008651e+02 -8.595205942435221402e+01
7.848848848848848547e+02 -8.580780675418144199e+01
7.888688688688688444e+02 -8.566501110773226912e+01
7.928528528528528341e+02 -8.552365052093232123e+01
7.968368368368368237e+02 -8.538370346896844865e+01
8.008208208208208134e+02 -8.524514885536063957e+01
8.048048048048048031e+02 -8.510796600136019663e+01
8.087887887887887928e+02 -8.497213463566129121e+01
8.127727727727727824e+02 -8.483763488441496747e+01
8.167567567567567721e+02 -8.470444726153586146e+01
8.207407407407407618e+02 -8.457255265929062205e+01
8.247247247247247515e+02 -8.444193233915953556e+01
8.287087087087087411e+02 -8.431256792296171909e+01
8.326926926926927308e+02 -8.418444138423477341e+01
8.366766766766766068e+02 -8.405753503986113628e+01
8.406606606606605965e+02 -8.393183154193224027e+01
8.446446446446445862e+02 -8.380731386984301423e+01
8.486286286286285758e+02 -8.368396532260902632e+01
8.526126126126125655e+02 -8.356176951139933351e+01
8.565965965965965552e+02 -8.344071035227698019e+01
8.605805805805805448e+02 -8.332077205914188767e+01
8.645645645645645345e+02 -8.320193913686864562e+01
8.685485485485485242e+02 -8.308419637463285312e+01
8.725325325325325139e+02 -8.296752883942070866e+01
8.765165165165165035e+02 -8.285192186971524109e+01
8.805005005005004932e+02 -8.273736106935426449e+01
8.844844844844844829e+02 -8.262383230155431590e+01
8.884684684684684726e+02 -8.251132168309493409e+01
8.924524524524524622e+02 -8.239981557865915818e+01
8.964364364364364519e+02 -8.228930059532503094e+01
9.004204204204204416e+02 -8.217976357720267799e+01
9.044044044044044313e+02 -8.207119160021400717e+01
9.083883883883884209e+02 -8.196357196700903103e+01
9.123723723723722969e+02 -8.185689220201581406e+01
9.163563563563562866e+02 -8.175114004661948286e+01
9.203403403403402763e+02 -8.164630345446620652e+01
9.243243243243242659e+02 -8.154237058688899253e+01
9.283083083083082556e+02 -8.143932980845100644e+01
9.322922922922922453e+02 -8.133716968260314673e+01
9.362762762762762350e+02 -8.123587896745276282e+01
9.402602602602602246e+02 -8.113544661163957983e+01
9.442442442442442143e+02 -8.103586175031618666e+01
9.482282282282282040e+02 -8.093711370123010340e+01
9.522122122122121937e+02 -8.083919196090367620e+01
9.561961961961961833e+02 -8.074208620090996646e+01
9.601801801801801730e+02 -8.064578626424096797e+01
9.641641641641641627e+02 -8.055028216176623346e+01
9.681481481481481524e+02 -8.045556406877851430e+01
9.721321321321321420e+02 -8.036162232162480734e+01
9.761161161161161317e+02 -8.026844741441962583e+01
9.801001001001001214e+02 -8.017602999583826318e+01
9.840840840840841111e+02 -8.008436086598837278e+01
9.880680680680681007e+02 -7.999343097335693642e+01
9.920520520520519767e+02 -7.990323141183090172e+01
9.960360360360359664e+02 -7.981375341778934285e+01
1.000020020020019956e+03 -7.972498836726504123e+01
1.004004004004003946e+03 -7.963692777317356786e+01
1.007987987987987935e+03 -7.954956328260847442e+01
1.011971971971971925e+03 -7.946288667419987917e+01
1.015955955955955915e+03 -7.937688985553538146e+01
1.019939939939939904e+03 -7.929156486064172782e+01
1.023923923923923894e+03 -7.920690384752475666e+01
1.027907907907907884e+03 -7.912289909576684011e+01
1.031891891891891873e+03 -7.903954300418004664e+01
1.035875875875875863e+03 -7.895682808851324808e+01
1.039859859859859853e+03 -7.887474697921203415e+01
1.043843843843843842e+03 -7.879329241922995664e+01
1.047827827827827832e+03 -7.871245726188982417e+01
1.051811811811811822e+03 -7.863223446879304390e+01
1.055795795795795812e+03 -7.855261710777728013e+01
1.059779779779779801e+03 -7.847359835091904756e+01
1.063763763763763791e+03 -7.839517147258203522e+01
1.067747747747747781e+03 -7.831732984750904336e+01
1.071731731731731770e+03 -7.824006694895571457e+01
1.075715715715715760e+03 -7.816337634686678371e+01
1.079699699699699750e+03 -7.808725170609196198e+01
1.083683683683683739e+03 -7.801168678464151185e+01
1.087667667667667729e+03 -7.793667543198004921e+01
1.091651651651651719e+03 -7.786221158735777692e+01
1.095635635635635708e+03 -7.778828927817794181e+01
1.099619619619619698e+03 -7.771490261840013147e+01
1.103603603603603688e+03 -7.764204580697766289e+01
1.107587587587587677e+03 -7.756971312632930449e+01
1.111571571571571440e+03 -7.749789894084328523e+01
1.115555555555555429e+03 -7.742659769541369030e+01
1.119539539539539419e+03 -7.735580391400800693e+01
1.123523523523523409e+03 -7.728551219826516672e+01
1.127507507507507398e+03 -7.721571722612333133e+01
1.131491491491491388e+03 -7.714641375047663985e+01
1.135475475475475378e+03 -7.707759659786024997e+01
1.139459459459459367e+03 -7.700926066716282037e+01
1.143443443443443357e+03 -7.694140092836624945e+01
1.147427427427427347e+03 -7.687401242131133472e+01
1.151411411411411336e+03 -7.680709025448919647e+01
1.155395395395395326e+03 -7.674062960385772669e+01
1.159379379379379316e+03 -7.667462571168235286e+01
1.163363363363363305e+03 -7.660907388540070428e+01
1.167347347347347295e+03 -7.654396949651058435e+01
1.171331331331331285e+03 -7.647930797948032478e+01
1.175315315315315274e+03 -7.641508483068173518e+01
1.179299299299299264e+03 -7.635129560734446841e+01
1.183283283283283254e+03 -7.628793592653133260e+01
1.187267267267267243e+03 -7.622500146413449329e+01
1.191251251251251233e+03 -7.616248795389194015e+01
1.195235235235235223e+03 -7.610039118642309575e+01
1.199219219219219212e+03 -7.603870700828417739e+01
1.203203203203203202e+03 -7.597743132104211838e+01
1.207187187187187192e+03 -7.591656008036667913e+01
1.211171171171171181e+03 -7.585608929514083343e+01
1.215155155155155171e+03 -7.579601502658826462e+01
1.219139139139139161e+03 -7.573633338741836951e+01
1.223123123123123150e+03 -7.567704054098743427e+01
1.227107107107107140e+03 -7.561813270047686331e+01
1.231091091091091130e+03 -7.555960612808655696e+01
1.235075075075075119e+03 -7.550145713424474536e+01
1.239059059059059109e+03 -7.544368207683228889e+01
1.243043043043043099e+03 -7.538627736042238325e+01
1.247027027027027088e+03 -7.532923943553477386e+01
1.251011011011011078e+03 -7.527256479790398203e+01
1.254994994994995068e+03 -7.521624998776179893e+01
1.258978978978979058e+03 -7.516029158913308095e+01
1.262962962962963047e+03 -7.510468622914514469e+01
1.266946946946946809e+03 -7.504943057735010825e+01
1.270930930930930799e+03 -7.499452134505968104e+01
1.274914914914914789e+03 -7.493995528469304190e+01
1.278898898898898778e+03 -7.488572918913637011e+01
1.282882882882882768e+03 -7.483183989111452661e+01
1.286866866866866758e+03 -7.477828426257441663e+01
1.290850850850850748e+03 -7.472505921407950780e+01
1.294834834834834737e+03 -7.467216169421617167e+01
1.298818818818818727e+03 -7.461958868901010078e+01
1.302802802802802717e+03 -7.456733722135410858e+01
1.306786786786786706e+03 -7.451486463895049894e+01
1.310770770770770696e+03 -7.446165698183443737e+01
1.314754754754754686e+03 -7.440877178554696059e+01
1.318738738738738675e+03 -7.435620612757099934e+01
1.322722722722722665e+03 -7.430395712059967650e+01
1.326706706706706655e+03 -7.425202191200727952e+01
1.330690690690690644e+03 -7.420039768333036534e+01
1.334674674674674634e+03 -7.414908164975767590e+01
1.338658658658658624e+03 -7.409807105962948981e+01
1.342642642642642613e+03 -7.404736319394582722e+01
1.346626626626626603e+03 -7.399695536588322398e+01
1.350610610610610593e+03 -7.394684492032016010e+01
1.354594594594594582e+03 -7.389702923337104323e+01
1.358578578578578572e+03 -7.384750571192796542e+01
1.362562562562562562e+03 -7.379827179321090114e+01
1.366546546546546551e+03 -7.374932494432566443e+01
1.370530530530530541e+03 -7.370066266182938364e+01
1.374514514514514531e+03 -7.365228247130384887e+01
1.378498498498498520e+03 -7.360418192693590811e+01
1.382482482482482510e+03 -7.355635861110550877e+01
1.386466466466466500e+03 -7.350881013398046093e+01
1.390450450450450489e+03 -7.346153413311839131e+01
1.394434434434434479e+03 -7.341452827307563211e+01
1.398418418418418469e+03 -7.336779024502236268e+01
1.402402402402402458e+03 -7.332131776636470022e+01
1.406386386386386448e+03 -7.327510858037322805e+01
1.410370370370370438e+03 -7.322916045581747824e+01
1.414354354354354427e+03 -7.318347118660693695e+01
1.418338338338338417e+03 -7.313803859143794739e+01
1.422322322322322179e+03 -7.309286051344646751e+01
1.426306306306306169e+03 -7.304793481986685322e+01
1.430290290290290159e+03 -7.300325940169625483e+01
1.434274274274274148e+03 -7.295883217336447046e+01
1.438258258258258138e+03 -7.291465107240946963e+01
1.442242242242242128e+03 -7.287071405915824585e+01
1.446226226226226117e+03 -7.282701911641291304e+01
1.450210210210210107e+03 -7.278356424914191791e+01
1.454194194194194097e+03 -7.274034748417658136e+01
1.458178178178178086e+03 -7.269736686991218733e+01
1.462162162162162076e+03 -7.265462047601444340e+01
1.466146146146146066e+03 -7.261210639313036097e+01
1.470130130130130055e+03 -7.256982273260385341e+01
1.474114114114114045e+03 -7.252776762619633644e+01
1.478098098098098035e+03 -7.248593922581140703e+01
1.482082082082082024e+03 -7.244433570322399873e+01
1.486066066066066014e+03 -7.240295524981428343e+01
1.490050050050050004e+03 -7.236179607630536736e+01
1.494034034034033994e+03 -7.232085641250547781e+01
1.498018018018017983e+03 -7.228013450705421405e+01
1.502002002002001973e+03 -7.223962862717266376e+01
1.505985985985985963e+03 -7.219933705841781091e+01
1.509969969969969952e+03 -7.215925810444045396e+01
1.513953953953953942e+03 -7.211939008674730189e+01
1.517937937937937932e+03 -7.207973134446652352e+01
1.521921921921921921e+03 -7.204028023411714798e+01
1.525905905905905911e+03 -7.200103512938215999e+01
1.529889889889889901e+03 -7.196199442088473575e+01
1.533873873873873890e+03 -7.192315651596852888e+01
1.537857857857857880e+03 -7.188451983848094073e+01
1.541841841841841870e+03 -7.184608282855992911e+01
1.545825825825825859e+03 -7.180784394242408553e+01
1.549809809809809849e+03 -7.176980165216598095e+01
1.553793793793793839e+03 -7.173195444554860956e+01
1.557777777777777828e+03 -7.169430082580494457e+01
1.561761761761761818e+03 -7.165683931144084795e+01
1.565745745745745808e+03 -7.161956843604048117e+01
1.569729729729729797e+03 -7.158248674807524026e+01
1.573713713713713787e+03 -7.154559281071497878e+01
1.577697697697697777e+03 -7.150888520164281204e+01
1.581681681681681539e+03 -7.147236251287203856e+01
1.585665665665665529e+03 -7.143602335056623076e+01
1.589649649649649518e+03 -7.139986633486186918e+01
1.593633633633633508e+03 -7.136389009969381902e+01
1.597617617617617498e+03 -7.132809329262316567e+01
1.601601601601601487e+03 -7.129247457466766491e+01
1.605585585585585477e+03 -7.125703262013496442e+01
1.609569569569569467e+03 -7.122176611645805622e+01
1.613553553553553456e+03 -7.118667376403324454e+01
1.617537537537537446e+03 -7.115175427606043002e+01
1.621521521521521436e+03 -7.111700637838592343e+01
1.625505505505505425e+03 -7.108242880934751895e+01
1.629489489489489415e+03 -7.104802031962148590e+01
1.633473473473473405e+03 -7.101377967207253050e+01
1.637457457457457394e+03 -7.097970564160524987e+01
1.641441441441441384e+03 -7.094579701501801594e+01
1.645425425425425374e+03 -7.091205259085907642e+01
1.649409409409409363e+03 -7.087847117928471619e+01
1.653393393393393353e+03 -7.084505160191918094e+01
1.657377377377377343e+03 -7.081179269171705926e+01
1.661361361361361332e+03 -7.077869329282741262e+01
1.665345345345345322e+03 -7.074575226045965337e+01
1.669329329329329312e+03 -7.071296846075176745e+01
1.673313313313313301e+03 -7.068034077064027088e+01
1.677297297297297291e+03 -7.064786807773180044e+01
1.681281281281281281e+03 -7.061554928017669397e+01
1.685265265265265271e+03 -7.058338328654450322e+01
1.689249249249249260e+03 -7.055136901570104158e+01
1.693233233233233250e+03 -7.051950539668719387e+01
1.697217217217217240e+03 -7.048779136859964467e+01
1.701201201201201229e+03 -7.045622588047301349e+01
1.705185185185185219e+03 -7.042480789116380890e+01
1.709169169169169209e+03 -7.039353636923590329e+01
1.713153153153153198e+03 -7.036241029284776971e+01
1.717137137137137188e+03 -7.033142864964102614e+01
1.721121121121121178e+03 -7.030059043663084140e+01
1.725105105105105167e+03 -7.026989466009749208e+01
1.729089089089089157e+03 -7.023934033547998013e+01
1.733073073073073147e+03 -7.020892648727024721e+01
1.737057057057056909e+03 -7.017865214890990444e+01
1.741041041041040899e+03 -7.014851636268737423e+01
1.745025025025024888e+03 -7.011851817963720634e+01
1.749009009009008878e+03 -7.008865665944041723e+01
1.752992992992992868e+03 -7.005893087032595190e+01
1.756976976976976857e+03 -7.002933988897430595e+01
1.760960960960960847e+03 -6.999988280042137490e+01
1.764944944944944837e+03 -6.997055869796453464e+01
1.768928928928928826e+03 -6.994136668306943250e+01
1.772912912912912816e+03 -6.991230586527815660e+01
1.776896896896896806e+03 -6.988337536211894019e+01
1.780880880880880795e+03 -6.985457429901660475e+01
1.784864864864864785e+03 -6.982590180920443856e+01
1.788848848848848775e+03 -6.979735703363742516e+01
1.792832832832832764e+03 -6.976893912090622507e+01
1.796816816816816754e+03 -6.974064722715276332e+01
1.800800800800800744e+03 -6.971248051598642803e+01
1.804784784784784733e+03 -6.968443815840183220e+01
1.808768768768768723e+03 -6.965651933269757023e+01
1.812752752752752713e+03 -6.962872322439561401e+01
1.816736736736736702e+03 -6.960104902616249944e+01
1.820720720720720692e+03 -6.957349593773088259e+01
1.824704704704704682e+03 -6.954606316582247416e+01
1.828688688688688671e+03 -6.951874992407208254e+01
1.832672672672672661e+03 -6.949155543295216830e+01
1.836656656656656651e+03 -6.946447891969890520e+01
1.840640640640640640e+03 -6.943751961823899421e+01
1.844624624624624630e+03 -6.941067676911711715e+01
1.848608608608608620e+03 -6.938394961942509553e+01
1.852592592592592609e+03 -6.935733742273104951e+01
1.856576576576576599e+03 -6.933083943901027624e+01
1.860560560560560589e+03 -6.930445493457628459e+01
1.864544544544544578e+03 -6.927818318201340730e+01
1.868528528528528568e+03 -6.925202346010981103e+01
1.872512512512512558e+03 -6.922597505379145844e+01
1.876496496496496547e+03 -6.920003725405695150e+01
1.880480480480480537e+03 -6.917420935791338366e+01
1.884464464464464527e+03 -6.914849066831256152e+01
1.888448448448448517e+03 -6.912288049408857660e+01
1.892432432432432506e+03 -6.909737814989553328e+01
1.896416416416416268e+03 -6.907198295614688277e+01
1.900400400400400258e+03 -6.904669423895452951e+01
1.904384384384384248e+03 -6.902151133006971406e+01
1.908368368368368237e+03 -6.899643356682373962e+01
1.912352352352352227e+03 -6.897146029207023332e+01
1.916336336336336217e+03 -6.894659085412735067e+01
1.920320320320320207e+03 -6.892182460672141531e+01
1.924304304304304196e+03 -6.889716090893068667e+01
1.928288288288288186e+03 -6.887259912513027871e+01
1.932272272272272176e+03 -6.884813862493749070e+01
1.936256256256256165e+03 -6.882377878315770658e+01
1.940240240240240155e+03 -6.879951897973148789e+01
1.944224224224224145e+03 -6.877535859968145360e+01
1.948208208208208134e+03 -6.875129703306087947e+01
1.952192192192192124e+03 -6.872733367490204159e+01
1.956176176176176114e+03 -6.870346792516542678e+01
1.960160160160160103e+03 -6.867969918868992352e+01
1.964144144144144093e+03 -6.865602687514318347e+01
1.968128128128128083e+03 -6.863245039897272193e+01
1.972112112112112072e+03 -6.860896917935782824e+01
1.976096096096096062e+03 -6.858558264016163264e+01
1.980080080080080052e+03 -6.856229020988411094e+01
1.984064064064064041e+03 -6.853909132161545870e+01
1.988048048048048031e+03 -6.851598541299021861e+01
1.992032032032032021e+03 -6.849297192614177732e+01
1.996016016016016010e+03 -6.847005030765738809e+01
2.000000000000000000e+03 -6.844722000853394661e+01
