1.000000000000000000e+01 -5.474671723997855821e+01
1.398398398398398434e+01 -6.769021384634059757e+01
1.796796796796796869e+01 -8.366385524977748389e+01
2.195195195195195126e+01 -9.886810154783547944e+01
1.872872872872872847e+02 -9.855493685712824004e+01
1.912712712712712744e+02 -9.608234530819051145e+01
1.952552552552552640e+02 -9.365555209642539580e+01
1.992392392392392253e+02 -9.127287977245629236e+01
2.032232232232232150e+02 -8.893272742526684738e+01
2.072072072072072046e+02 -8.663356756671892356e+01
2.111911911911911943e+02 -8.437394355471528229e+01
2.151751751751751840e+02 -8.215246670001661755e+01
2.191591591591591452e+02 -7.996781327260758587e+01
2.231431431431431349e+02 -7.781872149042482079e+01
2.271271271271271246e+02 -7.570398852757783459e+01
2.311111111111111143e+02 -7.367974780721544903e+01
2.350950950950951039e+02 -7.188432621935044153e+01
2.390790790790790652e+02 -7.010222450738864097e+01
2.430630630630630549e+02 -6.833329785169306092e+01
2.470470470470470445e+02 -6.657739749060176848e+01
2.510310310310310342e+02 -6.483437163014052373e+01
2.550150150150150239e+02 -6.310406622825078671e+01
2.589989989989990136e+02 -6.138632566997610951e+01
2.629829829829830032e+02 -5.968099334956856694e+01
2.669669669669669361e+02 -5.798791217132789200e+01
2.709509509509509257e+02 -5.630692498039136495e+01
2.749349349349349154e+02 -5.463787493269921924e+01
2.789189189189189051e+02 -5.298060581218953047e+01
2.829029029029028948e+02 -5.133496230160590557e+01
2.868868868868868844e+02 -4.970079021453471313e+01
2.908708708708708741e+02 -4.807793669059065422e+01
2.948548548548548638e+02 -4.646625036217245963e+01
2.988388388388388535e+02 -4.486558149351284186e+01
3.028228228228228431e+02 -4.327578209697640688e+01
3.068068068068067760e+02 -4.169670602908906432e+01
3.107907907907907656e+02 -4.012820906889184869e+01
3.147747747747747553e+02 -3.857014898089174437e+01
3.187587587587587450e+02 -3.702238556455136376e+01
3.227427427427427347e+02 -3.548478069200739071e+01
3.267267267267267243e+02 -3.395719833557633649e+01
3.307107107107107140e+02 -3.243950458630683187e+01
3.346946946946947037e+02 -3.093156766477362751e+01
3.386786786786786934e+02 -2.943325792511053862e+01
3.426626626626626830e+02 -2.794444785321937275e+01
3.466466466466466159e+02 -2.646501205984422000e+01
3.506306306306306055e+02 -2.499482726935422505e+01
3.546146146146145952e+02 -2.353377230470618287e+01
3.585985985985985849e+02 -2.208172806920248021e+01
3.625825825825825746e+02 -2.063857752550431357e+01
3.665665665665665642e+02 -1.920420567232272546e+01
3.705505505505505539e+02 -1.777849951912622473e+01
3.745345345345345436e+02 -1.636134805924428193e+01
3.785185185185185333e+02 -1.495264224161212852e+01
3.825025025025025229e+02 -1.355227494139212041e+01
3.864864864864864558e+02 -1.216014092976730332e+01
3.904704704704704454e+02 -1.077613684300473018e+01
3.944544544544544351e+02 -9.400161151032575546e+00
3.984384384384384248e+02 -8.032114125600397614e+00
4.024224224224224145e+02 -6.671897808201106450e+00
4.064064064064064041e+02 -5.319415977991897471e+00
4.103903903903903938e+02 -3.974574119069582689e+00
4.143743743743743835e+02 -2.637279389058093670e+00
4.183583583583583732e+02 -1.307440585584470183e+00
4.223423423423423060e+02 1.503209897350903275e-02
4.263263263263262957e+02 1.330226038599141569e+00
4.303103103103102853e+02 2.638228348233789156e+00
4.342942942942942750e+02 3.939123772347554286e+00
4.382782782782782647e+02 5.232995787490904327e+00
4.422622622622622544e+02 6.519926418446593708e+00
4.462462462462462440e+02 7.799996267619099477e+00
4.502302302302302337e+02 9.073284542663042629e+00
4.542142142142142234e+02 1.033986908101765323e+01
4.581981981981982130e+02 1.159982636972440062e+01
4.621821821821821459e+02 1.285323155659836303e+01
4.661661661661661356e+02 1.410015844763954185e+01
4.701501501501501252e+02 1.534067948205043841e+01
4.741341341341341149e+02 1.657486566934595018e+01
4.781181181181181046e+02 1.774391517554515119e+01
4.821021021021020942e+02 1.890264629508808270e+01
4.860860860860860839e+02 2.005657785414301131e+01
4.900700700700700736e+02 2.120574485555985333e+01
4.940540540540540633e+02 2.235018217587226630e+01
4.980380380380380529e+02 2.348992454838876398e+01
5.020220220220219858e+02 2.462500655246635262e+01
5.060060060060059755e+02 2.575546259612205091e+01
5.099899899899899651e+02 2.688132691775447114e+01
5.139739739739738980e+02 2.800263357240875806e+01
5.179579579579578876e+02 2.911941646363716885e+01
5.219419419419418773e+02 3.023171012050855211e+01
5.259259259259258670e+02 3.133954437020565820e+01
5.299099099099098567e+02 3.244295779366365906e+01
5.338938938938938463e+02 3.354197863667438639e+01
5.378778778778778360e+02 3.463664248692705172e+01
5.418618618618618257e+02 3.572698098239297337e+01
5.458458458458458153e+02 3.681302645325781242e+01
5.498298298298298050e+02 3.789481092687652364e+01
5.538138138138137947e+02 3.897236614415850653e+01
5.577977977977977844e+02 4.004572368274461525e+01
5.617817817817817740e+02 4.111491480974530788e+01
5.657657657657657637e+02 4.217997055224904557e+01
5.697497497497497534e+02 4.324092168103725697e+01
5.737337337337337431e+02 4.429779870911538353e+01
5.777177177177177327e+02 4.535063189059018640e+01
5.817017017017017224e+02 4.639945121979327070e+01
5.856856856856857121e+02 4.744428643070917673e+01
5.896696696696697018e+02 4.848516699657390205e+01
5.936536536536536914e+02 4.952212212983465633e+01
