1.000000000000000000e+01 -5.262691891016321506e+02
1.199199199199199128e+01 -4.166496512378960233e+02
1.398398398398398434e+01 -3.259121722726184203e+02
1.597597597597597563e+01 -2.603631412570416614e+02
1.796796796796796869e+01 -2.413236521066951354e+02
1.995995995995995997e+01 -2.386065855755533960e+02
2.195195195195195126e+01 -2.399150688988983688e+02
2.394394394394394254e+01 -2.419828709649237055e+02
2.593593593593593738e+01 -2.435617706266437779e+02
2.792792792792792866e+01 -2.439968239679705846e+02
2.991991991991991995e+01 -2.479704846945355712e+02
3.191191191191191123e+01 -2.565109694878875075e+02
3.390390390390390252e+01 -2.651400036985942847e+02
3.589589589589589025e+01 -2.737746112993522729e+02
3.788788788788788509e+01 -2.823611943336281342e+02
3.987987987987987992e+01 -2.908628195750364398e+02
4.187187187187187476e+01 -2.992522761116356378e+02
4.386386386386386249e+01 -3.075080266962522160e+02
4.585585585585585733e+01 -3.156116964234027478e+02
4.784784784784784506e+01 -3.235464115489808137e+02
4.983983983983983990e+01 -3.312956181254064063e+02
5.183183183183182763e+01 -3.399399908650721613e+02
5.382382382382382247e+01 -3.502652449797689655e+02
5.581581581581581730e+01 -3.608431490454612458e+02
5.780780780780780503e+01 -3.717029985647852186e+02
5.979979979979979987e+01 -3.828821636825893506e+02
6.179179179179178760e+01 -3.944276673446391328e+02
6.378378378378378244e+01 -4.063985990760643290e+02
6.577577577577577017e+01 -4.188697176114521312e+02
6.776776776776776501e+01 -4.319368579584912027e+02
6.975975975975975985e+01 -4.457252330091200747e+02
7.175175175175175468e+01 -4.604026407631805000e+02
7.374374374374374952e+01 -4.762015142856075727e+02
7.573573573573573015e+01 -4.934581474634571805e+02
7.772772772772772498e+01 -5.126886399294040757e+02
7.971971971971971982e+01 -5.347542813725644919e+02
8.171171171171171466e+01 -5.611113967978998289e+02
8.370370370370369528e+01 -5.942731532645220796e+02
8.569569569569569012e+01 -6.439448894556662708e+02
8.768768768768768496e+01 -7.190610772761166345e+02
8.967967967967967979e+01 -7.081371890354798779e+02
9.167167167167167463e+01 -6.977656409180342507e+02
9.366366366366365526e+01 -6.879121604319188918e+02
9.565565565565565009e+01 -6.785452832803435967e+02
9.764764764764764493e+01 -6.696360638480647367e+02
9.963963963963963977e+01 -6.611578206596605014e+02
1.016316316316316346e+02 -6.530859120231759789e+02
1.036236236236236152e+02 -6.453975378083771375e+02
1.056156156156156101e+02 -6.380715639191457740e+02
1.076076076076076049e+02 -6.310883665277742693e+02
1.095995995995995997e+02 -6.244296935635679802e+02
1.115915915915915946e+02 -6.180785413043538483e+02
1.135835835835835752e+02 -6.120190442192489400e+02
1.155755755755755700e+02 -6.062363764641180524e+02
1.175675675675675649e+02 -6.007166636456006472e+02
1.195595595595595597e+02 -5.954458652678227963e+02
1.215515515515515546e+02 -5.903478227724353928e+02
1.235435435435435352e+02 -5.854720484205291768e+02
1.255355355355355300e+02 -5.808080664123273209e+02
1.275275275275275249e+02 -5.763460254482148457e+02
1.295195195195195197e+02 -5.720766511304547066e+02
1.315115115115115145e+02 -5.679912027806291235e+02
1.335035035035035094e+02 -5.640814342058793045e+02
1.354954954954955042e+02 -5.603395580015436508e+02
1.374874874874874990e+02 -5.567582130252811794e+02
1.394794794794794655e+02 -5.533304347192224668e+02
1.414714714714714603e+02 -5.500496279929770935e+02
1.434634634634634551e+02 -5.469095424121132965e+02
1.454554554554554500e+02 -5.439042494647056856e+02
1.474474474474474448e+02 -5.410281217031805454e+02
1.494394394394394396e+02 -5.382758135803709365e+02
1.514314314314314345e+02 -5.356422438179582741e+02
1.534234234234234293e+02 -5.331225791624359545e+02
1.554154154154154241e+02 -5.307122193988568597e+02
1.574074074074073906e+02 -5.284067835060061498e+02
1.593993993993993854e+02 -5.262020968485784351e+02
1.613913913913913802e+02 -5.240941793125467711e+02
1.633833833833833751e+02 -5.220792342993962620e+02
1.653753753753753699e+02 -5.201536385033367651e+02
1.673673673673673647e+02 -5.183139324031791375e+02
1.693593593593593596e+02 -5.165568114073023480e+02
1.713513513513513544e+02 -5.148791175961817999e+02
1.733433433433433493e+02 -5.132778320123932190e+02
1.753353353353353441e+02 -5.117379539004869002e+02
1.773273273273273105e+02 -5.102146739814018019e+02
1.793193193193193054e+02 -5.087615882636579272e+02
1.813113113113113002e+02 -5.073761303620645435e+02
1.833033033033032950e+02 -5.060558425576651302e+02
1.852952952952952899e+02 -5.047983704013942656e+02
1.872872872872872847e+02 -5.036014576416171735e+02
1.892792792792792795e+02 -5.024629414515698045e+02
1.912712712712712744e+02 -5.013807479348329252e+02
1.932632632632632692e+02 -5.003528878888879490e+02
1.952552552552552640e+02 -4.993774528085066891e+02
1.972472472472472305e+02 -4.984526111123292367e+02
1.992392392392392253e+02 -4.975766045773427777e+02
2.012312312312312201e+02 -4.967477449672725811e+02
2.032232232232232150e+02 -4.959644108420523594e+02
2.052152152152152098e+02 -4.952250445365595510e+02
2.072072072072072046e+02 -4.945281492977634912e+02
2.091991991991991995e+02 -4.938722865702818581e+02
2.111911911911911943e+02 -4.932560734211260183e+02
2.131831831831831892e+02 -4.926781800951016521e+02
2.151751751751751840e+02 -4.921373276929940630e+02
2.171671671671671504e+02 -4.916322859652576653e+02
2.191591591591591452e+02 -4.911618712143931020e+02
2.211511511511511401e+02 -4.907249442997995743e+02
2.231431431431431349e+02 -4.903204087392158499e+02
2.251351351351351298e+02 -4.899472089013398772e+02
2.271271271271271246e+02 -4.896043282845672024e+02
2.291191191191191194e+02 -4.892907878771044352e+02
2.311111111111111143e+02 -4.890056445940819003e+02
2.331031031031031091e+02 -4.887479897875106758e+02
2.350950950950951039e+02 -4.885169478252344106e+02
2.370870870870870704e+02 -4.883116747352763696e+02
2.390790790790790652e+02 -4.881313569121559794e+02
2.410710710710710600e+02 -4.879752098820140986e+02
2.430630630630630549e+02 -4.878424771235400499e+02
2.450550550550550497e+02 -4.877324289418925218e+02
2.470470470470470445e+02 -4.876443613929483263e+02
2.490390390390390394e+02 -4.875775952553938168e+02
2.510310310310310342e+02 -4.875314750482982049e+02
2.530230230230230291e+02 -4.875053680919276076e+02
2.550150150150150239e+02 -4.874986636097341943e+02
2.570070070070070187e+02 -4.875107718694876553e+02
2.589989989989990136e+02 -4.875411233617251128e+02
2.609909909909910084e+02 -4.875891680136849118e+02
2.629829829829830032e+02 -4.879260789072436637e+02
2.649749749749749981e+02 -4.883149685492901995e+02
2.669669669669669361e+02 -4.887173600106999629e+02
2.689589589589589309e+02 -4.891328284707789749e+02
2.709509509509509257e+02 -4.895609635210607280e+02
2.729429429429429206e+02 -4.900013686122001104e+02
2.749349349349349154e+02 -4.904536605244153975e+02
2.769269269269269103e+02 -4.909174688603631012e+02
2.789189189189189051e+02 -4.913924355594269855e+02
2.809109109109108999e+02 -4.918782144324521255e+02
2.829029029029028948e+02 -4.923744707159480072e+02
2.848948948948948896e+02 -4.928808806449284816e+02
2.868868868868868844e+02 -4.933971310434977227e+02
2.888788788788788793e+02 -4.939229189323978630e+02
2.908708708708708741e+02 -4.944579511527676345e+02
2.928628628628628690e+02 -4.950019440053250150e+02
2.948548548548548638e+02 -4.955546229043939093e+02
2.968468468468468586e+02 -4.961157220459725750e+02
2.988388388388388535e+02 -4.966849840893476653e+02
3.008308308308308483e+02 -4.972621598515594883e+02
3.028228228228228431e+02 -4.978470080141954668e+02
3.048148148148147811e+02 -4.984392948419875324e+02
3.068068068068067760e+02 -4.990387939126226229e+02
3.087987987987987708e+02 -4.996452858573628646e+02
3.107907907907907656e+02 -5.002585581119345761e+02
3.127827827827827605e+02 -5.008784046772877900e+02
3.147747747747747553e+02 -5.015046258897725693e+02
3.167667667667667502e+02 -5.021370282003135230e+02
3.187587587587587450e+02 -5.027754239622562409e+02
3.207507507507507398e+02 -5.034196312274189609e+02
3.227427427427427347e+02 -5.040694735501041919e+02
3.247347347347347295e+02 -5.047247797986198066e+02
3.267267267267267243e+02 -5.053853839741216234e+02
3.287187187187187192e+02 -5.060511250363221052e+02
3.307107107107107140e+02 -5.067218467359027727e+02
3.327027027027027088e+02 -5.073973974532648299e+02
3.346946946946947037e+02 -5.080776300434000632e+02
3.366866866866866985e+02 -5.087624016866028569e+02
3.386786786786786934e+02 -5.094515737447871402e+02
3.406706706706706882e+02 -5.101450116231668517e+02
3.426626626626626830e+02 -5.108425846371146690e+02
3.446546546546546210e+02 -5.115441658839385468e+02
3.466466466466466159e+02 -5.122496321193849553e+02
3.486386386386386107e+02 -5.129588636387223914e+02
3.506306306306306055e+02 -5.136717441621417493e+02
3.526226226226226004e+02 -5.143881607243699818e+02
3.546146146146145952e+02 -5.151080035682707603e+02
3.566066066066065900e+02 -5.158311660423465810e+02
3.585985985985985849e+02 -5.165575445018441769e+02
3.605905905905905797e+02 -5.172870382135037062e+02
3.625825825825825746e+02 -5.180195492636706831e+02
3.645745745745745694e+02 -5.187549824696955056e+02
3.665665665665665642e+02 -5.194932452944467514e+02
3.685585585585585591e+02 -5.202342477638810578e+02
3.705505505505505539e+02 -5.209779023874989434e+02
3.725425425425425487e+02 -5.217241240815802712e+02
3.745345345345345436e+02 -5.224728300951105666e+02
3.765265265265265384e+02 -5.232239399382708598e+02
3.785185185185185333e+02 -5.239773753134228400e+02
3.805105105105105281e+02 -5.247330600484527849e+02
3.825025025025025229e+02 -5.254909200324113954e+02
3.844944944944944609e+02 -5.262508831533557441e+02
3.864864864864864558e+02 -5.270128792383073915e+02
3.884784784784784506e+02 -5.277768399952747131e+02
3.904704704704704454e+02 -5.285426989571624290e+02
3.924624624624624403e+02 -5.293103914276463229e+02
3.944544544544544351e+02 -5.300798544288456924e+02
3.964464464464464299e+02 -5.308510266506887092e+02
3.984384384384384248e+02 -5.316238484020359465e+02
4.004304304304304196e+02 -5.323982615633626665e+02
4.024224224224224145e+02 -5.331742095410531874e+02
4.044144144144144093e+02 -5.339516372231674950e+02
4.064064064064064041e+02 -5.347304909366555421e+02
4.083983983983983990e+02 -5.355107184059460224e+02
4.103903903903903938e+02 -5.362922687129670294e+02
4.123823823823823886e+02 -5.370750922583393958e+02
4.143743743743743835e+02 -5.378591407239065347e+02
4.163663663663663783e+02 -5.386443670364500349e+02
4.183583583583583732e+02 -5.394307253325364400e+02
4.203503503503503680e+02 -5.402181709244938475e+02
4.223423423423423060e+02 -5.410066602675108243e+02
4.243343343343343008e+02 -5.417961509277155301e+02
4.263263263263262957e+02 -5.427305794650236521e+02
4.283183183183182905e+02 -5.436781525029460909e+02
4.303103103103102853e+02 -5.446251832083981981e+02
4.323023023023022802e+02 -5.455716548897078155e+02
4.342942942942942750e+02 -5.465175513795269353e+02
4.362862862862862698e+02 -5.474628570196008468e+02
4.382782782782782647e+02 -5.484075566460301161e+02
4.402702702702702595e+02 -5.493516355749912918e+02
4.422622622622622544e+02 -5.502950795889107667e+02
4.442542542542542492e+02 -5.512378749230755375e+02
4.462462462462462440e+02 -5.521800082526656297e+02
4.482382382382382389e+02 -5.531214666801557769e+02
4.502302302302302337e+02 -5.540622377231461542e+02
4.522222222222222285e+02 -5.550023093025630487e+02
4.542142142142142234e+02 -5.559416697312034330e+02
4.562062062062062182e+02 -5.568803077026033179e+02
4.581981981981982130e+02 -5.578182122803586935e+02
4.601901901901902079e+02 -5.587553728876168861e+02
4.621821821821821459e+02 -5.596917792969987886e+02
4.641741741741741407e+02 -5.606274216208053076e+02
4.661661661661661356e+02 -5.615622903014703979e+02
4.681581581581581304e+02 -5.624963761023490179e+02
4.701501501501501252e+02 -5.634296700987707709e+02
4.721421421421421201e+02 -5.643621636693349046e+02
4.741341341341341149e+02 -5.652938484874861160e+02
4.761261261261261097e+02 -5.662247165133871931e+02
4.781181181181181046e+02 -5.671547599858943158e+02
4.801101101101100994e+02 -5.680839714149426527e+02
4.821021021021020942e+02 -5.690123435740082414e+02
4.840940940940940891e+02 -5.699398694928657960e+02
4.860860860860860839e+02 -5.708665424505628607e+02
4.880780780780780788e+02 -5.717923559685683585e+02
4.900700700700700736e+02 -5.727173038041252084e+02
4.920620620620620684e+02 -5.736413799437824537e+02
4.940540540540540633e+02 -5.745645785971618125e+02
4.960460460460460581e+02 -5.754868941908731585e+02
4.980380380380380529e+02 -5.764083213625690405e+02
5.000300300300300478e+02 -5.773288549552117956e+02
5.020220220220219858e+02 -5.782484900115498476e+02
5.040140140140139806e+02 -5.791672217686306112e+02
5.060060060060059755e+02 -5.800850456525301979e+02
5.079979979979979703e+02 -5.810019572733443738e+02
5.099899899899899651e+02 -5.819179524200565083e+02
5.119819819819819600e+02 -5.828330270558025177e+02
5.139739739739738980e+02 -5.837471773131735517e+02
5.159659659659660065e+02 -5.846603994895734786e+02
5.179579579579578876e+02 -5.855726900429269790e+02
5.199499499499499962e+02 -5.864840455871784570e+02
5.219419419419418773e+02 -5.873944628882042025e+02
5.239339339339338721e+02 -5.883039388597702555e+02
5.259259259259258670e+02 -5.892124705594279703e+02
5.279179179179178618e+02 -5.901200551847376801e+02
5.299099099099098567e+02 -5.910266900695736467e+02
5.319019019019018515e+02 -5.919323726803430645e+02
5.338938938938938463e+02 -5.928371006125178155e+02
5.358858858858858412e+02 -5.937408715871739560e+02
5.378778778778778360e+02 -5.946436834475887281e+02
5.398698698698698308e+02 -5.955455341559896851e+02
5.418618618618618257e+02 -5.964464217904701400e+02
5.438538538538538205e+02 -5.973463445416965669e+02
5.458458458458458153e+02 -5.982453007100649529e+02
5.478378378378378102e+02 -5.991432887026875278e+02
5.498298298298298050e+02 -6.000403070304994344e+02
5.518218218218217999e+02 -6.009363543057215793e+02
5.538138138138137947e+02 -6.018314292387606201e+02
5.558058058058057895e+02 -6.027255306359237466e+02
5.577977977977977844e+02 -6.036186573966706419e+02
5.597897897897897792e+02 -6.045108085112314029e+02
5.617817817817817740e+02 -6.054019830580745065e+02
5.637737737737737689e+02 -6.062921802015875983e+02
5.657657657657657637e+02 -6.071813991897979577e+02
5.677577577577577586e+02 -6.080696393521207028e+02
5.697497497497497534e+02 -6.089569000971206378e+02
5.717417417417417482e+02 -6.098431809104913555e+02
5.737337337337337431e+02 -6.107284813528651739e+02
5.757257257257257379e+02 -6.116128010579006968e+02
5.777177177177177327e+02 -6.124961397302665773e+02
5.797097097097097276e+02 -6.133784971436808746e+02
5.817017017017017224e+02 -6.142598731392068885e+02
5.836936936936937173e+02 -6.151402676232207796e+02
5.856856856856857121e+02 -6.160196805658158610e+02
5.876776776776777069e+02 -6.168981119990277193e+02
5.896696696696697018e+02 -6.177755620150614959e+02
5.916616616616616966e+02 -6.186520307648574999e+02
5.936536536536536914e+02 -6.195275184562804043e+02
5.956456456456456863e+02 -6.204020253527470459e+02
5.976376376376376811e+02 -6.212755517714922462e+02
5.996296296296295623e+02 -6.221480980823305345e+02
6.016216216216215571e+02 -6.230196647061615067e+02
6.036136136136135519e+02 -6.238902521133899199e+02
6.056056056056055468e+02 -6.247598608227689283e+02
6.075975975975975416e+02 -6.256284914000415256e+02
6.095895895895895364e+02 -6.264961444564409021e+02
6.115815815815815313e+02 -6.273628206477533240e+02
6.135735735735735261e+02 -6.282285206727918876e+02
6.155655655655655210e+02 -6.290932452722933022e+02
6.175575575575575158e+02 -6.299569952278852725e+02
6.195495495495495106e+02 -6.308197713606878096e+02
6.215415415415415055e+02 -6.316815745304753591e+02
6.235335335335335003e+02 -6.325424056342509402e+02
6.255255255255254951e+02 -6.334022656055245761e+02
6.275175175175174900e+02 -6.342611554131867706e+02
6.295095095095094848e+02 -6.351190760602834189e+02
6.315015015015014797e+02 -6.359760285833019680e+02
6.334934934934934745e+02 -6.368320140511349337e+02
6.354854854854854693e+02 -6.376870335640555822e+02
6.374774774774774642e+02 -6.385410882529328092e+02
6.394694694694694590e+02 -6.393941792782682114e+02
6.414614614614614538e+02 -6.402463078293468470e+02
6.434534534534534487e+02 -6.410974751233774214e+02
6.454454454454454435e+02 -6.419476824046574848e+02
6.474374374374374383e+02 -6.427969309439085919e+02
6.494294294294294332e+02 -6.436452220372996180e+02
6.514214214214214280e+02 -6.444925570056492461e+02
6.534134134134134229e+02 -6.453389371940289720e+02
6.554054054054054177e+02 -6.461843639706139584e+02
6.573973973973974125e+02 -6.470288387261939533e+02
6.593893893893894074e+02 -6.478723628735011744e+02
6.613813813813814022e+02 -6.487149378464428082e+02
6.633733733733733970e+02 -6.495565650994086582e+02
6.653653653653653919e+02 -6.503972461068179882e+02
6.673573573573573867e+02 -6.512369823622291278e+02
6.693493493493493816e+02 -6.520757753780677604e+02
6.713413413413413764e+02 -6.529136266845396221e+02
6.733333333333333712e+02 -6.537505378295880973e+02
6.753253253253253661e+02 -6.545865103779909759e+02
6.773173173173172472e+02 -6.554215459108401092e+02
6.793093093093092421e+02 -6.562556460251283852e+02
6.813013013013012369e+02 -6.570888123330265671e+02
6.832932932932932317e+02 -6.579210464616884337e+02
6.852852852852852266e+02 -6.587523500523775510e+02
6.872772772772772214e+02 -6.595827247600469718e+02
6.892692692692692162e+02 -6.604121722532466947e+02
6.912612612612612111e+02 -6.612406942131433425e+02
6.932532532532532059e+02 -6.620682923333280314e+02
6.952452452452452007e+02 -6.628949683194787212e+02
6.972372372372371956e+02 -6.637207238886120422e+02
6.992292292292291904e+02 -6.645455607686894837e+02
7.012212212212211853e+02 -6.653694806987183483e+02
7.032132132132131801e+02 -6.661924854277491477e+02
7.052052052052051749e+02 -6.670145767147744209e+02
7.071971971971971698e+02 -6.678357563281928151e+02
7.091891891891891646e+02 -6.686560260455144089e+02
7.111811811811811594e+02 -6.694753876530935486e+02
7.131731731731731543e+02 -6.702938429456817175e+02
7.151651651651651491e+02 -6.711113937259552813e+02
7.171571571571571440e+02 -6.719280418043458667e+02
7.191491491491491388e+02 -6.727437889988345887e+02
7.211411411411411336e+02 -6.735586371341186123e+02
7.231331331331331285e+02 -6.743725880418996894e+02
7.251251251251251233e+02 -6.751856435602829833e+02
7.271171171171171181e+02 -6.759978055333273232e+02
7.291091091091091130e+02 -6.768090758111051173e+02
7.311011011011011078e+02 -6.776194562492078148e+02
7.330930930930931027e+02 -6.784289487084456596e+02
7.350850850850850975e+02 -6.792375550546050818e+02
7.370770770770770923e+02 -6.800452771584028824e+02
7.390690690690690872e+02 -6.808521168946265334e+02
7.410610610610610820e+02 -6.816580761428260757e+02
7.430530530530530768e+02 -6.824631567860428731e+02
7.450450450450450717e+02 -6.832673607113514436e+02
7.470370370370370665e+02 -6.840706898091627863e+02
7.490290290290290613e+02 -6.848731459732831581e+02
7.510210210210210562e+02 -6.856747311005858592e+02
7.530130130130130510e+02 -6.864754470905339758e+02
7.550050050050050459e+02 -6.872752958456111401e+02
7.569969969969969270e+02 -6.880742792703429132e+02
7.589889889889889218e+02 -6.888723992715755458e+02
7.609809809809809167e+02 -6.896696577583102226e+02
7.629729729729729115e+02 -6.904660566412507023e+02
7.649649649649649064e+02 -6.912615978325945889e+02
7.669569569569569012e+02 -6.920562832463975838e+02
7.689489489489488960e+02 -6.928501147975804315e+02
7.709409409409408909e+02 -6.936430944023641132e+02
7.729329329329328857e+02 -6.944352239778384046e+02
7.749249249249248805e+02 -6.952265054419018497e+02
7.769169169169168754e+02 -6.960169407130882746e+02
7.789089089089088702e+02 -6.968065317102410745e+02
7.809009009009008651e+02 -6.975952803525153740e+02
7.828928928928928599e+02 -6.983831885596059692e+02
7.848848848848848547e+02 -6.991702582505827195e+02
7.868768768768768496e+02 -6.999564913447134131e+02
7.888688688688688444e+02 -7.007418897609862825e+02
7.908608608608608392e+02 -7.015264554180809000e+02
7.928528528528528341e+02 -7.023101902337323281e+02
7.948448448448448289e+02 -7.030930961254624663e+02
7.968368368368368237e+02 -7.038751750097195554e+02
7.988288288288288186e+02 -7.046564288021417042e+02
8.008208208208208134e+02 -7.054368594172844951e+02
8.028128128128128083e+02 -7.062164687684891078e+02
8.048048048048048031e+02 -7.069952587679720182e+02
8.067967967967967979e+02 -7.077732313265403263e+02
8.087887887887887928e+02 -7.085503883535142222e+02
8.107807807807807876e+02 -7.093267317565299663e+02
8.127727727727727824e+02 -7.101022634415588755e+02
8.147647647647647773e+02 -7.108769853131110494e+02
8.167567567567567721e+02 -7.116508992732606202e+02
8.187487487487487670e+02 -7.124240072225026097e+02
8.207407407407407618e+02 -7.131963110593338797e+02
8.227327327327327566e+02 -7.139678126796943616e+02
8.247247247247247515e+02 -7.147385139777153427e+02
8.267167167167167463e+02 -7.155084168450506468e+02
8.287087087087087411e+02 -7.162775231706795012e+02
8.307007007007007360e+02 -7.170458348415513683e+02
8.326926926926927308e+02 -7.178133537419070080e+02
8.346846846846846120e+02 -7.185800817532757492e+02
8.366766766766766068e+02 -7.193460207544885634e+02
8.386686686686686016e+02 -7.201111726215987119e+02
8.406606606606605965e+02 -7.208755392280060050e+02
8.426526526526525913e+02 -7.216391224438700647e+02
8.446446446446445862e+02 -7.224019241365850803e+02
8.466366366366365810e+02 -7.231639461706420207e+02
8.486286286286285758e+02 -7.239251904071094259e+02
8.506206206206205707e+02 -7.246856587040932709e+02
8.526126126126125655e+02 -7.254453529164580914e+02
8.546046046046045603e+02 -7.262042748958405127e+02
8.565965965965965552e+02 -7.269624264905074824e+02
8.585885885885885500e+02 -7.277198095452408779e+02
8.605805805805805448e+02 -7.284764259016063761e+02
8.625725725725725397e+02 -7.292322773975602104e+02
8.645645645645645345e+02 -7.299873658674993067e+02
8.665565565565565294e+02 -7.307416931423787219e+02
8.685485485485485242e+02 -7.314952610493945713e+02
8.705405405405405190e+02 -7.322480714122278869e+02
8.725325325325325139e+02 -7.330001260506254539e+02
8.745245245245245087e+02 -7.337514267808710429e+02
8.765165165165165035e+02 -7.345019754152583573e+02
8.785085085085084984e+02 -7.352517737623451239e+02
8.805005005005004932e+02 -7.360008236268770361e+02
8.824924924924924881e+02 -7.367491268095074020e+02
8.844844844844844829e+02 -7.374966851072601912e+02
8.864764764764764777e+02 -7.382435003129337474e+02
8.884684684684684726e+02 -7.389895742152685898e+02
8.904604604604604674e+02 -7.397349085993836297e+02
8.924524524524524622e+02 -7.404795052459134013e+02
8.944444444444444571e+02 -7.412245866148089135e+02
8.964364364364364519e+02 -7.419699567140536374e+02
8.984284284284284468e+02 -7.427145602755565506e+02
9.004204204204204416e+02 -7.434583993489408158e+02
9.024124124124124364e+02 -7.442014759767513397e+02
9.044044044044044313e+02 -7.449437921941807872e+02
9.063963963963964261e+02 -7.456853500298961990e+02
9.083883883883884209e+02 -7.464261515050086473e+02
9.103803803803804158e+02 -7.471661986336833934e+02
9.123723723723722969e+02 -7.479054934232702863e+02
9.143643643643642918e+02 -7.486440378738544723e+02
9.163563563563562866e+02 -7.493818339786863589e+02
9.183483483483482814e+02 -7.501188837238839824e+02
9.203403403403402763e+02 -7.508551890887898708e+02
9.223323323323322711e+02 -7.515907520456102020e+02
9.243243243243242659e+02 -7.523255745595989765e+02
9.263163163163162608e+02 -7.530596585891713630e+02
9.283083083083082556e+02 -7.537930060858633396e+02
9.303003003003002505e+02 -7.545256189941063667e+02
9.322922922922922453e+02 -7.552574992519276975e+02
9.342842842842842401e+02 -7.559886487897455254e+02
9.362762762762762350e+02 -7.567190695316702431e+02
9.382682682682682298e+02 -7.574487633949221390e+02
9.402602602602602246e+02 -7.581777322898689135e+02
9.422522522522522195e+02 -7.589059781200081716e+02
9.442442442442442143e+02 -7.596335027819051220e+02
9.462362362362362092e+02 -7.603603081657436178e+02
9.482282282282282040e+02 -7.610863961548302541e+02
9.502202202202201988e+02 -7.618117686255586705e+02
9.522122122122121937e+02 -7.625364274473482737e+02
9.542042042042041885e+02 -7.632603744843097502e+02
9.561961961961961833e+02 -7.639836115919694066e+02
9.581881881881881782e+02 -7.647061406204991272e+02
9.601801801801801730e+02 -7.654279634129812848e+02
9.621721721721721678e+02 -7.661490818061134860e+02
9.641641641641641627e+02 -7.668694976297811081e+02
9.661561561561561575e+02 -7.675892127073004758e+02
9.681481481481481524e+02 -7.683082288555377772e+02
9.701401401401401472e+02 -7.690265478847900340e+02
9.721321321321321420e+02 -7.697441715990472630e+02
9.741241241241241369e+02 -7.704611017951875738e+02
9.761161161161161317e+02 -7.711773402643707414e+02
9.781081081081081265e+02 -7.718928887907362650e+02
9.801001001001001214e+02 -7.726077491526464200e+02
9.820920920920921162e+02 -7.733219231210734961e+02
9.840840840840841111e+02 -7.740354124612130136e+02
9.860760760760761059e+02 -7.747482189321997339e+02
9.880680680680681007e+02 -7.754603442860477571e+02
9.900600600600600956e+02 -7.761717902691424342e+02
9.920520520520519767e+02 -7.768825586212904000e+02
9.940440440440439716e+02 -7.775926510753477032e+02
9.960360360360359664e+02 -7.783020693593730357e+02
9.980280280280279612e+02 -7.790108151938212586e+02
1.000020020020019956e+03 -7.797188902935273518e+02
1.002012012012011951e+03 -7.804262963670297495e+02
1.004004004004003946e+03 -7.811330351167603112e+02
1.005995995995995941e+03 -7.818391082389823623e+02
1.007987987987987935e+03 -7.825445174235385366e+02
1.009979979979979930e+03 -7.832492643543525901e+02
1.011971971971971925e+03 -7.839533507095809455e+02
1.013963963963963920e+03 -7.846567781608507630e+02
1.015955955955955915e+03 -7.853595483738897656e+02
1.017947947947947910e+03 -7.860616630084263079e+02
1.019939939939939904e+03 -7.867631237181821007e+02
1.021931931931931899e+03 -7.874639321507161185e+02
1.023923923923923894e+03 -7.881640899478594520e+02
1.025915915915915775e+03 -7.888635987453271809e+02
1.027907907907907884e+03 -7.895624601729667802e+02
1.029899899899899992e+03 -7.902606758551037274e+02
1.031891891891891873e+03 -7.909582474094187319e+02
1.033883883883883755e+03 -7.916551764482517228e+02
1.035875875875875863e+03 -7.923514645783994865e+02
1.037867867867867744e+03 -7.930471133998285040e+02
1.039859859859859853e+03 -7.937421245076160403e+02
1.041851851851851734e+03 -7.944364994909866482e+02
1.043843843843843842e+03 -7.951302399329675836e+02
1.045835835835835724e+03 -7.958233474110807038e+02
1.047827827827827832e+03 -7.965158234974201150e+02
1.049819819819819713e+03 -7.972076697580984046e+02
1.051811811811811822e+03 -7.978988877534953872e+02
1.053803803803803703e+03 -7.985894790387326339e+02
1.055795795795795812e+03 -7.992794451628567458e+02
1.057787787787787693e+03 -7.999687876693639055e+02
1.059779779779779801e+03 -8.006575080965849338e+02
1.061771771771771682e+03 -8.013456079773068268e+02
1.063763763763763791e+03 -8.020330888380437955e+02
1.065755755755755672e+03 -8.027199522005425933e+02
1.067747747747747781e+03 -8.034061995807974199e+02
1.069739739739739662e+03 -8.040918324895133082e+02
1.071731731731731770e+03 -8.047768524314403749e+02
1.073723723723723651e+03 -8.054612609064204207e+02
1.075715715715715760e+03 -8.061450594090359800e+02
1.077707707707707641e+03 -8.068282494277502792e+02
1.079699699699699750e+03 -8.075108324463076315e+02
1.081691691691691631e+03 -8.081928099427981351e+02
1.083683683683683739e+03 -8.088741833901910923e+02
1.085675675675675620e+03 -8.095549542562259830e+02
1.087667667667667729e+03 -8.102351240029348673e+02
1.089659659659659610e+03 -8.109146940875763221e+02
1.091651651651651719e+03 -8.115936659620846285e+02
1.093643643643643600e+03 -8.122720410728668412e+02
1.095635635635635708e+03 -8.129498208611630616e+02
1.097627627627627589e+03 -8.136270067638758974e+02
1.099619619619619698e+03 -8.143036002118349188e+02
1.101611611611611579e+03 -8.149796026307278680e+02
1.103603603603603688e+03 -8.156550154419678620e+02
1.105595595595595569e+03 -8.163298400608689462e+02
1.107587587587587677e+03 -8.170040778985256793e+02
1.109579579579579558e+03 -8.176777303605987299e+02
1.111571571571571440e+03 -8.183507988476829951e+02
1.113563563563563548e+03 -8.190232847553158990e+02
1.115555555555555429e+03 -8.196951894743177718e+02
1.117547547547547538e+03 -8.203665143906605408e+02
1.119539539539539419e+03 -8.210372608848141454e+02
1.121531531531531527e+03 -8.217074303326342033e+02
1.123523523523523409e+03 -8.223770241056176928e+02
1.125515515515515517e+03 -8.230460435690503118e+02
1.127507507507507398e+03 -8.237144900846416249e+02
1.129499499499499507e+03 -8.243823650090156434e+02
1.131491491491491388e+03 -8.250496696931739962e+02
1.133483483483483496e+03 -8.257164054844600969e+02
1.135475475475475378e+03 -8.263825737241583056e+02
1.137467467467467486e+03 -8.270481757504984444e+02
1.139459459459459367e+03 -8.277132128948954914e+02
1.141451451451451476e+03 -8.283776864860770957e+02
1.143443443443443357e+03 -8.290415978464844784e+02
1.145435435435435465e+03 -8.297049482945465115e+02
1.147427427427427347e+03 -8.303677391442449789e+02
1.149419419419419455e+03 -8.310299717045450052e+02
1.151411411411411336e+03 -8.316916472800540987e+02
1.153403403403403445e+03 -8.323527671705071498e+02
1.155395395395395326e+03 -8.330133326711771815e+02
1.157387387387387435e+03 -8.336733450729545893e+02
1.159379379379379316e+03 -8.343328056616833237e+02
1.161371371371371424e+03 -8.349917157189408954e+02
1.163363363363363305e+03 -8.356500765224834595e+02
1.165355355355355414e+03 -8.363078893448346207e+02
1.167347347347347295e+03 -8.369651554532244973e+02
1.169339339339339404e+03 -8.376218761126617665e+02
1.171331331331331285e+03 -8.382780525817074704e+02
1.173323323323323393e+03 -8.389336861153260543e+02
1.175315315315315274e+03 -8.395887779640461304e+02
1.177307307307307383e+03 -8.402433293738286011e+02
1.179299299299299264e+03 -8.408973415866296364e+02
1.181291291291291373e+03 -8.415508158400588172e+02
1.183283283283283254e+03 -8.422037533669059712e+02
1.185275275275275362e+03 -8.428561553958774084e+02
1.187267267267267243e+03 -8.435080231513770741e+02
1.189259259259259125e+03 -8.441593578543502190e+02
1.191251251251251233e+03 -8.448101607201220986e+02
1.193243243243243114e+03 -8.454604329605928115e+02
1.195235235235235223e+03 -8.461101757829691223e+02
1.197227227227227104e+03 -8.467593903913394797e+02
1.199219219219219212e+03 -8.474080779842915945e+02
1.201211211211211094e+03 -8.480562397575089335e+02
1.203203203203203202e+03 -8.487038769009377575e+02
1.205195195195195083e+03 -8.493509906019585287e+02
1.207187187187187192e+03 -8.499975820426031987e+02
1.209179179179179073e+03 -8.506784411507379673e+02
1.211171171171171181e+03 -8.513676356674733370e+02
1.213163163163163063e+03 -8.520562243059221146e+02
1.215155155155155171e+03 -8.527442085895364698e+02
1.217147147147147052e+03 -8.534315900361627882e+02
1.219139139139139161e+03 -8.541183701587345922e+02
1.221131131131131042e+03 -8.548045504619697113e+02
1.223123123123123150e+03 -8.554901324459663101e+02
1.225115115115115032e+03 -8.561751176046122964e+02
1.227107107107107140e+03 -8.568595074262665321e+02
1.229099099099099021e+03 -8.575433033927386077e+02
1.231091091091091130e+03 -8.582265069795220143e+02
1.233083083083083011e+03 -8.589091196579504413e+02
1.235075075075075119e+03 -8.595911428913452710e+02
1.237067067067067001e+03 -8.602725781388548967e+02
1.239059059059059109e+03 -8.609534268530178451e+02
1.241051051051050990e+03 -8.616336904814900208e+02
1.243043043043043099e+03 -8.623133704648846560e+02
1.245035035035034980e+03 -8.629924682402945564e+02
1.247027027027027088e+03 -8.636709852365094093e+02
1.249019019019018970e+03 -8.643489228787304910e+02
1.251011011011011078e+03 -8.650262825856353857e+02
1.253003003003002959e+03 -8.657030657704295891e+02
1.254994994994995068e+03 -8.663792738415752410e+02
1.256986986986986949e+03 -8.670549082005269383e+02
1.258978978978979058e+03 -8.677299702447188565e+02
1.260970970970970939e+03 -8.684044613654000386e+02
1.262962962962963047e+03 -8.690783829484691978e+02
1.264954954954954928e+03 -8.697517363750312143e+02
1.266946946946946809e+03 -8.704245230202891435e+02
1.268938938938938918e+03 -8.710967442535567216e+02
1.270930930930930799e+03 -8.717684014402917683e+02
1.272922922922922908e+03 -8.724394959391877364e+02
1.274914914914914789e+03 -8.731100291048853705e+02
1.276906906906906897e+03 -8.737800022856803253e+02
1.278898898898898778e+03 -8.744494168265119924e+02
1.280890890890890887e+03 -8.751182740646617049e+02
1.282882882882882768e+03 -8.757865753344980249e+02
1.284874874874874877e+03 -8.764543219636713047e+02
1.286866866866866758e+03 -8.771215152759117473e+02
1.288858858858858866e+03 -8.777881565893382003e+02
1.290850850850850748e+03 -8.784542472163687989e+02
1.292842842842842856e+03 -8.791197884663311015e+02
1.294834834834834737e+03 -8.797847816417897775e+02
1.296826826826826846e+03 -8.804492280407755516e+02
1.298818818818818727e+03 -8.811131289568442071e+02
1.300810810810810835e+03 -8.817764856783376217e+02
1.302802802802802717e+03 -8.824392994885618009e+02
1.304794794794794825e+03 -8.831015716665857553e+02
1.306786786786786706e+03 -8.837633034857087750e+02
1.308778778778778815e+03 -8.844244962156109295e+02
1.310770770770770696e+03 -8.850851511192288399e+02
1.312762762762762804e+03 -8.857452694575646319e+02
1.314754754754754686e+03 -8.864048524845804877e+02
1.316746746746746794e+03 -8.870639014507653428e+02
1.318738738738738675e+03 -8.877224176006996004e+02
1.320730730730730784e+03 -8.883804021755139502e+02
1.322722722722722665e+03 -8.890378564115330846e+02
1.324714714714714773e+03 -8.896947815397288650e+02
1.326706706706706655e+03 -8.903511787871024126e+02
1.328698698698698763e+03 -8.910070493759178589e+02
1.330690690690690644e+03 -8.916623945241642559e+02
1.332682682682682753e+03 -8.923172154444908983e+02
1.334674674674674634e+03 -8.929715133464302426e+02
1.336666666666666742e+03 -8.936252894329842320e+02
1.338658658658658624e+03 -8.942785449057546430e+02
1.340650650650650732e+03 -8.949312809579927261e+02
1.342642642642642613e+03 -8.955834987815226214e+02
1.344634634634634494e+03 -8.962351995635096955e+02
1.346626626626626603e+03 -8.968863844857137337e+02
1.348618618618618484e+03 -8.975370547256023883e+02
1.350610610610610593e+03 -8.981872114568089955e+02
1.352602602602602474e+03 -8.988368558493502860e+02
1.354594594594594582e+03 -8.994859890666442652e+02
1.356586586586586463e+03 -9.001346122704259187e+02
1.358578578578578572e+03 -9.007827266173466114e+02
1.360570570570570453e+03 -9.014303332581611130e+02
1.362562562562562562e+03 -9.020774333431695595e+02
1.364554554554554443e+03 -9.027240280140206323e+02
1.366546546546546551e+03 -9.033701184116285958e+02
1.368538538538538432e+03 -9.040157056703475291e+02
1.370530530530530541e+03 -9.046607909238837237e+02
1.372522522522522422e+03 -9.053053752970945425e+02
1.374514514514514531e+03 -9.059494599147500367e+02
1.376506506506506412e+03 -9.065930458953470179e+02
1.378498498498498520e+03 -9.072361343544903320e+02
1.380490490490490401e+03 -9.078787264027430410e+02
1.382482482482482510e+03 -9.085208231479200549e+02
1.384474474474474391e+03 -9.091624256929278545e+02
1.386466466466466500e+03 -9.098035351371111119e+02
1.388458458458458381e+03 -9.104441525755144085e+02
1.390450450450450489e+03 -9.110842790992776372e+02
1.392442442442442371e+03 -9.117239157968612062e+02
1.394434434434434479e+03 -9.123630637508789505e+02
1.396426426426426360e+03 -9.130017240408772068e+02
1.398418418418418469e+03 -9.136398977440570661e+02
1.400410410410410350e+03 -9.142775859308056852e+02
1.402402402402402458e+03 -9.149147896707099790e+02
1.404394394394394340e+03 -9.155515100278076943e+02
1.406386386386386448e+03 -9.161877480620289589e+02
1.408378378378378329e+03 -9.168235048310705224e+02
1.410370370370370438e+03 -9.174587813890242387e+02
1.412362362362362319e+03 -9.180935787830667323e+02
1.414354354354354427e+03 -9.187278980606228060e+02
1.416346346346346309e+03 -9.193617402637264604e+02
1.418338338338338417e+03 -9.199951064306081889e+02
1.420330330330330298e+03 -9.206279975955251302e+02
1.422322322322322179e+03 -9.212604147902957266e+02
1.424314314314314288e+03 -9.218923590423679570e+02
1.426306306306306169e+03 -9.225238313749302961e+02
1.428298298298298278e+03 -9.231548328102531968e+02
1.430290290290290159e+03 -9.237853643625113591e+02
1.432282282282282267e+03 -9.244154270475141857e+02
1.434274274274274148e+03 -9.250450218730010192e+02
1.436266266266266257e+03 -9.256741498461067295e+02
1.438258258258258138e+03 -9.263028119697942202e+02
1.440250250250250247e+03 -9.269310092437208368e+02
1.442242242242242128e+03 -9.275587426622212206e+02
1.444234234234234236e+03 -9.281860132185912562e+02
1.446226226226226117e+03 -9.288128219017963829e+02
1.448218218218218226e+03 -9.294391696971217698e+02
1.450210210210210107e+03 -9.300650575873542039e+02
1.452202202202202216e+03 -9.306904865495786225e+02
1.454194194194194097e+03 -9.313154575604233969e+02
1.456186186186186205e+03 -9.319399715925527516e+02
1.458178178178178086e+03 -9.325640296134797609e+02
1.460170170170170195e+03 -9.331876325885141341e+02
1.462162162162162076e+03 -9.338107814806957094e+02
1.464154154154154185e+03 -9.344334772477697015e+02
1.466146146146146066e+03 -9.350557208465276062e+02
1.468138138138138174e+03 -9.356775132274932503e+02
1.470130130130130055e+03 -9.362988553405394896e+02
1.472122122122122164e+03 -9.369197481318799419e+02
1.474114114114114045e+03 -9.375401925445696634e+02
1.476106106106106154e+03 -9.381601895160787308e+02
1.478098098098098035e+03 -9.387797399835565102e+02
1.480090090090090143e+03 -9.393988448812536944e+02
1.482082082082082024e+03 -9.400175051374925488e+02
1.484074074074074133e+03 -9.406357216780739918e+02
1.486066066066066014e+03 -9.412534954296762635e+02
1.488058058058058123e+03 -9.418708273103442252e+02
1.490050050050050004e+03 -9.424877182396522812e+02
1.492042042042042112e+03 -9.431041691285264505e+02
1.494034034034033994e+03 -9.437201808919489849e+02
1.496026026026026102e+03 -9.443357544347873045e+02
1.498018018018017983e+03 -9.449508906648835591e+02
1.500010010010010092e+03 -9.455655904831439784e+02
1.502002002002001973e+03 -9.461798547888784015e+02
1.503993993993993854e+03 -9.467936844780613228e+02
1.505985985985985963e+03 -9.474070804436743174e+02
1.507977977977977844e+03 -9.480200435768410898e+02
1.509969969969969952e+03 -9.486325747642461010e+02
1.511961961961961833e+03 -9.492446748887454078e+02
1.513953953953953942e+03 -9.498563448344392555e+02
1.515945945945945823e+03 -9.504675854776163533e+02
1.517937937937937932e+03 -9.510783976950575607e+02
1.519929929929929813e+03 -9.516887823573997593e+02
1.521921921921921921e+03 -9.522987403371092796e+02
1.523913913913913802e+03 -9.529082724989285680e+02
1.525905905905905911e+03 -9.535173797079637552e+02
1.527897897897897792e+03 -9.541260628262416503e+02
1.529889889889889901e+03 -9.547343227085150374e+02
1.531881881881881782e+03 -9.553421602143530436e+02
1.533873873873873890e+03 -9.559495761952937301e+02
1.535865865865865771e+03 -9.565565715000192313e+02
1.537857857857857880e+03 -9.571631469771153888e+02
1.539849849849849761e+03 -9.577693034699427699e+02
1.541841841841841870e+03 -9.583750418215532818e+02
1.543833833833833751e+03 -9.589803628702165952e+02
1.545825825825825859e+03 -9.595852674503092885e+02
1.547817817817817740e+03 -9.601897563980992345e+02
1.549809809809809849e+03 -9.607938305435742450e+02
1.551801801801801730e+03 -9.613974907135282137e+02
1.553793793793793839e+03 -9.620007377350174238e+02
1.555785785785785720e+03 -9.626035724297372553e+02
1.557777777777777828e+03 -9.632059956178151197e+02
1.559769769769769709e+03 -9.638080081170122639e+02
1.561761761761761818e+03 -9.644096107416376071e+02
1.563753753753753699e+03 -9.650108043051840241e+02
1.565745745745745808e+03 -9.656115896155098426e+02
1.567737737737737689e+03 -9.662119674805062459e+02
1.569729729729729797e+03 -9.668119387033216299e+02
1.571721721721721678e+03 -9.674115040880503784e+02
1.573713713713713787e+03 -9.680106644321574549e+02
1.575705705705705668e+03 -9.686094205332758520e+02
1.577697697697697777e+03 -9.692077731848535223e+02
1.579689689689689658e+03 -9.698057231782419194e+02
1.581681681681681539e+03 -9.704032713029738488e+02
1.583673673673673647e+03 -9.710004183465645156e+02
1.585665665665665529e+03 -9.715971650912019868e+02
1.587657657657657637e+03 -9.721935123197602024e+02
1.589649649649649518e+03 -9.727894608108330203e+02
1.591641641641641627e+03 -9.733850113413997178e+02
1.593633633633633508e+03 -9.739801646855419222e+02
1.595625625625625617e+03 -9.745749216147380594e+02
1.597617617617617498e+03 -9.751692828994359843e+02
1.599609609609609606e+03 -9.757632493044764033e+02
1.601601601601601487e+03 -9.763568215957852772e+02
1.603593593593593596e+03 -9.769500005353584129e+02
1.605585585585585477e+03 -9.775427868829868885e+02
1.607577577577577586e+03 -9.781351813950826681e+02
1.609569569569569467e+03 -9.787271848271722092e+02
1.611561561561561575e+03 -9.793187979301586665e+02
1.613553553553553456e+03 -9.799100214582215358e+02
1.615545545545545565e+03 -9.805008561557677922e+02
1.617537537537537446e+03 -9.810913027698464930e+02
1.619529529529529555e+03 -9.816813620414516208e+02
1.621521521521521436e+03 -9.822710347149568406e+02
1.623513513513513544e+03 -9.828603215262781987e+02
1.625505505505505425e+03 -9.834492232117351023e+02
1.627497497497497534e+03 -9.840377405089107015e+02
1.629489489489489415e+03 -9.846258741448333467e+02
1.631481481481481524e+03 -9.852136248518534103e+02
1.633473473473473405e+03 -9.858009933552299344e+02
1.635465465465465513e+03 -9.863879803819128256e+02
1.637457457457457394e+03 -9.869745866530772673e+02
1.639449449449449503e+03 -9.875608128911289896e+02
1.641441441441441384e+03 -9.881466598124746952e+02
1.643433433433433493e+03 -9.887321281338033714e+02
1.645425425425425374e+03 -9.893172185691051936e+02
1.647417417417417482e+03 -9.899019318297555401e+02
1.649409409409409363e+03 -9.904862686263122669e+02
1.651401401401401472e+03 -9.910702296650210883e+02
1.653393393393393353e+03 -9.916538156517357265e+02
1.655385385385385462e+03 -9.922370272885081022e+02
1.657377377377377343e+03 -9.928198652774590300e+02
1.659369369369369224e+03 -9.934023303173793238e+02
1.661361361361361332e+03 -9.939844231047167114e+02
1.663353353353353214e+03 -9.945661443318577994e+02
1.665345345345345322e+03 -9.951474946943536679e+02
1.667337337337337203e+03 -9.957284748810757264e+02
1.669329329329329312e+03 -9.963090855810708035e+02
1.671321321321321193e+03 -9.968893274784192045e+02
1.673313313313313301e+03 -9.974692012601051374e+02
1.675305305305305183e+03 -9.980487076043270918e+02
1.677297297297297291e+03 -9.986278471941471935e+02
1.679289289289289172e+03 -9.992066207070854489e+02
1.681281281281281281e+03 -9.997850288193499182e+02
1.683273273273273162e+03 -1.000363072201695559e+03
1.685265265265265271e+03 -1.000940751530277339e+03
1.687257257257257152e+03 -1.001518067470471692e+03
1.689249249249249260e+03 -1.002095020694125083e+03
1.691241241241241141e+03 -1.002671611864623856e+03
1.693233233233233250e+03 -1.003247841647087512e+03
1.695225225225225131e+03 -1.003823710702073640e+03
1.697217217217217240e+03 -1.004399219690216455e+03
1.699209209209209121e+03 -1.004974369269838007e+03
1.701201201201201229e+03 -1.005549160096484457e+03
1.703193193193193110e+03 -1.006123592821907550e+03
1.705185185185185219e+03 -1.006697668101288400e+03
1.707177177177177100e+03 -1.007271386583901062e+03
1.709169169169169209e+03 -1.007844748916734488e+03
1.711161161161161090e+03 -1.008417755747478054e+03
1.713153153153153198e+03 -1.008990407720196345e+03
1.715145145145145079e+03 -1.009562705475298230e+03
1.717137137137137188e+03 -1.010134649656817146e+03
1.719129129129129069e+03 -1.010706240901323326e+03
1.721121121121121178e+03 -1.011277479845290031e+03
1.723113113113113059e+03 -1.011848367124741003e+03
1.725105105105105167e+03 -1.012418903372155000e+03
1.727097097097097048e+03 -1.012989089219534549e+03
1.729089089089089157e+03 -1.013558925294847768e+03
1.731081081081081038e+03 -1.014128412225631450e+03
1.733073073073073147e+03 -1.014697550638688199e+03
1.735065065065065028e+03 -1.015266341156766202e+03
1.737057057057056909e+03 -1.015834784404622610e+03
1.739049049049049017e+03 -1.016402880997761144e+03
1.741041041041040899e+03 -1.016970631557974571e+03
1.743033033033033007e+03 -1.017538036701321857e+03
1.745025025025024888e+03 -1.018105097041638260e+03
1.747017017017016997e+03 -1.018671813192810077e+03
1.749009009009008878e+03 -1.019238185766354263e+03
1.751001001001000986e+03 -1.019804215370870565e+03
1.752992992992992868e+03 -1.020369902614797525e+03
1.754984984984984976e+03 -1.020935248103501522e+03
1.756976976976976857e+03 -1.021500252442265150e+03
1.758968968968968966e+03 -1.022064916231902089e+03
1.760960960960960847e+03 -1.022629240074484642e+03
1.762952952952952955e+03 -1.023193224568976802e+03
1.764944944944944837e+03 -1.023756870311367607e+03
1.766936936936936945e+03 -1.024320177898003749e+03
1.768928928928928826e+03 -1.024883147923279694e+03
1.770920920920920935e+03 -1.025445780979498522e+03
1.772912912912912816e+03 -1.026008077655930720e+03
1.774904904904904924e+03 -1.026570038542572775e+03
1.776896896896896806e+03 -1.027131664225162012e+03
1.778888888888888914e+03 -1.027692955292070792e+03
1.780880880880880795e+03 -1.028253912322614497e+03
1.782872872872872904e+03 -1.028814535900853343e+03
1.784864864864864785e+03 -1.029374826608248668e+03
1.786856856856856894e+03 -1.029934785024272742e+03
1.788848848848848775e+03 -1.030494411724872180e+03
1.790840840840840883e+03 -1.031053707282751475e+03
1.792832832832832764e+03 -1.031612672277986121e+03
1.794824824824824873e+03 -1.032171307275738172e+03
1.796816816816816754e+03 -1.032729612852606351e+03
1.798808808808808863e+03 -1.033287589576048276e+03
1.800800800800800744e+03 -1.033845238010130743e+03
1.802792792792792852e+03 -1.034402558725426616e+03
1.804784784784784733e+03 -1.034959552282707136e+03
1.806776776776776842e+03 -1.035516219247328308e+03
1.808768768768768723e+03 -1.036072560177379046e+03
1.810760760760760832e+03 -1.036628575635957077e+03
1.812752752752752713e+03 -1.037184266177284371e+03
1.814744744744744594e+03 -1.037739632362037355e+03
1.816736736736736702e+03 -1.038294674739828224e+03
1.818728728728728584e+03 -1.038440405259537329e+03
1.820720720720720692e+03 -1.038302661013648731e+03
1.822712712712712573e+03 -1.038165229237940821e+03
1.824704704704704682e+03 -1.038028108868266145e+03
1.826696696696696563e+03 -1.037891298853056469e+03
1.828688688688688671e+03 -1.037754798140593721e+03
1.830680680680680553e+03 -1.037618605683973556e+03
1.832672672672672661e+03 -1.037482720441465062e+03
1.834664664664664542e+03 -1.037347141379270624e+03
1.836656656656656651e+03 -1.037211867462271584e+03
1.838648648648648532e+03 -1.037076897665616798e+03
1.840640640640640640e+03 -1.036942230963646125e+03
1.842632632632632522e+03 -1.036807866341233421e+03
1.844624624624624630e+03 -1.036673802783099973e+03
1.846616616616616511e+03 -1.036540039279041139e+03
1.848608608608608620e+03 -1.036406574828572047e+03
1.850600600600600501e+03 -1.036273408426839069e+03
1.852592592592592609e+03 -1.036140539079732889e+03
1.854584584584584491e+03 -1.036007965797453380e+03
1.856576576576576599e+03 -1.035875687592704480e+03
1.858568568568568480e+03 -1.035743703481827424e+03
1.860560560560560589e+03 -1.035612012486111780e+03
1.862552552552552470e+03 -1.035480613633932307e+03
1.864544544544544578e+03 -1.035349505954585993e+03
1.866536536536536460e+03 -1.035218688484319955e+03
1.868528528528528568e+03 -1.035088160258282869e+03
1.870520520520520449e+03 -1.034957920324489578e+03
1.872512512512512558e+03 -1.034827967727502028e+03
1.874504504504504439e+03 -1.034698301519170172e+03
1.876496496496496547e+03 -1.034568920756307989e+03
1.878488488488488429e+03 -1.034439824498517055e+03
1.880480480480480537e+03 -1.034311011809012143e+03
1.882472472472472418e+03 -1.034182481757442474e+03
1.884464464464464527e+03 -1.034054233413972270e+03
1.886456456456456408e+03 -1.033926265858182887e+03
1.888448448448448517e+03 -1.033798578167281221e+03
1.890440440440440398e+03 -1.033671169426457254e+03
1.892432432432432506e+03 -1.033544038724989605e+03
1.894424424424424387e+03 -1.033417185153144601e+03
1.896416416416416268e+03 -1.033290607809123912e+03
1.898408408408408377e+03 -1.033164305792046889e+03
1.900400400400400258e+03 -1.033038278206864561e+03
1.902392392392392367e+03 -1.032912524161133661e+03
1.904384384384384248e+03 -1.032787042765221486e+03
1.906376376376376356e+03 -1.032661833136972973e+03
1.908368368368368237e+03 -1.032536894392871773e+03
1.910360360360360346e+03 -1.032412225659838896e+03
1.912352352352352227e+03 -1.032287826061345413e+03
1.914344344344344336e+03 -1.032163694730360248e+03
1.916336336336336217e+03 -1.032039830801303196e+03
1.918328328328328325e+03 -1.031916233409980805e+03
1.920320320320320207e+03 -1.031792901700070388e+03
1.922312312312312315e+03 -1.031669834819496600e+03
1.924304304304304196e+03 -1.031547031913752335e+03
1.926296296296296305e+03 -1.031424492135282435e+03
1.928288288288288186e+03 -1.031302214644451396e+03
1.930280280280280294e+03 -1.031180198597567369e+03
1.932272272272272176e+03 -1.031058443160262868e+03
1.934264264264264284e+03 -1.030936947499985536e+03
1.936256256256256165e+03 -1.030815710785653891e+03
1.938248248248248274e+03 -1.030694732192588390e+03
1.940240240240240155e+03 -1.030574010900082158e+03
1.942232232232232263e+03 -1.030453546085836933e+03
1.944224224224224145e+03 -1.030333336937530021e+03
1.946216216216216253e+03 -1.030213382642228453e+03
1.948208208208208134e+03 -1.030093682391218636e+03
1.950200200200200243e+03 -1.029974235380276696e+03
1.952192192192192124e+03 -1.029855040807309251e+03
1.954184184184184232e+03 -1.029736097873388189e+03
1.956176176176176114e+03 -1.029617405785455958e+03
1.958168168168168222e+03 -1.029498963750981829e+03
1.960160160160160103e+03 -1.029380770981054184e+03
1.962152152152152212e+03 -1.029262826690584916e+03
1.964144144144144093e+03 -1.029145130100379674e+03
1.966136136136136201e+03 -1.029027680430993087e+03
1.968128128128128083e+03 -1.028910476905221685e+03
1.970120120120120191e+03 -1.028793518751930833e+03
1.972112112112112072e+03 -1.028676805203889671e+03
1.974104104104103953e+03 -1.028560335494663832e+03
1.976096096096096062e+03 -1.028444108862699977e+03
1.978088088088087943e+03 -1.028328124550221673e+03
1.980080080080080052e+03 -1.028212381797935677e+03
1.982072072072071933e+03 -1.028096879854390863e+03
1.984064064064064041e+03 -1.027981617970396201e+03
1.986056056056055922e+03 -1.027866595398010759e+03
1.988048048048048031e+03 -1.027751811397747815e+03
1.990040040040039912e+03 -1.027637265224795101e+03
1.992032032032032021e+03 -1.027522956142707699e+03
1.994024024024023902e+03 -1.027408883417570223e+03
1.996016016016016010e+03 -1.027295046320085476e+03
1.998008008008007891e+03 -1.027181444118729587e+03
2.000000000000000000e+03 -1.027068076088949056e+03
