1.000000000000000000e+01 -2.240472791037684885e+02
1.199199199199199128e+01 -1.966051711699493865e+02
1.398398398398398434e+01 -2.127457028539842554e+02
1.597597597597597563e+01 -2.301811589405009499e+02
1.796796796796796869e+01 -2.453651852188711473e+02
1.995995995995995997e+01 -2.575186608736611333e+02
2.195195195195195126e+01 -2.669819287131751935e+02
2.394394394394394254e+01 -2.804089694749193882e+02
2.593593593593593738e+01 -2.936256039464262244e+02
2.792792792792792866e+01 -3.065344340886658188e+02
2.991991991991991995e+01 -3.190686009169402269e+02
3.191191191191191123e+01 -3.311748622517178546e+02
3.390390390390390252e+01 -3.428048587172654038e+02
3.589589589589589025e+01 -3.539100656851969688e+02
3.788788788788788509e+01 -3.644384732181372328e+02
3.987987987987987992e+01 -3.744290299276221390e+02
4.187187187187187476e+01 -3.889797072176147026e+02
4.386386386386386249e+01 -4.037890385659471235e+02
4.585585585585585733e+01 -4.188994996087761251e+02
4.784784784784784506e+01 -4.343639099025673431e+02
4.983983983983983990e+01 -4.502477169245256619e+02
5.183183183183182763e+01 -4.666324450771027159e+02
5.382382382382382247e+01 -4.836208023882931002e+02
5.581581581581581730e+01 -5.013443084879538674e+02
5.780780780780780503e+01 -5.199749737775409812e+02
5.979979979979979987e+01 -5.397438479581692263e+02
6.179179179179178760e+01 -5.609719400928588584e+02
6.378378378378378244e+01 -5.846027066465878761e+02
6.577577577577577017e+01 -6.130618199944692606e+02
6.776776776776776501e+01 -6.458970147703170142e+02
6.975975975975975985e+01 -6.856236132578429761e+02
7.175175175175175468e+01 -7.382192207497012078e+02
7.374374374374374952e+01 -8.297285361904333740e+02
7.573573573573573015e+01 -9.051677048471890430e+02
7.772772772772772498e+01 -8.803300102466240560e+02
7.971971971971971982e+01 -8.567730578303314815e+02
8.171171171171171466e+01 -8.344052976738329335e+02
8.370370370370369528e+01 -8.131439695833431642e+02
8.569569569569569012e+01 -7.929140847175400495e+02
8.768768768768768496e+01 -7.736475459166445034e+02
8.967967967967967979e+01 -7.552823851082168858e+02
9.167167167167167463e+01 -7.377620999130575683e+02
9.366366366366365526e+01 -7.217046430412181053e+02
9.565565565565565009e+01 -7.067338339902700000e+02
9.764764764764764493e+01 -6.923993322937111543e+02
9.963963963963963977e+01 -6.786640364323619679e+02
1.016316316316316346e+02 -6.654937805160884636e+02
1.036236236236236152e+02 -6.528570530562989234e+02
1.056156156156156101e+02 -6.407247475382940820e+02
1.076076076076076049e+02 -6.290699406633600574e+02
1.095995995995995997e+02 -6.178676947284523067e+02
1.115915915915915946e+02 -6.070948811166551877e+02
1.135835835835835752e+02 -5.967300222947658312e+02
1.155755755755755700e+02 -5.867531500726461218e+02
1.175675675675675649e+02 -5.771456781824990685e+02
1.195595595595595597e+02 -5.678902874939021785e+02
1.215515515515515546e+02 -5.589708224003805981e+02
1.235435435435435352e+02 -5.503721971009977096e+02
1.255355355355355300e+02 -5.420803106615313709e+02
1.275275275275275249e+02 -5.340819698781184570e+02
1.295195195195195197e+02 -5.263061012023385956e+02
1.315115115115115145e+02 -5.187670841186942425e+02
1.335035035035035094e+02 -5.114709018825312796e+02
1.354954954954955042e+02 -5.044074089000989716e+02
1.374874874874874990e+02 -4.975670588549068611e+02
1.394794794794794655e+02 -4.909408620869371589e+02
1.414714714714714603e+02 -4.845203465523736668e+02
1.434634634634634551e+02 -4.782975220128515730e+02
1.454554554554554500e+02 -4.722648471419213934e+02
1.474474474474474448e+02 -4.664151992695818763e+02
1.494394394394394396e+02 -4.607418465157711012e+02
1.514314314314314345e+02 -4.552384220895884255e+02
1.534234234234234293e+02 -4.498989005541375832e+02
1.554154154154154241e+02 -4.447175758772950189e+02
1.574074074074073906e+02 -4.396890411067624882e+02
1.593993993993993854e+02 -4.348081695238451516e+02
1.613913913913913802e+02 -4.300700971447141683e+02
1.633833833833833751e+02 -4.254702064506101351e+02
1.653753753753753699e+02 -4.210041112398742484e+02
1.673673673673673647e+02 -4.166676425048791543e+02
1.693593593593593596e+02 -4.124568352460792653e+02
1.713513513513513544e+02 -4.083679161436285199e+02
1.733433433433433493e+02 -4.043972920144523187e+02
1.753353353353353441e+02 -4.005415389893425413e+02
1.773273273273273105e+02 -3.967973923507595941e+02
1.793193193193193054e+02 -3.931617369775214570e+02
1.813113113113113002e+02 -3.896315983476305860e+02
1.833033033033032950e+02 -3.862041340550867972e+02
1.852952952952952899e+02 -3.828766258007437955e+02
1.872872872872872847e+02 -3.796464718212166076e+02
1.892792792792792795e+02 -3.765111797233551556e+02
1.912712712712712744e+02 -3.734683596952048106e+02
1.932632632632632692e+02 -3.705157180673601260e+02
1.952552552552552640e+02 -3.676510512015714198e+02
1.972472472472472305e+02 -3.648722396860245567e+02
1.992392392392392253e+02 -3.621772428192350048e+02
2.012312312312312201e+02 -3.595640933667723971e+02
2.032232232232232150e+02 -3.570308925771111035e+02
2.052152152152152098e+02 -3.545758054449063934e+02
2.072072072072072046e+02 -3.521970562117284658e+02
2.091991991991991995e+02 -3.498929240959323010e+02
2.111911911911911943e+02 -3.476617392448051760e+02
2.131831831831831892e+02 -3.455018789033950952e+02
2.151751751751751840e+02 -3.434117637955612281e+02
2.171671671671671504e+02 -3.413898547137404762e+02
2.191591591591591452e+02 -3.394346493146776425e+02
2.211511511511511401e+02 -3.375473427115698541e+02
2.231431431431431349e+02 -3.358322610885423387e+02
2.251351351351351298e+02 -3.341655614799614682e+02
2.271271271271271246e+02 -3.325461325828835584e+02
2.291191191191191194e+02 -3.309728958549738422e+02
2.311111111111111143e+02 -3.294448038651984803e+02
2.331031031031031091e+02 -3.279608387378623320e+02
2.350950950950951039e+02 -3.265200106854552473e+02
2.370870870870870704e+02 -3.251213566261320125e+02
2.390790790790790652e+02 -3.237639388818176371e+02
2.410710710710710600e+02 -3.224468439532058710e+02
2.430630630630630549e+02 -3.211691813680898235e+02
2.450550550550550497e+02 -3.199300825996400590e+02
2.470470470470470445e+02 -3.187287000514018587e+02
2.490390390390390394e+02 -3.175642061059305661e+02
2.510310310310310342e+02 -3.164357922340789742e+02
2.530230230230230291e+02 -3.153426681620844647e+02
2.550150150150150239e+02 -3.142840610936962094e+02
2.570070070070070187e+02 -3.132592149846437337e+02
2.589989989989990136e+02 -3.122673898668543870e+02
2.609909909909910084e+02 -3.113078612198876272e+02
2.629829829829830032e+02 -3.103799193870958106e+02
2.649749749749749981e+02 -3.094828690341299193e+02
2.669669669669669361e+02 -3.086160286474096210e+02
2.689589589589589309e+02 -3.077787300702601101e+02
2.709509509509509257e+02 -3.069703180744886595e+02
2.729429429429429206e+02 -3.061901499651776817e+02
2.749349349349349154e+02 -3.054375952165698891e+02
2.769269269269269103e+02 -3.047120351369609921e+02
2.789189189189189051e+02 -3.040128625605552770e+02
2.809109109109108999e+02 -3.033394815643218294e+02
2.829029029029028948e+02 -3.026913072079400990e+02
2.848948948948948896e+02 -3.020677652949809158e+02
2.868868868868868844e+02 -3.014682921535443825e+02
2.888788788788788793e+02 -3.008923344346242175e+02
2.908708708708708741e+02 -3.003393489265873768e+02
2.928628628628628690e+02 -2.998088023841509084e+02
2.948548548548548638e+02 -2.993001713703908422e+02
2.968468468468468586e+02 -2.988129421103519121e+02
2.988388388388388535e+02 -2.983466103549087052e+02
3.008308308308308483e+02 -2.979006812536169946e+02
3.028228228228228431e+02 -2.974746692353679123e+02
3.048148148148147811e+02 -2.970680978957378784e+02
3.068068068068067760e+02 -2.966804998899928023e+02
3.087987987987987708e+02 -2.963114168308306944e+02
3.107907907907907656e+02 -2.959603991899355151e+02
3.127827827827827605e+02 -2.956270062026006258e+02
3.147747747747747553e+02 -2.953108057746640611e+02
3.167667667667667502e+02 -2.950113743911030042e+02
3.187587587587587450e+02 -2.947282970257327861e+02
3.207507507507507398e+02 -2.944611670514622688e+02
3.227427427427427347e+02 -2.942095861506751362e+02
3.247347347347347295e+02 -2.939731642253336759e+02
3.267267267267267243e+02 -2.937515193064835444e+02
3.287187187187187192e+02 -2.935442774628599523e+02
3.307107107107107140e+02 -2.933510727083886991e+02
3.327027027027027088e+02 -2.931715469083773655e+02
3.346946946946947037e+02 -2.930053496842690492e+02
3.366866866866866985e+02 -2.928521383168596230e+02
3.386786786786786934e+02 -2.927115776479022315e+02
3.406706706706706882e+02 -2.925833399800868619e+02
3.426626626626626830e+02 -2.924671049753692955e+02
3.446546546546546210e+02 -2.923625595516979843e+02
3.466466466466466159e+02 -2.922693977781740386e+02
3.486386386386386107e+02 -2.921873207687057743e+02
3.506306306306306055e+02 -2.921160365742625800e+02
3.526226226226226004e+02 -2.920552600738091655e+02
3.546146146146145952e+02 -2.920024983530704503e+02
3.566066066066065900e+02 -2.919547461093342235e+02
3.585985985985985849e+02 -2.919153693738255129e+02
3.605905905905905797e+02 -2.918841756567260859e+02
3.625825825825825746e+02 -2.918609768824329649e+02
3.645745745745745694e+02 -2.918455892944531342e+02
3.665665665665665642e+02 -2.918378333619712635e+02
3.685585585585585591e+02 -2.918375336880837949e+02
3.705505505505505539e+02 -2.918445189196432352e+02
3.725425425425425487e+02 -2.918586216587223703e+02
3.745345345345345436e+02 -2.918796783756557147e+02
3.765265265265265384e+02 -2.919075293236362540e+02
3.785185185185185333e+02 -2.919420184548651491e+02
3.805105105105105281e+02 -2.919829933382193872e+02
3.825025025025025229e+02 -2.920303050784331731e+02
3.844944944944944609e+02 -2.920838082367648099e+02
3.864864864864864558e+02 -2.921433607531445773e+02
3.884784784784784506e+02 -2.922088238697871816e+02
3.904704704704704454e+02 -2.922800620562399558e+02
3.924624624624624403e+02 -2.923569429358707339e+02
3.944544544544544351e+02 -2.924393372137691927e+02
3.964464464464464299e+02 -2.925271186060543300e+02
3.984384384384384248e+02 -2.926201637705630674e+02
4.004304304304304196e+02 -2.927183522389124732e+02
4.024224224224224145e+02 -2.928215663499268544e+02
4.044144144144144093e+02 -2.929296911843970292e+02
4.064064064064064041e+02 -2.930426145011751373e+02
4.083983983983983990e+02 -2.931602266745774159e+02
4.103903903903903938e+02 -2.932824206330770380e+02
4.123823823823823886e+02 -2.934090917992917866e+02
4.143743743743743835e+02 -2.935401380312209767e+02
4.163663663663663783e+02 -2.936754595647338988e+02
4.183583583583583732e+02 -2.938149589572904574e+02
4.203503503503503680e+02 -2.939585410328754165e+02
4.223423423423423060e+02 -2.941061128281233437e+02
4.243343343343343008e+02 -2.942575835396293087e+02
4.263263263263262957e+02 -2.944128644724177661e+02
4.283183183183182905e+02 -2.945718689895446687e+02
4.303103103103102853e+02 -2.947345124628530471e+02
4.323023023023022802e+02 -2.949007122247979851e+02
4.342942942942942750e+02 -2.950703875213946503e+02
4.362862862862862698e+02 -2.952434594662128120e+02
4.382782782782782647e+02 -2.954198509954473479e+02
4.402702702702702595e+02 -2.955994868239923221e+02
4.422622622622622544e+02 -2.957822934025658697e+02
4.442542542542542492e+02 -2.959681988758080138e+02
4.462462462462462440e+02 -2.961571330413626697e+02
4.482382382382382389e+02 -2.963490273099342289e+02
4.502302302302302337e+02 -2.965438146662601184e+02
4.522222222222222285e+02 -2.967414296310442410e+02
4.542142142142142234e+02 -2.969418082237538670e+02
4.562062062062062182e+02 -2.971448879263476215e+02
4.581981981981982130e+02 -2.973506076478402065e+02
4.601901901901902079e+02 -2.975589076897363157e+02
4.621821821821821459e+02 -2.977697297122985560e+02
4.641741741741741407e+02 -2.979830167016260702e+02
4.661661661661661356e+02 -2.981987129375422114e+02
4.681581581581581304e+02 -2.984167639622598927e+02
4.701501501501501252e+02 -2.986371165498078994e+02
4.721421421421421201e+02 -2.988597186762165734e+02
4.741341341341341149e+02 -2.990845194904359801e+02
4.761261261261261097e+02 -2.993114692859545585e+02
4.781181181181181046e+02 -2.995405194731424672e+02
4.801101101101100994e+02 -2.997716225522558489e+02
4.821021021021020942e+02 -3.000047320871294687e+02
4.840940940940940891e+02 -3.002398026795057149e+02
4.860860860860860839e+02 -3.004767899440192309e+02
4.880780780780780788e+02 -3.007156504837871580e+02
4.900700700700700736e+02 -3.009563418666193684e+02
4.920620620620620684e+02 -3.011988226018186197e+02
4.940540540540540633e+02 -3.014430521175690387e+02
4.960460460460460581e+02 -3.016889907388754182e+02
4.980380380380380529e+02 -3.019365996660612268e+02
5.000300300300300478e+02 -3.021858409538247656e+02
5.020220220220219858e+02 -3.024366774907840636e+02
5.040140140140139806e+02 -3.026890729795689481e+02
5.060060060060059755e+02 -3.029429919173954886e+02
5.079979979979979703e+02 -3.031983995771354898e+02
5.099899899899899651e+02 -3.034552619888578420e+02
5.119819819819819600e+02 -3.037135459218389997e+02
5.139739739739738980e+02 -3.039732188670227515e+02
5.159659659659660065e+02 -3.042342490199223448e+02
5.179579579579578876e+02 -3.044966052639526310e+02
5.199499499499499962e+02 -3.047602571541854104e+02
5.219419419419418773e+02 -3.050251749014943812e+02
5.239339339339338721e+02 -3.052913293571580198e+02
5.259259259259258670e+02 -3.055586919977471894e+02
5.279179179179178618e+02 -3.058272349104963155e+02
5.299099099099098567e+02 -3.060969307789823688e+02
5.319019019019018515e+02 -3.063677528691698058e+02
5.338938938938938463e+02 -3.066396750158447162e+02
5.358858858858858412e+02 -3.069126716093310847e+02
5.378778778778778360e+02 -3.071867175825820482e+02
5.398698698698698308e+02 -3.074617883985828826e+02
5.418618618618618257e+02 -3.077378600380671401e+02
5.438538538538538205e+02 -3.080149089875400250e+02
5.458458458458458153e+02 -3.082929122276130443e+02
5.478378378378378102e+02 -3.085646043776716283e+02
5.498298298298298050e+02 -3.088353979258133108e+02
5.518218218218217999e+02 -3.091072012089381928e+02
5.538138138138137947e+02 -3.093799937801992428e+02
5.558058058058057895e+02 -3.096537555848794341e+02
5.577977977977977844e+02 -3.099284669519996100e+02
5.597897897897897792e+02 -3.102041085860759608e+02
5.617817817817817740e+02 -3.104806615591119225e+02
5.637737737737737689e+02 -3.107581073027579919e+02
5.657657657657657637e+02 -3.110364276006597493e+02
5.677577577577577586e+02 -3.113156045809933516e+02
5.697497497497497534e+02 -3.115956207091575720e+02
5.717417417417417482e+02 -3.118764587806730333e+02
5.737337337337337431e+02 -3.121581019142060427e+02
5.757257257257257379e+02 -3.124405335447805214e+02
5.777177177177177327e+02 -3.127237374171498914e+02
5.797097097097097276e+02 -3.130076975793103315e+02
5.817017017017017224e+02 -3.132923983761680802e+02
5.836936936936937173e+02 -3.135778244433611235e+02
5.856856856856857121e+02 -3.138639607012222541e+02
5.876776776776777069e+02 -3.141507923488684924e+02
5.896696696696697018e+02 -3.144383048584492144e+02
5.916616616616616966e+02 -3.147264839695049545e+02
5.936536536536536914e+02 -3.150153156834684864e+02
5.956456456456456863e+02 -3.153047862582926655e+02
5.976376376376376811e+02 -3.155948822031928671e+02
5.996296296296295623e+02 -3.158855902735215864e+02
6.016216216216215571e+02 -3.161768974657310309e+02
6.036136136136135519e+02 -3.164687910125098824e+02
6.056056056056055468e+02 -3.167612583779542774e+02
6.075975975975975416e+02 -3.170542872529064198e+02
6.095895895895895364e+02 -3.173478655503753316e+02
6.115815815815815313e+02 -3.176419814010574214e+02
6.135735735735735261e+02 -3.179366231489793790e+02
6.155655655655655210e+02 -3.182317793472052472e+02
6.175575575575575158e+02 -3.185274387536711629e+02
6.195495495495495106e+02 -3.188235903270945073e+02
6.215415415415415055e+02 -3.191202232229856577e+02
6.235335335335335003e+02 -3.194173267897399455e+02
6.255255255255254951e+02 -3.197148905648152777e+02
6.275175175175174900e+02 -3.200129042710125873e+02
6.295095095095094848e+02 -3.203113578128052836e+02
6.315015015015014797e+02 -3.206102412727869364e+02
6.334934934934934745e+02 -3.209095449081791571e+02
6.354854854854854693e+02 -3.212092591473973471e+02
6.374774774774774642e+02 -3.215093745867281996e+02
6.394694694694694590e+02 -3.218098819870726288e+02
6.414614614614614538e+02 -3.221107722707242829e+02
6.434534534534534487e+02 -3.224120365182599244e+02
6.454454454454454435e+02 -3.227136659654758546e+02
6.474374374374374383e+02 -3.230156520004051686e+02
6.494294294294294332e+02 -3.233179861603840095e+02
6.514214214214214280e+02 -3.236206601291843867e+02
6.534134134134134229e+02 -3.239236657342173658e+02
6.554054054054054177e+02 -3.242269949437963987e+02
6.573973973973974125e+02 -3.245306398644423780e+02
6.593893893893894074e+02 -3.248345927382770810e+02
6.613813813813814022e+02 -3.251388459404247442e+02
6.633733733733733970e+02 -3.254433919765206156e+02
6.653653653653653919e+02 -3.257482234802531025e+02
6.673573573573573867e+02 -3.260533332109284288e+02
6.693493493493493816e+02 -3.263587140511404527e+02
6.713413413413413764e+02 -3.266643590044417351e+02
6.733333333333333712e+02 -3.269702611931127763e+02
6.753253253253253661e+02 -3.272764138559021490e+02
6.773173173173172472e+02 -3.275828103459113549e+02
6.793093093093092421e+02 -3.278894441284350592e+02
6.813013013013012369e+02 -3.281963087789081897e+02
6.832932932932932317e+02 -3.285033979808637241e+02
6.852852852852852266e+02 -3.288107055239511851e+02
6.872772772772772214e+02 -3.291182253019608765e+02
6.892692692692692162e+02 -3.294259513109608406e+02
6.912612612612612111e+02 -3.297338776473695248e+02
6.932532532532532059e+02 -3.300419985061723764e+02
6.952452452452452007e+02 -3.303503081791075715e+02
6.972372372372371956e+02 -3.306588010528929544e+02
6.992292292292291904e+02 -3.309674716075505216e+02
7.012212212212211853e+02 -3.312763144146839522e+02
7.032132132132131801e+02 -3.315853241358027503e+02
7.052052052052051749e+02 -3.318944955207861085e+02
7.071971971971971698e+02 -3.322038234062164861e+02
7.091891891891891646e+02 -3.325133027138609805e+02
7.111811811811811594e+02 -3.328229284491495719e+02
7.131731731731731543e+02 -3.331326956996713307e+02
7.151651651651651491e+02 -3.334425996337357674e+02
7.171571571571571440e+02 -3.337526354989145148e+02
7.191491491491491388e+02 -3.340627986206352489e+02
7.211411411411411336e+02 -3.343730844008457552e+02
7.231331331331331285e+02 -3.346834883166126247e+02
7.251251251251251233e+02 -3.349940059188417649e+02
7.271171171171171181e+02 -3.353046328309529258e+02
7.291091091091091130e+02 -3.356153647476447190e+02
7.311011011011011078e+02 -3.359261974335981904e+02
7.330930930930931027e+02 -3.362371267222972619e+02
7.350850850850850975e+02 -3.365481485148222873e+02
7.370770770770770923e+02 -3.368592587786872059e+02
7.390690690690690872e+02 -3.371704535466450920e+02
7.410610610610610820e+02 -3.374817289156227957e+02
7.430530530530530768e+02 -3.377930810455647475e+02
7.450450450450450717e+02 -3.381045061583723736e+02
7.470370370370370665e+02 -3.384160005368467523e+02
7.490290290290290613e+02 -3.387275605236065417e+02
7.510210210210210562e+02 -3.390391825201323854e+02
7.530130130130130510e+02 -3.393508629856766561e+02
7.550050050050050459e+02 -3.396625984363616340e+02
7.569969969969969270e+02 -3.399743854441721851e+02
7.589889889889889218e+02 -3.402862206360178448e+02
7.609809809809809167e+02 -3.405981006927728458e+02
7.629729729729729115e+02 -3.409100223484249454e+02
7.649649649649649064e+02 -3.412219823891425108e+02
7.669569569569569012e+02 -3.415339776523999831e+02
7.689489489489488960e+02 -3.418460050261293190e+02
7.709409409409408909e+02 -3.421580614478495477e+02
7.729329329329328857e+02 -3.424701439038782382e+02
7.749249249249248805e+02 -3.427822494284959021e+02
7.769169169169168754e+02 -3.430943751031303464e+02
7.789089089089088702e+02 -3.434065180556164023e+02
7.809009009009008651e+02 -3.437186754593891465e+02
7.828928928928928599e+02 -3.440308445327474942e+02
7.848848848848848547e+02 -3.443430225381060836e+02
7.868768768768768496e+02 -3.446552067812886548e+02
7.888688688688688444e+02 -3.449673946107836287e+02
7.908608608608608392e+02 -3.452795834170696594e+02
7.928528528528528341e+02 -3.455917706319250442e+02
7.948448448448448289e+02 -3.459039537277480463e+02
7.968368368368368237e+02 -3.462161302168692032e+02
7.988288288288288186e+02 -3.465282976509458877e+02
8.008208208208208134e+02 -3.468404536203155430e+02
8.028128128128128083e+02 -3.471525957533407336e+02
8.048048048048048031e+02 -3.474647217158113222e+02
8.067967967967967979e+02 -3.477768292103561407e+02
8.087887887887887928e+02 -3.480889159758102096e+02
8.107807807807807876e+02 -3.484009797866794997e+02
8.127727727727727824e+02 -3.487130184525319123e+02
8.147647647647647773e+02 -3.490250298174464092e+02
8.167567567567567721e+02 -3.493370117594552653e+02
8.187487487487487670e+02 -3.496489621900539078e+02
8.207407407407407618e+02 -3.499608790535652929e+02
8.227327327327327566e+02 -3.502727603267120458e+02
8.247247247247247515e+02 -3.505846040180501859e+02
8.267167167167167463e+02 -3.508964081675075590e+02
8.287087087087087411e+02 -3.512081708458238154e+02
8.307007007007007360e+02 -3.515198901541280634e+02
8.326926926926927308e+02 -3.518315642234340999e+02
8.346846846846846120e+02 -3.521431912141712814e+02
8.366766766766766068e+02 -3.524547693156991386e+02
8.386686686686686016e+02 -3.527662967459148717e+02
8.406606606606605965e+02 -3.530777717507247644e+02
8.426526526526525913e+02 -3.533891926037001099e+02
8.446446446446445862e+02 -3.537005576055497045e+02
8.466366366366365810e+02 -3.540118650837863470e+02
8.486286286286285758e+02 -3.543231133922412255e+02
8.506206206206205707e+02 -3.546481529687449097e+02
8.526126126126125655e+02 -3.549747068184413479e+02
8.546046046046045603e+02 -3.553012235379661092e+02
8.565965965965965552e+02 -3.556277013133211540e+02
8.585885885885885500e+02 -3.559541383569045365e+02
8.605805805805805448e+02 -3.562805329070331481e+02
8.625725725725725397e+02 -3.566068832275812497e+02
8.645645645645645345e+02 -3.569331876076316235e+02
8.665565565565565294e+02 -3.572594443610914823e+02
8.685485485485485242e+02 -3.575856518263369139e+02
8.705405405405405190e+02 -3.579118083658516412e+02
8.725325325325325139e+02 -3.582379123659012521e+02
8.745245245245245087e+02 -3.585639622361312604e+02
8.765165165165165035e+02 -3.588899564093368895e+02
8.785085085085084984e+02 -3.592158933409905899e+02
8.805005005005004932e+02 -3.595417715090467823e+02
8.824924924924924881e+02 -3.598675894135403723e+02
8.844844844844844829e+02 -3.601933455762813878e+02
8.864764764764764777e+02 -3.605190385406014570e+02
8.884684684684684726e+02 -3.608446668709435130e+02
8.904604604604604674e+02 -3.611702291526389672e+02
8.924524524524524622e+02 -3.614957239916143408e+02
8.944444444444444571e+02 -3.618211500140596968e+02
8.964364364364364519e+02 -3.621465058661365219e+02
8.984284284284284468e+02 -3.624717902137626311e+02
9.004204204204204416e+02 -3.627970017422298383e+02
9.024124124124124364e+02 -3.631221391560321194e+02
9.044044044044044313e+02 -3.634472011785093173e+02
9.063963963963964261e+02 -3.637721865516902540e+02
9.083883883883884209e+02 -3.640970940358914731e+02
9.103803803803804158e+02 -3.644219224095725735e+02
9.123723723723722969e+02 -3.647466704690408505e+02
9.143643643643642918e+02 -3.650713370281861785e+02
9.163563563563562866e+02 -3.653959209182676204e+02
9.183483483483482814e+02 -3.657204209876711616e+02
9.203403403403402763e+02 -3.660448361016334502e+02
9.223323323323322711e+02 -3.663691651420421067e+02
9.243243243243242659e+02 -3.666934070072118175e+02
9.263163163163162608e+02 -3.670175606116183644e+02
9.283083083083082556e+02 -3.673416248857134292e+02
9.303003003003002505e+02 -3.676655987756816444e+02
9.322922922922922453e+02 -3.679894812432347067e+02
9.342842842842842401e+02 -3.683132712654012266e+02
9.362762762762762350e+02 -3.686369678342945235e+02
9.382682682682682298e+02 -3.689605699569525541e+02
9.402602602602602246e+02 -3.692840766550702369e+02
9.422522522522522195e+02 -3.696074869648294907e+02
9.442442442442442143e+02 -3.699307999367222806e+02
9.462362362362362092e+02 -3.702540146353484261e+02
9.482282282282282040e+02 -3.705771301391870338e+02
9.502202202202201988e+02 -3.709001455404157355e+02
9.522122122122121937e+02 -3.712230599447933628e+02
9.542042042042041885e+02 -3.715458724713851666e+02
9.561961961961961833e+02 -3.718685822524317359e+02
9.581881881881881782e+02 -3.721911884331883016e+02
9.601801801801801730e+02 -3.725136901716577427e+02
9.621721721721721678e+02 -3.728360866385349368e+02
9.641641641641641627e+02 -3.731583770169887089e+02
9.661561561561561575e+02 -3.734805605024523061e+02
9.681481481481481524e+02 -3.738026363025083469e+02
9.701401401401401472e+02 -3.741246036367411989e+02
9.721321321321321420e+02 -3.744464617365084678e+02
9.741241241241241369e+02 -3.747682098448639181e+02
9.761161161161161317e+02 -3.750898472163052588e+02
9.781081081081081265e+02 -3.754113731167360015e+02
9.801001001001001214e+02 -3.757327868232339370e+02
9.820920920920921162e+02 -3.760540876238977148e+02
9.840840840840841111e+02 -3.763752748177717535e+02
9.860760760760761059e+02 -3.766963477146138075e+02
9.880680680680681007e+02 -3.770173056348210139e+02
9.900600600600600956e+02 -3.773381479092354880e+02
9.920520520520519767e+02 -3.776588738790766797e+02
9.940440440440439716e+02 -3.779794828957475943e+02
9.960360360360359664e+02 -3.782999743206627841e+02
9.980280280280279612e+02 -3.786203475252308976e+02
1.000020020020019956e+03 -3.789406018906463487e+02
1.002012012012011951e+03 -3.792607368077194678e+02
1.004004004004003946e+03 -3.795807516769150993e+02
1.005995995995995941e+03 -3.799006459080196692e+02
1.007987987987987935e+03 -3.802204189201395934e+02
1.009979979979979930e+03 -3.805400701415970843e+02
1.011971971971971925e+03 -3.808595990097001618e+02
1.013963963963963920e+03 -3.811790049707440744e+02
1.015955955955955915e+03 -3.814982874798356534e+02
1.017947947947947910e+03 -3.818174460007732591e+02
1.019939939939939904e+03 -3.821364800059388926e+02
1.021931931931931899e+03 -3.824553889762348149e+02
1.023923923923923894e+03 -3.827741724008926099e+02
1.025915915915915775e+03 -3.830928297774003113e+02
1.027907907907907884e+03 -3.834113606114751747e+02
1.029899899899899992e+03 -3.837297644167835529e+02
1.031891891891891873e+03 -3.840480407149624966e+02
1.033883883883883755e+03 -3.843661890355696755e+02
1.035875875875875863e+03 -3.846842089158151339e+02
1.037867867867867744e+03 -3.850020999005663498e+02
1.039859859859859853e+03 -3.853198615422592184e+02
1.041851851851851734e+03 -3.856374934007928914e+02
1.043843843843843842e+03 -3.859549950433299159e+02
1.045835835835835724e+03 -3.862723660443892300e+02
1.047827827827827832e+03 -3.865896059856194142e+02
1.049819819819819713e+03 -3.869067144556876769e+02
1.051811811811811822e+03 -3.872236910503489185e+02
1.053803803803803703e+03 -3.875405353721237702e+02
1.055795795795795812e+03 -3.878572470304371791e+02
1.057787787787787693e+03 -3.881738256413784143e+02
1.059779779779779801e+03 -3.884902708276968042e+02
1.061771771771771682e+03 -3.888065822187173808e+02
1.063763763763763791e+03 -3.891227594500820146e+02
1.065755755755755672e+03 -3.894388021639836666e+02
1.067747747747747781e+03 -3.897547100088930847e+02
1.069739739739739662e+03 -3.900704826393628650e+02
1.071731731731731770e+03 -3.903861197162406143e+02
1.073723723723723651e+03 -3.907016209063530141e+02
1.075715715715715760e+03 -3.910169858825693723e+02
1.077707707707707641e+03 -3.913322143236030684e+02
1.079699699699699750e+03 -3.916473059140465693e+02
1.081691691691691631e+03 -3.919622603442472837e+02
1.083683683683683739e+03 -3.922770773103010811e+02
1.085675675675675620e+03 -3.925917565137631300e+02
1.087667667667667729e+03 -3.929062976619210872e+02
1.089659659659659610e+03 -3.932207004674164637e+02
1.091651651651651719e+03 -3.935349646483650190e+02
1.093643643643643600e+03 -3.938490899281429733e+02
1.095635635635635708e+03 -3.941630760354684071e+02
1.097627627627627589e+03 -3.944769227043307751e+02
1.099619619619619698e+03 -3.947906296736509262e+02
1.101611611611611579e+03 -3.951041966876084643e+02
1.103603603603603688e+03 -3.954176234954035181e+02
1.105595595595595569e+03 -3.957309098509952605e+02
1.107587587587587677e+03 -3.960440555134980514e+02
1.109579579579579558e+03 -3.963570602466278388e+02
1.111571571571571440e+03 -3.966699238189844436e+02
1.113563563563563548e+03 -3.969826460038681262e+02
1.115555555555555429e+03 -3.972952265791680020e+02
1.117547547547547538e+03 -3.976076653274505475e+02
1.119539539539539419e+03 -3.979199620357255185e+02
1.121531531531531527e+03 -3.982321164955266113e+02
1.123523523523523409e+03 -3.985441285028433072e+02
1.125515515515515517e+03 -3.988559978579476137e+02
1.127507507507507398e+03 -3.991677243654918357e+02
1.129499499499499507e+03 -3.994793078343743673e+02
1.131491491491491388e+03 -3.997907480776315765e+02
1.133483483483483496e+03 -4.001020449125245477e+02
1.135475475475475378e+03 -4.004131981604292605e+02
1.137467467467467486e+03 -4.007242076467583161e+02
1.139459459459459367e+03 -4.010350732008164414e+02
1.141451451451451476e+03 -4.013457946560401979e+02
1.143443443443443357e+03 -4.016563718496449837e+02
1.145435435435435465e+03 -4.019668046227030231e+02
1.147427427427427347e+03 -4.022770928201155698e+02
1.149419419419419455e+03 -4.025872362906299031e+02
1.151411411411411336e+03 -4.028972348864948572e+02
1.153403403403403445e+03 -4.032070884638196162e+02
1.155395395395395326e+03 -4.035167968822584612e+02
1.157387387387387435e+03 -4.038263600050178752e+02
1.159379379379379316e+03 -4.041357776989166837e+02
1.161371371371371424e+03 -4.044450498341713001e+02
1.163363363363363305e+03 -4.047541762844756477e+02
1.165355355355355414e+03 -4.050631569268995804e+02
1.167347347347347295e+03 -4.053719916419995570e+02
1.169339339339339404e+03 -4.056806803134478514e+02
1.171331331331331285e+03 -4.059892228283478062e+02
1.173323323323323393e+03 -4.062976190770182257e+02
1.175315315315315274e+03 -4.066058689528663876e+02
1.177307307307307383e+03 -4.069139723525968293e+02
1.179299299299299264e+03 -4.072219291759852240e+02
1.181291291291291373e+03 -4.075297393258168199e+02
1.183283283283283254e+03 -4.078374027080091651e+02
1.185275275275275362e+03 -4.081449192314748871e+02
1.187267267267267243e+03 -4.084522888080344956e+02
1.189259259259259125e+03 -4.087595113524943713e+02
1.191251251251251233e+03 -4.090665867825547366e+02
1.193243243243243114e+03 -4.093735150187196155e+02
1.195235235235235223e+03 -4.096802959843869303e+02
1.197227227227227104e+03 -4.099869296057155452e+02
1.199219219219219212e+03 -4.102934158115853620e+02
1.201211211211211094e+03 -4.105997545336324492e+02
1.203203203203203202e+03 -4.109059457062112983e+02
1.205195195195195083e+03 -4.112119892662889811e+02
1.207187187187187192e+03 -4.115178851534068940e+02
1.209179179179179073e+03 -4.118236333097737543e+02
1.211171171171171181e+03 -4.121292336801826082e+02
1.213163163163163063e+03 -4.124346862118289323e+02
1.215155155155155171e+03 -4.127399908544821869e+02
1.217147147147147052e+03 -4.130451475603946960e+02
1.219139139139139161e+03 -4.133501562842263297e+02
1.221131131131131042e+03 -4.136550169830102277e+02
1.223123123123123150e+03 -4.139597296161958297e+02
1.225115115115115032e+03 -4.142642941455841878e+02
1.227107107107107140e+03 -4.145687105352326967e+02
1.229099099099099021e+03 -4.148729787515237035e+02
1.231091091091091130e+03 -4.151770987631463754e+02
1.233083083083083011e+03 -4.154810705409026923e+02
1.235075075075075119e+03 -4.157848940579428358e+02
1.237067067067067001e+03 -4.160885692894336785e+02
1.239059059059059109e+03 -4.163920962128448764e+02
1.241051051051050990e+03 -4.166954748076988153e+02
1.243043043043043099e+03 -4.169987050555566270e+02
1.245035035035034980e+03 -4.173017869401414259e+02
1.247027027027027088e+03 -4.176047204472552039e+02
1.249019019019018970e+03 -4.179075055645059820e+02
1.251011011011011078e+03 -4.182101422817918319e+02
1.253003003003002959e+03 -4.185126305907214714e+02
1.254994994994995068e+03 -4.188149704850458193e+02
1.256986986986986949e+03 -4.191171619602893657e+02
1.258978978978979058e+03 -4.194192050139919843e+02
1.260970970970970939e+03 -4.197210996454574001e+02
1.262962962962963047e+03 -4.200228458559220144e+02
1.264954954954954928e+03 -4.203244436484328617e+02
1.266946946946946809e+03 -4.206258930277990657e+02
1.268938938938938918e+03 -4.209271940006894397e+02
1.270930930930930799e+03 -4.212283465754456984e+02
1.272922922922922908e+03 -4.215293507622642437e+02
1.274914914914914789e+03 -4.218302065729290575e+02
1.276906906906906897e+03 -4.221309140209356769e+02
1.278898898898898778e+03 -4.224314731215959569e+02
1.280890890890890887e+03 -4.227318838917165635e+02
1.282882882882882768e+03 -4.230321463498316348e+02
1.284874874874874877e+03 -4.233322605160324770e+02
1.286866866866866758e+03 -4.236322264120104251e+02
1.288858858858858866e+03 -4.239320440610759988e+02
1.290850850850850748e+03 -4.242317134880099161e+02
1.292842842842842856e+03 -4.245312347192195830e+02
1.294834834834834737e+03 -4.248306077825527041e+02
1.296826826826826846e+03 -4.251298327074629810e+02
1.298818818818818727e+03 -4.254289095246817851e+02
1.300810810810810835e+03 -4.257278382665788854e+02
1.302802802802802717e+03 -4.260266189669103483e+02
1.304794794794794825e+03 -4.263252516608302471e+02
1.306786786786786706e+03 -4.266237363849040776e+02
1.308778778778778815e+03 -4.269220731770997759e+02
1.310770770770770696e+03 -4.272202620767747021e+02
1.312762762762762804e+03 -4.275183031245543930e+02
1.314754754754754686e+03 -4.278161963624121995e+02
1.316746746746746794e+03 -4.281139418338646578e+02
1.318738738738738675e+03 -4.284115395833187563e+02
1.320730730730730784e+03 -4.287089896568181757e+02
1.322722722722722665e+03 -4.290062921014837229e+02
1.324714714714714773e+03 -4.293034469657890213e+02
1.326706706706706655e+03 -4.296004542993973132e+02
1.328698698698698763e+03 -4.298973141531978399e+02
1.330690690690690644e+03 -4.301940265792290461e+02
1.332682682682682753e+03 -4.304905916308654241e+02
1.334674674674674634e+03 -4.307870093624823653e+02
1.336666666666666742e+03 -4.310832798297822706e+02
1.338658658658658624e+03 -4.313794030894607090e+02
1.340650650650650732e+03 -4.316753791993922391e+02
1.342642642642642613e+03 -4.319712082186296698e+02
1.344634634634634494e+03 -4.322668902071999355e+02
1.346626626626626603e+03 -4.325624252263810376e+02
1.348618618618618484e+03 -4.328578133383992395e+02
1.350610610610610593e+03 -4.331530546065424119e+02
1.352602602602602474e+03 -4.334481490951739033e+02
1.354594594594594582e+03 -4.337430968697729554e+02
1.356586586586586463e+03 -4.340378979966762358e+02
1.358578578578578572e+03 -4.343325525433016310e+02
1.360570570570570453e+03 -4.346270605780788969e+02
1.362562562562562562e+03 -4.349214221703896328e+02
1.364554554554554443e+03 -4.352156373905601754e+02
1.366546546546546551e+03 -4.355097063099843240e+02
1.368538538538538432e+03 -4.358036290008043920e+02
1.370530530530530541e+03 -4.360974055362095783e+02
1.372522522522522422e+03 -4.363910359903753715e+02
1.374514514514514531e+03 -4.366845204381523899e+02
1.376506506506506412e+03 -4.369778589555775170e+02
1.378498498498498520e+03 -4.372710516193014314e+02
1.380490490490490401e+03 -4.375640985070773468e+02
1.382482482482482510e+03 -4.378569996971871205e+02
1.384474474474474391e+03 -4.381497552692214867e+02
1.386466466466466500e+03 -4.384423653031558388e+02
1.388458458458458381e+03 -4.387348298800943098e+02
1.390450450450450489e+03 -4.390271490818212783e+02
1.392442442442442371e+03 -4.393193229908337685e+02
1.394434434434434479e+03 -4.396113516906787595e+02
1.396426426426426360e+03 -4.399032352655053728e+02
1.398418418418418469e+03 -4.401949738001291053e+02
1.400410410410410350e+03 -4.404865673804542894e+02
1.402402402402402458e+03 -4.407780160927412680e+02
1.404394394394394340e+03 -4.410693200243478600e+02
1.406386386386386448e+03 -4.413604792630940779e+02
1.408378378378378329e+03 -4.416514938976193321e+02
1.410370370370370438e+03 -4.419423640172839214e+02
1.412362362362362319e+03 -4.422330897121969997e+02
1.414354354354354427e+03 -4.425236710730284813e+02
1.416346346346346309e+03 -4.428141081911262518e+02
1.418338338338338417e+03 -4.431276943956355581e+02
1.420330330330330298e+03 -4.434524049734350797e+02
1.422322322322322179e+03 -4.437769308504098262e+02
1.424314314314314288e+03 -4.441012722246372846e+02
1.426306306306306169e+03 -4.444254292945677207e+02
1.428298298298298278e+03 -4.447494022587520135e+02
1.430290290290290159e+03 -4.450731913159260671e+02
1.432282282282282267e+03 -4.453967966650395169e+02
1.434274274274274148e+03 -4.457202185053452013e+02
1.436266266266266257e+03 -4.460434570360564521e+02
1.438258258258258138e+03 -4.463665124567270368e+02
1.440250250250250247e+03 -4.466893849670610734e+02
1.442242242242242128e+03 -4.470120747668742069e+02
1.444234234234234236e+03 -4.473345820561179949e+02
1.446226226226226117e+03 -4.476569070349731305e+02
1.448218218218218226e+03 -4.479790499036924416e+02
1.450210210210210107e+03 -4.483010108627555041e+02
1.452202202202202216e+03 -4.486227901126623578e+02
1.454194194194194097e+03 -4.489443878541866866e+02
1.456186186186186205e+03 -4.492658042881095639e+02
1.458178178178178086e+03 -4.495870396153488286e+02
1.460170170170170195e+03 -4.499080940369420318e+02
1.462162162162162076e+03 -4.502289677540210278e+02
1.464154154154154185e+03 -4.505496609679786957e+02
1.466146146146146066e+03 -4.508701738799716736e+02
1.468138138138138174e+03 -4.511905066916207829e+02
1.470130130130130055e+03 -4.515106596043684704e+02
1.472122122122122164e+03 -4.518306328199024620e+02
1.474114114114114045e+03 -4.521504265399530027e+02
1.476106106106106154e+03 -4.524700409661041931e+02
1.478098098098098035e+03 -4.527894763004726997e+02
1.480090090090090143e+03 -4.531087327448877318e+02
1.482082082082082024e+03 -4.534278105012539299e+02
1.484074074074074133e+03 -4.537467097715381215e+02
1.486066066066066014e+03 -4.540654307580107911e+02
1.488058058058058123e+03 -4.543839736627539878e+02
1.490050050050050004e+03 -4.547023386877868916e+02
1.492042042042042112e+03 -4.550205260354862276e+02
1.494034034034033994e+03 -4.553385359080944568e+02
1.496026026026026102e+03 -4.556563685077982768e+02
1.498018018018017983e+03 -4.559740240369006301e+02
1.500010010010010092e+03 -4.562915026979195545e+02
1.502002002002001973e+03 -4.566088046929317557e+02
1.503993993993993854e+03 -4.569259302245556000e+02
1.505985985985985963e+03 -4.572428794949435087e+02
1.507977977977977844e+03 -4.575596527066782073e+02
1.509969969969969952e+03 -4.578762500619097864e+02
1.511961961961961833e+03 -4.581926717632858299e+02
1.513953953953953942e+03 -4.585089180128759949e+02
1.515945945945945823e+03 -4.588249890134213729e+02
1.517937937937937932e+03 -4.591408849670518180e+02
1.519929929929929813e+03 -4.594566060760758432e+02
1.521921921921921921e+03 -4.597721525429685130e+02
1.523913913913913802e+03 -4.600875245699499487e+02
1.525905905905905911e+03 -4.604027223593050735e+02
1.527897897897897792e+03 -4.607177461133423435e+02
1.529889889889889901e+03 -4.610325960341999121e+02
1.531881881881881782e+03 -4.613472723241371227e+02
1.533873873873873890e+03 -4.616617751852448919e+02
1.535865865865865771e+03 -4.619761048195814510e+02
1.537857857857857880e+03 -4.622902614294210366e+02
1.539849849849849761e+03 -4.626042452165723375e+02
1.541841841841841870e+03 -4.629180563829927451e+02
1.543833833833833751e+03 -4.632316951307647059e+02
1.545825825825825859e+03 -4.635451616616006731e+02
1.547817817817817740e+03 -4.638584561773014912e+02
1.549809809809809849e+03 -4.641715788796859670e+02
1.551801801801801730e+03 -4.644845299703251840e+02
1.553793793793793839e+03 -4.647973096507803348e+02
1.555785785785785720e+03 -4.651099181225980601e+02
1.557777777777777828e+03 -4.654223555873339251e+02
1.559769769769769709e+03 -4.657346222463888239e+02
1.561761761761761818e+03 -4.660467183008021266e+02
1.563753753753753699e+03 -4.663586439519439750e+02
1.565745745745745808e+03 -4.666703994010396173e+02
1.567737737737737689e+03 -4.669819848489925675e+02
1.569729729729729797e+03 -4.672934004967308397e+02
1.571721721721721678e+03 -4.676046465451815379e+02
1.573713713713713787e+03 -4.679157231951288054e+02
1.575705705705705668e+03 -4.682266306471146891e+02
1.577697697697697777e+03 -4.685373691018158979e+02
1.579689689689689658e+03 -4.688479387596310630e+02
1.581681681681681539e+03 -4.691583398210019595e+02
1.583673673673673647e+03 -4.694685724860646019e+02
1.585665665665665529e+03 -4.697786369549922938e+02
1.587657657657657637e+03 -4.700885334278842720e+02
1.589649649649649518e+03 -4.703982621045963128e+02
1.591641641641641627e+03 -4.707078231849085341e+02
1.593633633633633508e+03 -4.710172168685036809e+02
1.595625625625625617e+03 -4.713264433549542218e+02
1.597617617617617498e+03 -4.716355028437782835e+02
1.599609609609609606e+03 -4.719443955341816377e+02
1.601601601601601487e+03 -4.722531216253410662e+02
1.603593593593593596e+03 -4.725616813163099437e+02
1.605585585585585477e+03 -4.728700748061953618e+02
1.607577577577577586e+03 -4.731783022936013481e+02
1.609569569569569467e+03 -4.734863639771515409e+02
1.611561561561561575e+03 -4.737942600555625745e+02
1.613553553553553456e+03 -4.741019907270476210e+02
1.615545545545545565e+03 -4.744095561899356994e+02
1.617537537537537446e+03 -4.747169566423432343e+02
1.619529529529529555e+03 -4.750241922821252274e+02
1.621521521521521436e+03 -4.753312633072216613e+02
1.623513513513513544e+03 -4.756381699151820612e+02
1.625505505505505425e+03 -4.759449123035923321e+02
1.627497497497497534e+03 -4.762514906698028199e+02
1.629489489489489415e+03 -4.765579052109724216e+02
1.631481481481481524e+03 -4.768641561241420845e+02
1.633473473473473405e+03 -4.771702436063969799e+02
1.635465465465465513e+03 -4.774761678543316066e+02
1.637457457457457394e+03 -4.777819290644640091e+02
1.639449449449449503e+03 -4.780875274332769322e+02
1.641441441441441384e+03 -4.783929631570517245e+02
1.643433433433433493e+03 -4.786982364319642329e+02
1.645425425425425374e+03 -4.790033474537486313e+02
1.647417417417417482e+03 -4.793082964184001753e+02
1.649409409409409363e+03 -4.796130835212450165e+02
1.651401401401401472e+03 -4.799177089581311861e+02
1.653393393393393353e+03 -4.802221729236619581e+02
1.655385385385385462e+03 -4.805264756134147319e+02
1.657377377377377343e+03 -4.808306172222033865e+02
1.659369369369369224e+03 -4.811345979447327750e+02
1.661361361361361332e+03 -4.814384179754351862e+02
1.663353353353353214e+03 -4.817420775088740470e+02
1.665345345345345322e+03 -4.820455767391124482e+02
1.667337337337337203e+03 -4.823489158602636167e+02
1.669329329329329312e+03 -4.826520950659670461e+02
1.671321321321321193e+03 -4.829551145501797009e+02
1.673313313313313301e+03 -4.832579745060285745e+02
1.675305305305305183e+03 -4.835606751270919972e+02
1.677297297297297291e+03 -4.838632166062213287e+02
1.679289289289289172e+03 -4.841655991364715419e+02
1.681281281281281281e+03 -4.844678229104255820e+02
1.683273273273273162e+03 -4.847698881208182229e+02
1.685265265265265271e+03 -4.850717949597291749e+02
1.687257257257257152e+03 -4.853735436194662043e+02
1.689249249249249260e+03 -4.856751342918217347e+02
1.691241241241241141e+03 -4.859765671686572546e+02
1.693233233233233250e+03 -4.862778424416855501e+02
1.695225225225225131e+03 -4.865789603018365597e+02
1.697217217217217240e+03 -4.868799209406573709e+02
1.699209209209209121e+03 -4.871807245489655429e+02
1.701201201201201229e+03 -4.874813713175033172e+02
1.703193193193193110e+03 -4.877818614367949976e+02
1.705185185185185219e+03 -4.880821950973058279e+02
1.707177177177177100e+03 -4.883823724890162907e+02
1.709169169169169209e+03 -4.886823938020585274e+02
1.711161161161161090e+03 -4.889822592262104308e+02
1.713153153153153198e+03 -4.892819689507741714e+02
1.715145145145145079e+03 -4.895815231652570674e+02
1.717137137137137188e+03 -4.898809220586471156e+02
1.719129129129129069e+03 -4.901801658200745351e+02
1.721121121121121178e+03 -4.904792546380557496e+02
1.723113113113113059e+03 -4.907781887012032485e+02
1.725105105105105167e+03 -4.910769681977586743e+02
1.727097097097097048e+03 -4.913755933158364542e+02
1.729089089089089157e+03 -4.916740642432521327e+02
1.731081081081081038e+03 -4.919723811675721095e+02
1.733073073073073147e+03 -4.922705442764553254e+02
1.735065065065065028e+03 -4.925685537569036683e+02
1.737057057057056909e+03 -4.928664097960481740e+02
1.739049049049049017e+03 -4.931641125806181094e+02
1.741041041041040899e+03 -4.934616622973630911e+02
1.743033033033033007e+03 -4.937590591323139506e+02
1.745025025025024888e+03 -4.940563032718451382e+02
1.747017017017016997e+03 -4.943533949018190583e+02
1.749009009009008878e+03 -4.946503342080189327e+02
1.751001001001000986e+03 -4.949471213757420287e+02
1.752992992992992868e+03 -4.952437565904581334e+02
1.754984984984984976e+03 -4.955402400370729197e+02
1.756976976976976857e+03 -4.958365719002767378e+02
1.758968968968968966e+03 -4.961327523650211333e+02
1.760960960960960847e+03 -4.964287816154812845e+02
1.762952952952952955e+03 -4.967246598356900904e+02
1.764944944944944837e+03 -4.970203872096691384e+02
1.766936936936936945e+03 -4.973159639212168486e+02
1.768928928928928826e+03 -4.976113901537051447e+02
1.770920920920920935e+03 -4.979066660904043147e+02
1.772912912912912816e+03 -4.982017919143155495e+02
1.774904904904904924e+03 -4.984967678082462612e+02
1.776896896896896806e+03 -4.987915939547295352e+02
1.778888888888888914e+03 -4.990862705362843599e+02
1.780880880880880795e+03 -4.993807977348276950e+02
1.782872872872872904e+03 -4.996751757322500680e+02
1.784864864864864785e+03 -4.999694047102098580e+02
1.786856856856856894e+03 -5.002634848503740841e+02
1.788848848848848775e+03 -5.005574163336505649e+02
1.790840840840840883e+03 -5.008511993411214007e+02
1.792832832832832764e+03 -5.011448340534556110e+02
1.794824824824824873e+03 -5.014383206511749904e+02
1.796816816816816754e+03 -5.017316593146641708e+02
1.798808808808808863e+03 -5.020248502239029449e+02
1.800800800800800744e+03 -5.023178935585697218e+02
1.802792792792792852e+03 -5.026107894984631912e+02
1.804784784784784733e+03 -5.029035382226870752e+02
1.806776776776776842e+03 -5.031961399105326791e+02
1.808768768768768723e+03 -5.034885947408406537e+02
1.810760760760760832e+03 -5.037809028920963783e+02
1.812752752752752713e+03 -5.040730645429700871e+02
1.814744744744744594e+03 -5.043650798714768371e+02
1.816736736736736702e+03 -5.046569490554995809e+02
1.818728728728728584e+03 -5.049486722728420318e+02
1.820720720720720692e+03 -5.052402497010486400e+02
1.822712712712712573e+03 -5.055316815171593703e+02
1.824704704704704682e+03 -5.058229678981856523e+02
1.826696696696696563e+03 -5.061141090209885647e+02
1.828688688688688671e+03 -5.064051050619980856e+02
1.830680680680680553e+03 -5.066959561976422037e+02
1.832672672672672661e+03 -5.069866626038261757e+02
1.834664664664664542e+03 -5.072772244563815320e+02
1.836656656656656651e+03 -5.075676419310479446e+02
1.838648648648648532e+03 -5.078579152028107160e+02
1.840640640640640640e+03 -5.081480444471107489e+02
1.842632632632632522e+03 -5.084380298387193875e+02
1.844624624624624630e+03 -5.087278715520926653e+02
1.846616616616616511e+03 -5.090175697617626724e+02
1.848608608608608620e+03 -5.093071246416462259e+02
1.850600600600600501e+03 -5.095965363661013612e+02
1.852592592592592609e+03 -5.098858051083485066e+02
1.854584584584584491e+03 -5.101749310420927372e+02
1.856576576576576599e+03 -5.104639143402691275e+02
1.858568568568568480e+03 -5.107527551760591109e+02
1.860560560560560589e+03 -5.110414537220932516e+02
1.862552552552552470e+03 -5.113300101507553563e+02
1.864544544544544578e+03 -5.116184246344200233e+02
1.866536536536536460e+03 -5.119066973447904161e+02
1.868528528528528568e+03 -5.121948284540169425e+02
1.870520520520520449e+03 -5.124828181332364920e+02
1.872512512512512558e+03 -5.127706665539832329e+02
1.874504504504504439e+03 -5.130583738870089974e+02
1.876496496496496547e+03 -5.133459403033190256e+02
1.878488488488488429e+03 -5.136333659735373658e+02
1.880480480480480537e+03 -5.139206510677586266e+02
1.882472472472472418e+03 -5.142077957560441064e+02
1.884464464464464527e+03 -5.144948002081392815e+02
1.886456456456456408e+03 -5.147816645939818727e+02
1.888448448448448517e+03 -5.150683890825315530e+02
1.890440440440440398e+03 -5.153549738431537435e+02
1.892432432432432506e+03 -5.156414190445183294e+02
1.894424424424424387e+03 -5.159277248552925812e+02
1.896416416416416268e+03 -5.162138914437177846e+02
1.898408408408408377e+03 -5.164999189782735129e+02
1.900400400400400258e+03 -5.167858076266797980e+02
1.902392392392392367e+03 -5.170715575564214532e+02
1.904384384384384248e+03 -5.173571689350451379e+02
1.906376376376376356e+03 -5.176426419297627035e+02
1.908368368368368237e+03 -5.179279767073289804e+02
1.910360360360360346e+03 -5.182131734346650092e+02
1.912352352352352227e+03 -5.184982322780798540e+02
1.914344344344344336e+03 -5.187831534035756249e+02
1.916336336336336217e+03 -5.190679369774341012e+02
1.918328328328328325e+03 -5.193525831652647184e+02
1.920320320320320207e+03 -5.196370921325019481e+02
1.922312312312312315e+03 -5.199214640445543409e+02
1.924304304304304196e+03 -5.202056990659621079e+02
1.926296296296296305e+03 -5.204897973619516733e+02
1.928288288288288186e+03 -5.207737590967749384e+02
1.930280280280280294e+03 -5.210575844350913712e+02
1.932272272272272176e+03 -5.213412735402348517e+02
1.934264264264264284e+03 -5.216248265765422047e+02
1.936256256256256165e+03 -5.219082437072626135e+02
1.938248248248248274e+03 -5.221915250959694959e+02
1.940240240240240155e+03 -5.224746709056784084e+02
1.942232232232232263e+03 -5.227576812989614155e+02
1.944224224224224145e+03 -5.230405564386866217e+02
1.946216216216216253e+03 -5.233232964869106354e+02
1.948208208208208134e+03 -5.236059016059833766e+02
1.950200200200200243e+03 -5.238883719577547708e+02
1.952192192192192124e+03 -5.241707077037377758e+02
1.954184184184184232e+03 -5.244529090053069922e+02
1.956176176176176114e+03 -5.247349760235540543e+02
1.958168168168168222e+03 -5.250169089195750303e+02
1.960160160160160103e+03 -5.252987078540185166e+02
1.962152152152152212e+03 -5.255803729868473511e+02
1.964144144144144093e+03 -5.258619044787724306e+02
1.966136136136136201e+03 -5.261433024896316510e+02
1.968128128128128083e+03 -5.264245671788886511e+02
1.970120120120120191e+03 -5.267056987062511553e+02
1.972112112112112072e+03 -5.269866972308930144e+02
1.974104104104103953e+03 -5.272675629115653919e+02
1.976096096096096062e+03 -5.275482959072986660e+02
1.978088088088087943e+03 -5.278288963765531889e+02
1.980080080080080052e+03 -5.281093644776295832e+02
1.982072072072071933e+03 -5.283897003682443483e+02
1.984064064064064041e+03 -5.286699042063842171e+02
1.986056056056055922e+03 -5.289499761497207828e+02
1.988048048048048031e+03 -5.292299163553568633e+02
1.990040040040039912e+03 -5.295097249805165802e+02
1.992032032032032021e+03 -5.297894021818374313e+02
1.994024024024023902e+03 -5.300689481163541359e+02
1.996016016016016010e+03 -5.303483629397425148e+02
1.998008008008007891e+03 -5.306276468087336298e+02
2.000000000000000000e+03 -5.309067998788486875e+02
