1.000000000000000000e+01 -4.303012797588270359e+02
1.199199199199199128e+01 -3.761271964262845700e+02
1.398398398398398434e+01 -3.337513429240070764e+02
1.597597597597597563e+01 -3.261857260607544617e+02
1.796796796796796869e+01 -3.323104607913570590e+02
1.995995995995995997e+01 -3.401416726986503249e+02
2.195195195195195126e+01 -3.486059429464071400e+02
2.394394394394394254e+01 -3.571214403746461130e+02
2.593593593593593738e+01 -3.699689061893466828e+02
2.792792792792792866e+01 -3.832090497924421584e+02
2.991991991991991995e+01 -3.959565740184079914e+02
3.191191191191191123e+01 -4.083502151675717187e+02
3.390390390390390252e+01 -4.204942283591859677e+02
3.589589589589589025e+01 -4.324697723172890278e+02
3.788788788788788509e+01 -4.443423592704140788e+02
3.987987987987987992e+01 -4.561669750624841413e+02
4.187187187187187476e+01 -4.679917943686028821e+02
4.386386386386386249e+01 -4.798610579327286132e+02
4.585585585585585733e+01 -4.918174878883976930e+02
4.784784784784784506e+01 -5.039045208304079324e+02
4.983983983983983990e+01 -5.161686032993613935e+02
5.183183183183182763e+01 -5.297964836478844290e+02
5.382382382382382247e+01 -5.443294792302360747e+02
5.581581581581581730e+01 -5.595185920832868760e+02
5.780780780780780503e+01 -5.754892001225658760e+02
5.979979979979979987e+01 -5.923984501225918393e+02
6.179179179179178760e+01 -6.104503928126260917e+02
6.378378378378378244e+01 -6.299204133030600588e+02
6.577577577577577017e+01 -6.511974085151441614e+02
6.776776776776776501e+01 -6.748628422560472018e+02
6.975975975975975985e+01 -7.018559228446241605e+02
7.175175175175175468e+01 -7.338769789363980180e+02
7.374374374374374952e+01 -7.746559170383402488e+02
7.573573573573573015e+01 -8.367656604776162794e+02
7.772772772772772498e+01 -9.324413082182555854e+02
7.971971971971971982e+01 -9.148796570237401511e+02
8.171171171171171466e+01 -8.983953612002674163e+02
8.370370370370369528e+01 -8.829166498483755277e+02
8.569569569569569012e+01 -8.683779987033653924e+02
8.768768768768768496e+01 -8.547193939080100336e+02
8.967967967967967979e+01 -8.418856959052500315e+02
9.167167167167167463e+01 -8.298260890024042737e+02
9.366366366366365526e+01 -8.184936045503685591e+02
9.565565565565565009e+01 -8.078447076006547150e+02
9.764764764764764493e+01 -7.978389384472343409e+02
9.963963963963963977e+01 -7.884386017089318557e+02
1.016316316316316346e+02 -7.811373729837682731e+02
1.036236236236236152e+02 -7.748357394462269667e+02
1.056156156156156101e+02 -7.688777442819250609e+02
1.076076076076076049e+02 -7.632429223244688501e+02
1.095995995995995997e+02 -7.579122575506568182e+02
1.115915915915915946e+02 -7.528680592861438754e+02
1.135835835835835752e+02 -7.480938512712070860e+02
1.155755755755755700e+02 -7.435742720022344656e+02
1.175675675675675649e+02 -7.392949849849786688e+02
1.195595595595595597e+02 -7.352425977224489770e+02
1.215515515515515546e+02 -7.314045884200539831e+02
1.235435435435435352e+02 -7.277692395262298533e+02
1.255355355355355300e+02 -7.243255773428236353e+02
1.275275275275275249e+02 -7.210633170388268809e+02
1.295195195195195197e+02 -7.179728124862156164e+02
1.315115115115115145e+02 -7.150450104097135409e+02
1.335035035035035094e+02 -7.122714084052677208e+02
1.354954954954955042e+02 -7.096440164361789584e+02
1.374874874874874990e+02 -7.071553214627243733e+02
1.394794794794794655e+02 -7.047982549013477183e+02
1.414714714714714603e+02 -7.025661626449131063e+02
1.434634634634634551e+02 -7.004527774055887903e+02
1.454554554554554500e+02 -6.984521931686214202e+02
1.474474474474474448e+02 -6.962926020108279772e+02
1.494394394394394396e+02 -6.937813020290959685e+02
1.514314314314314345e+02 -6.913722781855763060e+02
1.534234234234234293e+02 -6.890608865119838811e+02
1.554154154154154241e+02 -6.868427369301393810e+02
1.574074074074073906e+02 -6.847136770413756039e+02
1.593993993993993854e+02 -6.826697771051308337e+02
1.613913913913913802e+02 -6.807073161070251217e+02
1.633833833833833751e+02 -6.788227688262513766e+02
1.653753753753753699e+02 -6.770127938206175031e+02
1.673673673673673647e+02 -6.752742222551556779e+02
1.693593593593593596e+02 -6.736040475070304865e+02
1.713513513513513544e+02 -6.719994154855558008e+02
1.733433433433433493e+02 -6.704576156115844014e+02
1.753353353353353441e+02 -6.689760724054657430e+02
1.773273273273273105e+02 -6.675523376371871791e+02
1.793193193193193054e+02 -6.661840829962704902e+02
1.813113113113113002e+02 -6.648690932426612790e+02
1.833033033033032950e+02 -6.636052598030428271e+02
1.852952952952952899e+02 -6.623905747799935853e+02
1.872872872872872847e+02 -6.612231253440520504e+02
1.892792792792792795e+02 -6.601010884812352515e+02
1.912712712712712744e+02 -6.590227260706723200e+02
1.932632632632632692e+02 -6.579863802691520505e+02
1.952552552552552640e+02 -6.569904691810462509e+02
1.972472472472472305e+02 -6.560334827939467459e+02
1.992392392392392253e+02 -6.551139791616506045e+02
2.012312312312312201e+02 -6.542305808177369499e+02
2.032232232232232150e+02 -6.533819714040981808e+02
2.052152152152152098e+02 -6.525668925000290983e+02
2.072072072072072046e+02 -6.517841406385456366e+02
2.091991991991991995e+02 -6.510325644975530395e+02
2.111911911911911943e+02 -6.503110622544498938e+02
2.131831831831831892e+02 -6.496185790934862325e+02
2.151751751751751840e+02 -6.489541048560878380e+02
2.171671671671671504e+02 -6.483166718249211726e+02
2.191591591591591452e+02 -6.477053526332457523e+02
2.211511511511511401e+02 -6.471192582916005449e+02
2.231431431431431349e+02 -6.465575363245098970e+02
2.251351351351351298e+02 -6.460193690103145627e+02
2.271271271271271246e+02 -6.455039717177780858e+02
2.291191191191191194e+02 -6.450105913335175956e+02
2.311111111111111143e+02 -6.445385047747109866e+02
2.331031031031031091e+02 -6.440870175819212591e+02
2.350950950950951039e+02 -6.436554625872040560e+02
2.370870870870870704e+02 -6.432431986530120867e+02
2.390790790790790652e+02 -6.433632742467050321e+02
2.410710710710710600e+02 -6.437829401599334460e+02
2.430630630630630549e+02 -6.442056830335549193e+02
2.450550550550550497e+02 -6.446313636033997909e+02
2.470470470470470445e+02 -6.450598485780739111e+02
2.490390390390390394e+02 -6.454910103472201399e+02
2.510310310310310342e+02 -6.459247267060510467e+02
2.530230230230230291e+02 -6.463608805951412251e+02
2.550150150150150239e+02 -6.467993598545189116e+02
2.570070070070070187e+02 -6.472400569911739012e+02
2.589989989989990136e+02 -6.476828689591512784e+02
2.609909909909910084e+02 -6.481276969514683515e+02
2.629829829829830032e+02 -6.485744462031573221e+02
2.649749749749749981e+02 -6.490230258047198504e+02
2.669669669669669361e+02 -6.494733485254113248e+02
2.689589589589589309e+02 -6.499253306457570716e+02
2.709509509509509257e+02 -6.503788917987626519e+02
2.729429429429429206e+02 -6.508339548192888060e+02
2.749349349349349154e+02 -6.512904456011680168e+02
2.769269269269269103e+02 -6.517482929615400735e+02
2.789189189189189051e+02 -6.522074285120704644e+02
2.809109109109108999e+02 -6.526677865366008291e+02
2.829029029029028948e+02 -6.531293038749113293e+02
2.848948948948948896e+02 -6.535919198122130638e+02
2.868868868868868844e+02 -6.540555759740925623e+02
2.888788788788788793e+02 -6.545202162265711650e+02
2.908708708708708741e+02 -6.549857865810145086e+02
2.928628628628628690e+02 -6.554522351036185910e+02
2.948548548548548638e+02 -6.559195118292524285e+02
2.968468468468468586e+02 -6.563875686793635396e+02
2.988388388388388535e+02 -6.568563593838055112e+02
3.008308308308308483e+02 -6.573258394062900152e+02
3.028228228228228431e+02 -6.577959658733770993e+02
3.048148148148147811e+02 -6.582666975067012345e+02
3.068068068068067760e+02 -6.587379945583762719e+02
3.087987987987987708e+02 -6.592098187493062369e+02
3.107907907907907656e+02 -6.596821332103655777e+02
3.127827827827827605e+02 -6.601549024261977365e+02
3.147747747747747553e+02 -6.606280921815550755e+02
3.167667667667667502e+02 -6.611016695100508969e+02
3.187587587587587450e+02 -6.615756026451920206e+02
3.207507507507507398e+02 -6.620498609735489026e+02
3.227427427427427347e+02 -6.625244149900217963e+02
3.247347347347347295e+02 -6.629992362550435701e+02
3.267267267267267243e+02 -6.634742973536434647e+02
3.287187187187187192e+02 -6.639495718562786806e+02
3.307107107107107140e+02 -6.644250342813576253e+02
3.327027027027027088e+02 -6.649006600593581879e+02
3.346946946946947037e+02 -6.653764254984787385e+02
3.366866866866866985e+02 -6.658523077517254478e+02
3.386786786786786934e+02 -6.663282847854131887e+02
3.406706706706706882e+02 -6.668043353489367746e+02
3.426626626626626830e+02 -6.672804389458539163e+02
3.446546546546546210e+02 -6.677565758061150518e+02
3.466466466466466159e+02 -6.682327268594767702e+02
3.486386386386386107e+02 -6.687088737099714990e+02
3.506306306306306055e+02 -6.691849986114486910e+02
3.526226226226226004e+02 -6.696610844440515393e+02
3.546146146146145952e+02 -6.701371146917339274e+02
3.566066066066065900e+02 -6.706130734205703448e+02
3.585985985985985849e+02 -6.710889452580239549e+02
3.605905905905905797e+02 -6.715647153729714773e+02
3.625825825825825746e+02 -6.720403694565654860e+02
3.645745745745745694e+02 -6.725158937038034992e+02
3.665665665665665642e+02 -6.729912747958749151e+02
3.685585585585585591e+02 -6.734664998831279945e+02
3.705505505505505539e+02 -6.739415565687480694e+02
3.725425425425425487e+02 -6.744164328930488637e+02
3.745345345345345436e+02 -6.748911173183665824e+02
3.765265265265265384e+02 -6.753655987145124300e+02
3.785185185185185333e+02 -6.758398663448105026e+02
3.805105105105105281e+02 -6.763139098526354474e+02
3.825025025025025229e+02 -6.767877192485027535e+02
3.844944944944944609e+02 -6.772612848975634279e+02
3.864864864864864558e+02 -6.777345975076361810e+02
3.884784784784784506e+02 -6.782076481176617335e+02
3.904704704704704454e+02 -6.786804280865794681e+02
3.924624624624624403e+02 -6.791529290826106262e+02
3.944544544544544351e+02 -6.796251430729390677e+02
3.964464464464464299e+02 -6.800970623137866369e+02
3.984384384384384248e+02 -6.805686793408048061e+02
4.004304304304304196e+02 -6.810399869598549003e+02
4.024224224224224145e+02 -6.815109782381217656e+02
4.044144144144144093e+02 -6.819816464954996036e+02
4.064064064064064041e+02 -6.824519852963406947e+02
4.083983983983983990e+02 -6.829219884414642365e+02
4.103903903903903938e+02 -6.833916499604548562e+02
4.123823823823823886e+02 -6.838609641042476142e+02
4.143743743743743835e+02 -6.843299253379490210e+02
4.163663663663663783e+02 -6.847985283339274929e+02
4.183583583583583732e+02 -6.852667679651465278e+02
4.203503503503503680e+02 -6.857346392987011541e+02
4.223423423423423060e+02 -6.862021375896183599e+02
4.243343343343343008e+02 -6.866692582748466975e+02
4.263263263263262957e+02 -6.871359969674607555e+02
4.283183183183182905e+02 -6.876023494510423006e+02
4.303103103103102853e+02 -6.880683116742768561e+02
4.323023023023022802e+02 -6.885338797457650344e+02
4.342942942942942750e+02 -6.889990499288878709e+02
4.362862862862862698e+02 -6.894638186370328867e+02
4.382782782782782647e+02 -6.899281824287719473e+02
4.402702702702702595e+02 -6.903921380033937112e+02
4.422622622622622544e+02 -6.908556821964317578e+02
4.442542542542542492e+02 -6.913188119754407808e+02
4.462462462462462440e+02 -6.917815244358527025e+02
4.482382382382382389e+02 -6.922438167970220775e+02
4.502302302302302337e+02 -6.927056863983347057e+02
4.522222222222222285e+02 -6.931671306955223599e+02
4.542142142142142234e+02 -6.936281472570133246e+02
4.562062062062062182e+02 -6.940887337604851837e+02
4.581981981981982130e+02 -6.945488879894609227e+02
4.601901901901902079e+02 -6.950086078300585086e+02
4.621821821821821459e+02 -6.954678912678218694e+02
4.641741741741741407e+02 -6.959267363846636272e+02
4.661661661661661356e+02 -6.963851413558920740e+02
4.681581581581581304e+02 -6.968431044473790053e+02
4.701501501501501252e+02 -6.973006240127319870e+02
4.721421421421421201e+02 -6.977576984906453390e+02
4.741341341341341149e+02 -6.982143264022907942e+02
4.761261261261261097e+02 -6.986699255770589616e+02
4.781181181181181046e+02 -6.990764135764793537e+02
4.801101101101100994e+02 -6.994825953362679911e+02
4.821021021021020942e+02 -6.998884687656886854e+02
4.840940940940940891e+02 -7.002940318505169444e+02
4.860860860860860839e+02 -7.006992826509485894e+02
4.880780780780780788e+02 -7.011042192995075766e+02
4.900700700700700736e+02 -7.015088399990921744e+02
4.920620620620620684e+02 -7.019131430210032931e+02
4.940540540540540633e+02 -7.023171267030775198e+02
4.960460460460460581e+02 -7.027207894478721073e+02
4.980380380380380529e+02 -7.031241297208634933e+02
5.000300300300300478e+02 -7.035271460487487047e+02
5.020220220220219858e+02 -7.039298370177792776e+02
5.040140140140139806e+02 -7.043322012721046121e+02
5.060060060060059755e+02 -7.047342375122234444e+02
5.079979979979979703e+02 -7.051359444934255407e+02
5.099899899899899651e+02 -7.055373210243386666e+02
5.119819819819819600e+02 -7.059383659654412213e+02
5.139739739739738980e+02 -7.063390782276761684e+02
5.159659659659660065e+02 -7.067394567710797446e+02
5.179579579579578876e+02 -7.071395006034637163e+02
5.199499499499499962e+02 -7.075392087791078666e+02
5.219419419419418773e+02 -7.079385803975137605e+02
5.239339339339338721e+02 -7.083376146021704471e+02
5.259259259259258670e+02 -7.087363105793946261e+02
5.279179179179178618e+02 -7.091346675571625155e+02
5.299099099099098567e+02 -7.095326848039685501e+02
5.319019019019018515e+02 -7.099303616277908304e+02
5.338938938938938463e+02 -7.103276973749474337e+02
5.358858858858858412e+02 -7.107246914291467874e+02
5.378778778778778360e+02 -7.111213432104271988e+02
5.398698698698698308e+02 -7.115176521742197338e+02
5.418618618618618257e+02 -7.119136178103581187e+02
5.438538538538538205e+02 -7.123092396421931198e+02
5.458458458458458153e+02 -7.127045172256689511e+02
5.478378378378378102e+02 -7.130994501484628927e+02
5.498298298298298050e+02 -7.134940380291261590e+02
5.518218218218217999e+02 -7.138882805162581917e+02
5.538138138138137947e+02 -7.142821772876902742e+02
5.558058058058057895e+02 -7.146757280497271267e+02
5.577977977977977844e+02 -7.150689325363584885e+02
5.597897897897897792e+02 -7.154617905085129905e+02
5.617817817817817740e+02 -7.158543017533648936e+02
5.637737737737737689e+02 -7.162464660836071744e+02
5.657657657657657637e+02 -7.166382833367497369e+02
5.677577577577577586e+02 -7.170297533744871998e+02
5.697497497497497534e+02 -7.174208760820299631e+02
5.717417417417417482e+02 -7.178116513674630141e+02
5.737337337337337431e+02 -7.182020791611569166e+02
5.757257257257257379e+02 -7.185921594151345744e+02
5.777177177177177327e+02 -7.189818921025057534e+02
5.797097097097097276e+02 -7.193712772168805714e+02
5.817017017017017224e+02 -7.197603147718544960e+02
5.836936936936937173e+02 -7.201490048004151276e+02
5.856856856856857121e+02 -7.205373473544439094e+02
5.876776776776777069e+02 -7.209253425042101071e+02
5.896696696696697018e+02 -7.213129903378605832e+02
5.916616616616616966e+02 -7.217002909609140033e+02
5.936536536536536914e+02 -7.220872444958207552e+02
5.956456456456456863e+02 -7.224738510814898973e+02
5.976376376376376811e+02 -7.228601108728245208e+02
5.996296296296295623e+02 -7.232460240402899672e+02
6.016216216216215571e+02 -7.236315907694870475e+02
6.036136136136135519e+02 -7.240168112607539115e+02
6.056056056056055468e+02 -7.244016857287169842e+02
6.075975975975975416e+02 -7.247862144019374000e+02
6.095895895895895364e+02 -7.251703975224985470e+02
6.115815815815815313e+02 -7.255542353456420415e+02
6.135735735735735261e+02 -7.259377281393926751e+02
6.155655655655655210e+02 -7.263208761842091690e+02
6.175575575575575158e+02 -7.267036797726358373e+02
6.195495495495495106e+02 -7.270861392089526589e+02
6.215415415415415055e+02 -7.274682548088414933e+02
6.235335335335335003e+02 -7.278500268990883342e+02
6.255255255255254951e+02 -7.282314558172373609e+02
6.275175175175174900e+02 -7.286125419113051294e+02
6.295095095095094848e+02 -7.289932855394748685e+02
6.315015015015014797e+02 -7.293736870697941868e+02
6.334934934934934745e+02 -7.297537468798983582e+02
6.354854854854854693e+02 -7.301334653567489568e+02
6.374774774774774642e+02 -7.305128428963269016e+02
6.394694694694694590e+02 -7.308918799034040603e+02
6.414614614614614538e+02 -7.312705767912610781e+02
6.434534534534534487e+02 -7.316489339814435198e+02
6.454454454454454435e+02 -7.320269519035172152e+02
6.474374374374374383e+02 -7.324046309948461158e+02
6.494294294294294332e+02 -7.327819717003208098e+02
6.514214214214214280e+02 -7.331589744721773059e+02
6.534134134134134229e+02 -7.335356397697149760e+02
6.554054054054054177e+02 -7.339119680591542192e+02
6.573973973973974125e+02 -7.342879598133580430e+02
6.593893893893894074e+02 -7.346636155116821101e+02
6.613813813813814022e+02 -7.350389356397255369e+02
6.633733733733733970e+02 -7.354139206891580898e+02
6.653653653653653919e+02 -7.357885711575330561e+02
6.673573573573573867e+02 -7.361628875480927263e+02
6.693493493493493816e+02 -7.365368703695899057e+02
6.713413413413413764e+02 -7.369105201361086301e+02
6.733333333333333712e+02 -7.372838373668795384e+02
6.753253253253253661e+02 -7.376568225861469728e+02
6.773173173173172472e+02 -7.380294763229463797e+02
6.793093093093092421e+02 -7.384017991109913055e+02
6.813013013013012369e+02 -7.387737914885070722e+02
6.832932932932932317e+02 -7.391454539980718437e+02
6.852852852852852266e+02 -7.395167871864413200e+02
6.872772772772772214e+02 -7.398877916044691574e+02
6.892692692692692162e+02 -7.402584678068733410e+02
6.912612612612612111e+02 -7.406288163521871866e+02
6.932532532532532059e+02 -7.409988378025802831e+02
6.952452452452452007e+02 -7.413685327237001275e+02
6.972372372372371956e+02 -7.417379016846075501e+02
6.992292292292291904e+02 -7.421069452575850391e+02
7.012212212212211853e+02 -7.424756640180768272e+02
7.032132132132131801e+02 -7.428440585444980115e+02
7.052052052052051749e+02 -7.432121294181982876e+02
7.071971971971971698e+02 -7.435798772232626561e+02
7.091891891891891646e+02 -7.439473025464759530e+02
7.111811811811811594e+02 -7.443144059771711909e+02
7.131731731731731543e+02 -7.446811881071166681e+02
7.151651651651651491e+02 -7.450476495304526452e+02
7.171571571571571440e+02 -7.454137908435548070e+02
7.191491491491491388e+02 -7.457796126449411531e+02
7.211411411411411336e+02 -7.461451155351944635e+02
7.231331331331331285e+02 -7.465103001168419041e+02
7.251251251251251233e+02 -7.468751669942955687e+02
7.271171171171171181e+02 -7.472397167737142354e+02
7.291091091091091130e+02 -7.476039500629836994e+02
7.311011011011011078e+02 -7.479678674715710258e+02
7.330930930930931027e+02 -7.483314696104707764e+02
7.350850850850850975e+02 -7.486947570921086026e+02
7.370770770770770923e+02 -7.490577305302836066e+02
7.390690690690690872e+02 -7.494203905400788699e+02
7.410610610610610820e+02 -7.497827377377731182e+02
7.430530530530530768e+02 -7.501447727407899038e+02
7.450450450450450717e+02 -7.505064961676243911e+02
7.470370370370370665e+02 -7.508679086377482008e+02
7.490290290290290613e+02 -7.512290107715754175e+02
7.510210210210210562e+02 -7.515898031903551555e+02
7.530130130130130510e+02 -7.519502865161579166e+02
7.550050050050050459e+02 -7.523104613717720213e+02
7.569969969969969270e+02 -7.526703283806511990e+02
7.589889889889889218e+02 -7.530298881668571767e+02
7.609809809809809167e+02 -7.533891413550146581e+02
7.629729729729729115e+02 -7.537480885702306068e+02
7.649649649649649064e+02 -7.541067304380391079e+02
7.669569569569569012e+02 -7.544650675843813588e+02
7.689489489489488960e+02 -7.548231006354994861e+02
7.709409409409408909e+02 -7.551808302179312022e+02
7.729329329329328857e+02 -7.555382569584319299e+02
7.749249249249248805e+02 -7.558953814839463803e+02
7.769169169169168754e+02 -7.562522044215247661e+02
7.789089089089088702e+02 -7.566087263983217781e+02
7.809009009009008651e+02 -7.569649480415085918e+02
7.828928928928928599e+02 -7.573208699782740041e+02
7.848848848848848547e+02 -7.576764928357328017e+02
7.868768768768768496e+02 -7.580318172408984765e+02
7.888688688688688444e+02 -7.583868438206765177e+02
7.908608608608608392e+02 -7.587415732017823302e+02
7.928528528528528341e+02 -7.590960060107088339e+02
7.948448448448448289e+02 -7.594501428737104334e+02
7.968368368368368237e+02 -7.598039844167358297e+02
7.988288288288288186e+02 -7.601575312654190384e+02
8.008208208208208134e+02 -7.605107840450240246e+02
8.028128128128128083e+02 -7.608637433804176453e+02
8.048048048048048031e+02 -7.612164098960407728e+02
8.067967967967967979e+02 -7.615687842158803278e+02
8.087887887887887928e+02 -7.619208669633943600e+02
8.107807807807807876e+02 -7.622726587615626386e+02
8.127727727727727824e+02 -7.626241602327702367e+02
8.147647647647647773e+02 -7.629753719988302691e+02
8.167567567567567721e+02 -7.633262946809429650e+02
8.187487487487487670e+02 -7.636769288996631531e+02
8.207407407407407618e+02 -7.640272752748841185e+02
8.227327327327327566e+02 -7.643773344257834879e+02
8.247247247247247515e+02 -7.647271069708335745e+02
8.267167167167167463e+02 -7.650765935277698873e+02
8.287087087087087411e+02 -7.654257947135330369e+02
8.307007007007007360e+02 -7.657747111442830601e+02
8.326926926926927308e+02 -7.661233434353429175e+02
8.346846846846846120e+02 -7.664716922012357827e+02
8.366766766766766068e+02 -7.668197580555720378e+02
8.386686686686686016e+02 -7.671675416111294226e+02
8.406606606606605965e+02 -7.675150434797444632e+02
8.426526526526525913e+02 -7.678622642723425997e+02
8.446446446446445862e+02 -7.682092045988964628e+02
8.466366366366365810e+02 -7.685558650684399709e+02
8.486286286286285758e+02 -7.689022462890039833e+02
8.506206206206205707e+02 -7.692483488676315346e+02
8.526126126126125655e+02 -7.695941734103923864e+02
8.546046046046045603e+02 -7.699397205222088587e+02
8.565965965965965552e+02 -7.702849908070425045e+02
8.585885885885885500e+02 -7.706299848677855380e+02
8.605805805805805448e+02 -7.709747033062042192e+02
8.625725725725725397e+02 -7.713191467230277567e+02
8.645645645645645345e+02 -7.716633157178263218e+02
8.665565565565565294e+02 -7.720072108890664140e+02
8.685485485485485242e+02 -7.723508328340952858e+02
8.705405405405405190e+02 -7.726941821490904658e+02
8.725325325325325139e+02 -7.730372594290471397e+02
8.745245245245245087e+02 -7.733800652678218057e+02
8.765165165165165035e+02 -7.737226002580888462e+02
8.785085085085084984e+02 -7.740648649912543533e+02
8.805005005005004932e+02 -7.744068600575966457e+02
8.824924924924924881e+02 -7.747485860461224547e+02
8.844844844844844829e+02 -7.750900435446176289e+02
8.864764764764764777e+02 -7.754312331396253057e+02
8.884684684684684726e+02 -7.757721554164576219e+02
8.904604604604604674e+02 -7.761128109591403472e+02
8.924524524524524622e+02 -7.764532003504212980e+02
8.944444444444444571e+02 -7.767933241717746569e+02
8.964364364364364519e+02 -7.771331830034247332e+02
8.984284284284284468e+02 -7.774727774242434180e+02
9.004204204204204416e+02 -7.778121080118277177e+02
9.024124124124124364e+02 -7.781511753424553035e+02
9.044044044044044313e+02 -7.784899799911007676e+02
9.063963963963964261e+02 -7.788285225313934461e+02
9.083883883883884209e+02 -7.791668035356066184e+02
9.103803803803804158e+02 -7.795048235747390208e+02
9.123723723723722969e+02 -7.798425832183799002e+02
9.143643643643642918e+02 -7.801800830348030331e+02
9.163563563563562866e+02 -7.805173235909198866e+02
9.183483483483482814e+02 -7.808543054522571083e+02
9.203403403403402763e+02 -7.811910291830093911e+02
9.223323323323322711e+02 -7.815274953459597782e+02
9.243243243243242659e+02 -7.818637045025470798e+02
9.263163163163162608e+02 -7.822184536871334330e+02
9.283083083083082556e+02 -7.825930534051549330e+02
9.303003003003002505e+02 -7.829673010168640985e+02
9.322922922922922453e+02 -7.833411976385061735e+02
9.342842842842842401e+02 -7.837147443801570716e+02
9.362762762762762350e+02 -7.840879423458655992e+02
9.382682682682682298e+02 -7.844607926336008177e+02
9.402602602602602246e+02 -7.848332963353819878e+02
9.422522522522522195e+02 -7.852054545372509438e+02
9.442442442442442143e+02 -7.855772683193780495e+02
9.462362362362362092e+02 -7.859487387560784555e+02
9.482282282282282040e+02 -7.863198669158575740e+02
9.502202202202201988e+02 -7.866906538614866804e+02
9.522122122122121937e+02 -7.870611006499657378e+02
9.542042042042041885e+02 -7.874312083326641414e+02
9.561961961961961833e+02 -7.878009779553170802e+02
9.581881881881881782e+02 -7.881704105580739679e+02
9.601801801801801730e+02 -7.885395071754966239e+02
9.621721721721721678e+02 -7.889082688366936509e+02
9.641641641641641627e+02 -7.892766965652945146e+02
9.661561561561561575e+02 -7.896447913795001341e+02
9.681481481481481524e+02 -7.900125542921302895e+02
9.701401401401401472e+02 -7.903799863106717112e+02
9.721321321321321420e+02 -7.907470884372971796e+02
9.741241241241241369e+02 -7.911138616689378296e+02
9.761161161161161317e+02 -7.914803069972746243e+02
9.781081081081081265e+02 -7.918464254088388543e+02
9.801001001001001214e+02 -7.922122178849762122e+02
9.820920920920921162e+02 -7.925776854019727580e+02
9.840840840840841111e+02 -7.929428289309722686e+02
9.860760760760761059e+02 -7.933076494381485873e+02
9.880680680680681007e+02 -7.936721478846901618e+02
9.900600600600600956e+02 -7.940363252267463849e+02
9.920520520520519767e+02 -7.944001824156146085e+02
9.940440440440439716e+02 -7.947637203976822775e+02
9.960360360360359664e+02 -7.951269401144623998e+02
9.980280280280279612e+02 -7.954898425026892710e+02
1.000020020020019956e+03 -7.958524284943061957e+02
1.002012012012011951e+03 -7.962146990164744693e+02
1.004004004004003946e+03 -7.965766549916532995e+02
1.005995995995995941e+03 -7.969382973376833661e+02
1.007987987987987935e+03 -7.972996269676624479e+02
1.009979979979979930e+03 -7.976606447901446018e+02
1.011971971971971925e+03 -7.980213517090745654e+02
1.013963963963963920e+03 -7.983817486238683614e+02
1.015955955955955915e+03 -7.987418364293948798e+02
1.017947947947947910e+03 -7.991016160160714890e+02
1.019939939939939904e+03 -7.994610882698528940e+02
1.021931931931931899e+03 -7.998202540722666072e+02
1.023923923923923894e+03 -8.001791143004729747e+02
1.025915915915915775e+03 -8.005376698272463045e+02
1.027907907907907884e+03 -8.008959215210437605e+02
1.029899899899899992e+03 -8.012538702460556124e+02
1.031891891891891873e+03 -8.016115168621511202e+02
1.033883883883883755e+03 -8.019688622249980199e+02
1.035875875875875863e+03 -8.023259071860495624e+02
1.037867867867867744e+03 -8.026826525925631586e+02
1.039859859859859853e+03 -8.030390992877128156e+02
1.041851851851851734e+03 -8.033952481104531671e+02
1.043843843843843842e+03 -8.037510998957197899e+02
1.045835835835835724e+03 -8.041066554743731558e+02
1.047827827827827832e+03 -8.044619156731978364e+02
1.049819819819819713e+03 -8.048168813150389269e+02
1.051811811811811822e+03 -8.051715532186642577e+02
1.053803803803803703e+03 -8.055259321989939281e+02
1.055795795795795812e+03 -8.058800190669683161e+02
1.057787787787787693e+03 -8.062338146296068544e+02
1.059779779779779801e+03 -8.065873196901060282e+02
1.061771771771771682e+03 -8.069405350477688899e+02
1.063763763763763791e+03 -8.072934614981372761e+02
1.065755755755755672e+03 -8.076460998329004042e+02
1.067747747747747781e+03 -8.079984508400087861e+02
1.069739739739739662e+03 -8.083505153036476258e+02
1.071731731731731770e+03 -8.087022940043221979e+02
1.073723723723723651e+03 -8.090537877188079392e+02
1.075715715715715760e+03 -8.094049972202235494e+02
1.077707707707707641e+03 -8.097559232780445200e+02
1.079699699699699750e+03 -8.101065666581264395e+02
1.081691691691691631e+03 -8.104569281227220472e+02
1.083683683683683739e+03 -8.108070084305326191e+02
1.085675675675675620e+03 -8.111568083367053532e+02
1.087667667667667729e+03 -8.115063285928303003e+02
1.089659659659659610e+03 -8.118555699470306308e+02
1.091651651651651719e+03 -8.122045331439647953e+02
1.093643643643643600e+03 -8.125532189247774113e+02
1.095635635635635708e+03 -8.129016280272534232e+02
1.097627627627627589e+03 -8.132497611857049833e+02
1.099619619619619698e+03 -8.135976191310828654e+02
1.101611611611611579e+03 -8.139452025908294672e+02
1.103603603603603688e+03 -8.142925122894921515e+02
1.105595595595595569e+03 -8.146395489478564969e+02
1.107587587587587677e+03 -8.149863132835029091e+02
1.109579579579579558e+03 -8.153328060107728561e+02
1.111571571571571440e+03 -8.156790278407879669e+02
1.113563563563563548e+03 -8.160249794813705648e+02
1.115555555555555429e+03 -8.163706616371493965e+02
1.117547547547547538e+03 -8.167160750095466710e+02
1.119539539539539419e+03 -8.170612202968584370e+02
1.121531531531531527e+03 -8.174060981941549926e+02
1.123523523523523409e+03 -8.177507093934426621e+02
1.125515515515515517e+03 -8.180950545835752337e+02
1.127507507507507398e+03 -8.184391344503021628e+02
1.129499499499499507e+03 -8.187829496763340558e+02
1.131491491491491388e+03 -8.191265009412953759e+02
1.133483483483483496e+03 -8.194697889217937927e+02
1.135475475475475378e+03 -8.198128142914042655e+02
1.137467467467467486e+03 -8.201555777207171332e+02
1.139459459459459367e+03 -8.204980798773701736e+02
1.141451451451451476e+03 -8.208403214259834613e+02
1.143443443443443357e+03 -8.211823030282818081e+02
1.145435435435435465e+03 -8.215240253430837356e+02
1.147427427427427347e+03 -8.218654890262083654e+02
1.149419419419419455e+03 -8.222066947307082501e+02
1.151411411411411336e+03 -8.225476431066812211e+02
1.153403403403403445e+03 -8.228883348014182957e+02
1.155395395395395326e+03 -8.232287704593845774e+02
1.157387387387387435e+03 -8.235689507222036809e+02
1.159379379379379316e+03 -8.239088762287134386e+02
1.161371371371371424e+03 -8.242485476149678334e+02
1.163363363363363305e+03 -8.245879655142712181e+02
1.165355355355355414e+03 -8.249271305571578523e+02
1.167347347347347295e+03 -8.252660433714506780e+02
1.169339339339339404e+03 -8.256047045822804193e+02
1.171331331331331285e+03 -8.259431148120077069e+02
1.173323323323323393e+03 -8.262812746804455628e+02
1.175315315315315274e+03 -8.266191848045979214e+02
1.177307307307307383e+03 -8.269568457989162198e+02
1.179299299299299264e+03 -8.272942582751987857e+02
1.181291291291291373e+03 -8.276314228426172122e+02
1.183283283283283254e+03 -8.279683401077597864e+02
1.185275275275275362e+03 -8.283050106746236452e+02
1.187267267267267243e+03 -8.286414351446558157e+02
1.189259259259259125e+03 -8.289776141167064907e+02
1.191251251251251233e+03 -8.293135481871494221e+02
1.193243243243243114e+03 -8.296492379497962020e+02
1.195235235235235223e+03 -8.299846839959584486e+02
1.197227227227227104e+03 -8.303198869144896435e+02
1.199219219219219212e+03 -8.306548472917301069e+02
1.201211211211211094e+03 -8.309895657115537233e+02
1.203203203203203202e+03 -8.313240427554266034e+02
1.205195195195195083e+03 -8.316582790023567213e+02
1.207187187187187192e+03 -8.319922750289356372e+02
1.209179179179179073e+03 -8.323260314093613488e+02
1.211171171171171181e+03 -8.326595487154196462e+02
1.213163163163163063e+03 -8.329928275165672176e+02
1.215155155155155171e+03 -8.333258683798621860e+02
1.217147147147147052e+03 -8.336586718699962830e+02
1.219139139139139161e+03 -8.339912385494341152e+02
1.221131131131131042e+03 -8.343235689781466817e+02
1.223123123123123150e+03 -8.346556637139744907e+02
1.225115115115115032e+03 -8.349875233123356111e+02
1.227107107107107140e+03 -8.353191483264585031e+02
1.229099099099099021e+03 -8.356505393072651486e+02
1.231091091091091130e+03 -8.359816968034147067e+02
1.233083083083083011e+03 -8.363126213613569462e+02
1.235075075075075119e+03 -8.366433135252979127e+02
1.237067067067067001e+03 -8.369737738372143667e+02
1.239059059059059109e+03 -8.373040028369251786e+02
1.241051051051050990e+03 -8.376340010620323255e+02
1.243043043043043099e+03 -8.379637690479454477e+02
1.245035035035034980e+03 -8.382933073279733662e+02
1.247027027027027088e+03 -8.386226164331861810e+02
1.249019019019018970e+03 -8.389516968926135405e+02
1.251011011011011078e+03 -8.392805492330808192e+02
1.253003003003002959e+03 -8.396091739793178022e+02
1.254994994994995068e+03 -8.399375716539890391e+02
1.256986986986986949e+03 -8.402657427776490522e+02
1.258978978978979058e+03 -8.405936878687325589e+02
1.260970970970970939e+03 -8.409214074436786177e+02
1.262962962962963047e+03 -8.412489020168237630e+02
1.264954954954954928e+03 -8.415761721004893161e+02
1.266946946946946809e+03 -8.419032182049090807e+02
1.268938938938938918e+03 -8.422300408384123784e+02
1.270930930930930799e+03 -8.425566405072147518e+02
1.272922922922922908e+03 -8.428830177155439287e+02
1.274914914914914789e+03 -8.432091729656900725e+02
1.276906906906906897e+03 -8.435351067579524624e+02
1.278898898898898778e+03 -8.438608195906462015e+02
1.280890890890890887e+03 -8.441863119601415519e+02
1.282882882882882768e+03 -8.445115843608748492e+02
1.284874874874874877e+03 -8.448366372853508892e+02
1.286866866866866758e+03 -8.451614712241786265e+02
1.288858858858858866e+03 -8.454860866660029615e+02
1.290850850850850748e+03 -8.458104840975917114e+02
1.292842842842842856e+03 -8.461346640038451596e+02
1.294834834834834737e+03 -8.464586268677538783e+02
1.296826826826826846e+03 -8.467823731704795591e+02
1.298818818818818727e+03 -8.471059033912844143e+02
1.300810810810810835e+03 -8.474292180076099612e+02
1.302802802802802717e+03 -8.477523174950607654e+02
1.304794794794794825e+03 -8.480752023273810210e+02
1.306786786786786706e+03 -8.483978729765522075e+02
1.308778778778778815e+03 -8.487203299126967977e+02
1.310770770770770696e+03 -8.490425736041908067e+02
1.312762762762762804e+03 -8.493646045175763675e+02
1.314754754754754686e+03 -8.496864231176172098e+02
1.316746746746746794e+03 -8.500080298673727839e+02
1.318738738738738675e+03 -8.503294252280418277e+02
1.320730730730730784e+03 -8.506506096591793948e+02
1.322722722722722665e+03 -8.509715836185470152e+02
1.324714714714714773e+03 -8.512923475621208809e+02
1.326706706706706655e+03 -8.516129019443377501e+02
1.328698698698698763e+03 -8.519332472176748752e+02
1.330690690690690644e+03 -8.522533838330758726e+02
1.332682682682682753e+03 -8.525733122397858779e+02
1.334674674674674634e+03 -8.528930328852768525e+02
1.336666666666666742e+03 -8.532125462154427851e+02
1.338658658658658624e+03 -8.535318526743858456e+02
1.340650650650650732e+03 -8.538509527046918492e+02
1.342642642642642613e+03 -8.541698467472839411e+02
1.344634634634634494e+03 -8.544885352412964039e+02
1.346626626626626603e+03 -8.548070186243429589e+02
1.348618618618618484e+03 -8.551252973324861841e+02
1.350610610610610593e+03 -8.554433718000153704e+02
1.352602602602602474e+03 -8.557612424596738947e+02
1.354594594594594582e+03 -8.560789097426830949e+02
1.356586586586586463e+03 -8.563963740786190328e+02
1.358578578578578572e+03 -8.567136358954419393e+02
1.360570570570570453e+03 -8.570306956195740895e+02
1.362562562562562562e+03 -8.573475536758585349e+02
1.364554554554554443e+03 -8.576642104876411850e+02
1.366546546546546551e+03 -8.579806664766580298e+02
1.368538538538538432e+03 -8.582969220630720883e+02
1.370530530530530541e+03 -8.586129776656275681e+02
1.372522522522522422e+03 -8.589288337014870649e+02
1.374514514514514531e+03 -8.592444905862145106e+02
1.376506506506506412e+03 -8.595599487340321048e+02
1.378498498498498520e+03 -8.598752085575096089e+02
1.380490490490490401e+03 -8.601902704678709597e+02
1.382482482482482510e+03 -8.605051348746654867e+02
1.384474474474474391e+03 -8.608198021861518328e+02
1.386466466466466500e+03 -8.611342728089844059e+02
1.388458458458458381e+03 -8.614485471484520076e+02
1.390450450450450489e+03 -8.617626256083121916e+02
1.392442442442442371e+03 -8.620765085909804384e+02
1.394434434434434479e+03 -8.623901964972924361e+02
1.396426426426426360e+03 -8.627036897267147424e+02
1.398418418418418469e+03 -8.630169886773481949e+02
1.400410410410410350e+03 -8.633300937458228645e+02
1.402402402402402458e+03 -8.636430053273081739e+02
1.404394394394394340e+03 -8.639557238156760377e+02
1.406386386386386448e+03 -8.642682496033007737e+02
1.408378378378378329e+03 -8.645805830812495287e+02
1.410370370370370438e+03 -8.648927246391486960e+02
1.412362362362362319e+03 -8.652046746652890761e+02
1.414354354354354427e+03 -8.655164335465716476e+02
1.416346346346346309e+03 -8.658280016684949487e+02
1.418338338338338417e+03 -8.661393794153306089e+02
1.420330330330330298e+03 -8.664505671698495917e+02
1.422322322322322179e+03 -8.667615653135843559e+02
1.424314314314314288e+03 -8.670723742266758336e+02
1.426306306306306169e+03 -8.673829942879947339e+02
1.428298298298298278e+03 -8.676934258750632125e+02
1.430290290290290159e+03 -8.680036693640306567e+02
1.432282282282282267e+03 -8.683137251298011279e+02
1.434274274274274148e+03 -8.686235935460032351e+02
1.436266266266266257e+03 -8.689332749849204447e+02
1.438258258258258138e+03 -8.692427698175346222e+02
1.440250250250250247e+03 -8.695520784136416523e+02
1.442242242242242128e+03 -8.698612011415682446e+02
1.444234234234234236e+03 -8.701701383685471001e+02
1.446226226226226117e+03 -8.704788904605795778e+02
1.448218218218218226e+03 -8.707874577821996809e+02
1.450210210210210107e+03 -8.710958406968949248e+02
1.452202202202202216e+03 -8.714040395667927896e+02
1.454194194194194097e+03 -8.717120547527995313e+02
1.456186186186186205e+03 -8.720198866146888577e+02
1.458178178178178086e+03 -8.723275355107848554e+02
1.460170170170170195e+03 -8.726350017984273109e+02
1.462162162162162076e+03 -8.729422858336205309e+02
1.464154154154154185e+03 -8.732493879711593081e+02
1.466146146146146066e+03 -8.735563085646904256e+02
1.468138138138138174e+03 -8.738210257225196074e+02
1.470130130130130055e+03 -8.740434551453887480e+02
1.472122122122122164e+03 -8.742658197344255768e+02
1.474114114114114045e+03 -8.744881194583167598e+02
1.476106106106106154e+03 -8.747103542865153258e+02
1.478098098098098035e+03 -8.749325241891851874e+02
1.480090090090090143e+03 -8.751546291371591906e+02
1.482082082082082024e+03 -8.753766691019109203e+02
1.484074074074074133e+03 -8.755986440556226853e+02
1.486066066066066014e+03 -8.758205539711003667e+02
1.488058058058058123e+03 -8.760423988219037028e+02
1.490050050050050004e+03 -8.762641785821155054e+02
1.492042042042042112e+03 -8.764858932265626663e+02
1.494034034034033994e+03 -8.767075427306240272e+02
1.496026026026026102e+03 -8.769291270704378576e+02
1.498018018018017983e+03 -8.771506462226075200e+02
1.500010010010010092e+03 -8.773721001645114939e+02
1.502002002002001973e+03 -8.775934888740855513e+02
1.503993993993993854e+03 -8.778148123298461769e+02
1.505985985985985963e+03 -8.780360705109270612e+02
1.507977977977977844e+03 -8.782572633971431060e+02
1.509969969969969952e+03 -8.784783909687459982e+02
1.511961961961961833e+03 -8.786994532067571981e+02
1.513953953953953942e+03 -8.789204500926382480e+02
1.515945945945945823e+03 -8.791413816085189410e+02
1.517937937937937932e+03 -8.793622477370311117e+02
1.519929929929929813e+03 -8.795830484614572242e+02
1.521921921921921921e+03 -8.798037837655516569e+02
1.523913913913913802e+03 -8.800244536336978172e+02
1.525905905905905911e+03 -8.802450580508319717e+02
1.527897897897897792e+03 -8.804655970023657119e+02
1.529889889889889901e+03 -8.806860704743506858e+02
1.531881881881881782e+03 -8.809064784533362626e+02
1.533873873873873890e+03 -8.811268209263275821e+02
1.535865865865865771e+03 -8.813470978809411918e+02
1.537857857857857880e+03 -8.815673093053799221e+02
1.539849849849849761e+03 -8.817874551881670868e+02
1.541841841841841870e+03 -8.820075355185482522e+02
1.543833833833833751e+03 -8.822275502862016765e+02
1.545825825825825859e+03 -8.824474994811985198e+02
1.547817817817817740e+03 -8.826673830942762606e+02
1.549809809809809849e+03 -8.828872011166246239e+02
1.551801801801801730e+03 -8.831069535399080905e+02
1.553793793793793839e+03 -8.833266403561867719e+02
1.555785785785785720e+03 -8.835462615581462842e+02
1.557777777777777828e+03 -8.837658171388892470e+02
1.559769769769769709e+03 -8.839853070919381253e+02
1.561761761761761818e+03 -8.842047314114164465e+02
1.563753753753753699e+03 -8.844240900918063062e+02
1.565745745745745808e+03 -8.846433831280221511e+02
1.567737737737737689e+03 -8.848626105155686901e+02
1.569729729729729797e+03 -8.850817722502848710e+02
1.571721721721721678e+03 -8.853008683284680274e+02
1.573713713713713787e+03 -8.855198987469514122e+02
1.575705705705705668e+03 -8.857388635028829640e+02
1.577697697697697777e+03 -8.859577625939512018e+02
1.579689689689689658e+03 -8.861765960182402750e+02
1.581681681681681539e+03 -8.863953637741709599e+02
1.583673673673673647e+03 -8.866140658607665728e+02
1.585665665665665529e+03 -8.868327022772964483e+02
1.587657657657657637e+03 -8.870512730236155221e+02
1.589649649649649518e+03 -8.872697780997801829e+02
1.591641641641641627e+03 -8.874882175065170031e+02
1.593633633633633508e+03 -8.877065912446620359e+02
1.595625625625625617e+03 -8.879248993156722918e+02
1.597617617617617498e+03 -8.881431417214031399e+02
1.599609609609609606e+03 -8.883613184639316387e+02
1.601601601601601487e+03 -8.885794295458216538e+02
1.603593593593593596e+03 -8.887974749701646715e+02
1.605585585585585477e+03 -8.890154547401654099e+02
1.607577577577577586e+03 -8.892333688596645516e+02
1.609569569569569467e+03 -8.894512173326128277e+02
1.611561561561561575e+03 -8.896690001635046201e+02
1.613553553553553456e+03 -8.898867173572866704e+02
1.615545545545545565e+03 -8.901043689190831856e+02
1.617537537537537446e+03 -8.903219548544535655e+02
1.619529529529529555e+03 -8.905394751693504531e+02
1.621521521521521436e+03 -8.907569298700025229e+02
1.623513513513513544e+03 -8.909743189630839879e+02
1.625505505505505425e+03 -8.911916424555865888e+02
1.627497497497497534e+03 -8.914089003548108394e+02
1.629489489489489415e+03 -8.916260926684564083e+02
1.631481481481481524e+03 -8.918432194045155939e+02
1.633473473473473405e+03 -8.920602805712464942e+02
1.635465465465465513e+03 -8.922772761774505170e+02
1.637457457457457394e+03 -8.924942062320862988e+02
1.639449449449449503e+03 -8.927110707445049229e+02
1.641441441441441384e+03 -8.929278697243280476e+02
1.643433433433433493e+03 -8.931446031815573861e+02
1.645425425425425374e+03 -8.933612711264590871e+02
1.647417417417417482e+03 -8.935778735697575712e+02
1.649409409409409363e+03 -8.937944105222637745e+02
1.651401401401401472e+03 -8.940108819952067734e+02
1.653393393393393353e+03 -8.942272880002483362e+02
1.655385385385385462e+03 -8.944436285491112812e+02
1.657377377377377343e+03 -8.946599036539894314e+02
1.659369369369369224e+03 -8.948761133272886354e+02
1.661361361361361332e+03 -8.950922575818053701e+02
1.663353353353353214e+03 -8.953083364305566647e+02
1.665345345345345322e+03 -8.955243498868396728e+02
1.667337337337337203e+03 -8.957402979642813534e+02
1.669329329329329312e+03 -8.959561806766899963e+02
1.671321321321321193e+03 -8.961719980383387565e+02
1.673313313313313301e+03 -8.963877500637213416e+02
1.675305305305305183e+03 -8.966034367674403711e+02
1.677297297297297291e+03 -8.968190581646085775e+02
1.679289289289289172e+03 -8.970346142703330088e+02
1.681281281281281281e+03 -8.972501051003830526e+02
1.683273273273273162e+03 -8.974655306703513133e+02
1.685265265265265271e+03 -8.976808909964909162e+02
1.687257257257257152e+03 -8.978961860950156506e+02
1.689249249249249260e+03 -8.981114159825008301e+02
1.691241241241241141e+03 -8.983265806758965937e+02
1.693233233233233250e+03 -8.985416801922322065e+02
1.695225225225225131e+03 -8.987567145488998221e+02
1.697217217217217240e+03 -8.989716837634224476e+02
1.699209209209209121e+03 -8.991865878538161496e+02
1.701201201201201229e+03 -8.994014268379391979e+02
1.703193193193193110e+03 -8.996162007343796176e+02
1.705185185185185219e+03 -8.998309095614087028e+02
1.707177177177177100e+03 -9.000455533382091744e+02
1.709169169169169209e+03 -9.002601320834370426e+02
1.711161161161161090e+03 -9.004746458181444950e+02
1.713153153153153198e+03 -9.006890945576669765e+02
1.715145145145145079e+03 -9.009034783243700986e+02
1.717137137137137188e+03 -9.011177971406202687e+02
1.719129129129129069e+03 -9.013320510221333279e+02
1.721121121121121178e+03 -9.015462399923875410e+02
1.723113113113113059e+03 -9.017603640710223090e+02
1.725105105105105167e+03 -9.019744232780225275e+02
1.727097097097097048e+03 -9.021884176352434679e+02
1.729089089089089157e+03 -9.024023471642173035e+02
1.731081081081081038e+03 -9.026162118861882391e+02
1.733073073073073147e+03 -9.028300118237860943e+02
1.735065065065065028e+03 -9.030437469967911284e+02
1.737057057057056909e+03 -9.032574174292241196e+02
1.739049049049049017e+03 -9.034710231426440714e+02
1.741041041041040899e+03 -9.036845641595858751e+02
1.743033033033033007e+03 -9.038980405029584517e+02
1.745025025025024888e+03 -9.041114521953337544e+02
1.747017017017016997e+03 -9.043247992590808053e+02
1.749009009009008878e+03 -9.045380817195036798e+02
1.751001001001000986e+03 -9.047512995985856605e+02
1.752992992992992868e+03 -9.049644529208151198e+02
1.754984984984984976e+03 -9.051775417094038403e+02
1.756976976976976857e+03 -9.053905659886506783e+02
1.758968968968968966e+03 -9.056035257829331613e+02
1.760960960960960847e+03 -9.058164211172907017e+02
1.762952952952952955e+03 -9.060292520149671418e+02
1.764944944944944837e+03 -9.062420185011981175e+02
1.766936936936936945e+03 -9.064547206013293135e+02
1.768928928928928826e+03 -9.066673583402974828e+02
1.770920920920920935e+03 -9.068799317431743248e+02
1.772912912912912816e+03 -9.070924408363017619e+02
1.774904904904904924e+03 -9.073048856446931723e+02
1.776896896896896806e+03 -9.075172661939931231e+02
1.778888888888888914e+03 -9.077295825104908999e+02
1.780880880880880795e+03 -9.079418346193075422e+02
1.782872872872872904e+03 -9.081540225486799045e+02
1.784864864864864785e+03 -9.083661463237511953e+02
1.786856856856856894e+03 -9.085782059715158994e+02
1.788848848848848775e+03 -9.087902015191875762e+02
1.790840840840840883e+03 -9.090021329931349783e+02
1.792832832832832764e+03 -9.092140004204533170e+02
1.794824824824824873e+03 -9.094258038281568588e+02
1.796816816816816754e+03 -9.096375432441755038e+02
1.798808808808808863e+03 -9.098492186963071617e+02
1.800800800800800744e+03 -9.100608302135689200e+02
1.802792792792792852e+03 -9.102723778213727428e+02
1.804784784784784733e+03 -9.104838615459846096e+02
1.806776776776776842e+03 -9.106952814211433633e+02
1.808768768768768723e+03 -9.109066374714785752e+02
1.810760760760760832e+03 -9.111179297300074040e+02
1.812752752752752713e+03 -9.113291582145415077e+02
1.814744744744744594e+03 -9.115403229640288600e+02
1.816736736736736702e+03 -9.117514239771024904e+02
1.818728728728728584e+03 -9.119624612362080143e+02
1.820720720720720692e+03 -9.121734350232014776e+02
1.822712712712712573e+03 -9.123843451047060853e+02
1.824704704704704682e+03 -9.125951917174868413e+02
1.826696696696696563e+03 -9.128059745914921450e+02
1.828688688688688671e+03 -9.130166939533255572e+02
1.830680680680680553e+03 -9.132273498141807977e+02
1.832672672672672661e+03 -9.134379421997250574e+02
1.834664664664664542e+03 -9.136484711259070082e+02
1.836656656656656651e+03 -9.138589366110575156e+02
1.838648648648648532e+03 -9.140693390030151022e+02
1.840640640640640640e+03 -9.142796778511512912e+02
1.842632632632632522e+03 -9.144899533683429809e+02
1.844624624624624630e+03 -9.147001655814300420e+02
1.846616616616616511e+03 -9.149103143995229175e+02
1.848608608608608620e+03 -9.151204001775630559e+02
1.850600600600600501e+03 -9.153304227398677995e+02
1.852592592592592609e+03 -9.155403821255213188e+02
1.854584584584584491e+03 -9.157502783770328278e+02
1.856576576576576599e+03 -9.159601115342225057e+02
1.858568568568568480e+03 -9.161698816406368451e+02
1.860560560560560589e+03 -9.163795887274648067e+02
1.862552552552552470e+03 -9.165892323763487184e+02
1.864544544544544578e+03 -9.167988133525215062e+02
1.866536536536536460e+03 -9.170083313873457200e+02
1.868528528528528568e+03 -9.172177865158776058e+02
1.870520520520520449e+03 -9.174271787716553490e+02
1.872512512512512558e+03 -9.176365083278498105e+02
1.874504504504504439e+03 -9.178457748409072110e+02
1.876496496496496547e+03 -9.180549785836489036e+02
1.878488488488488429e+03 -9.182641195786445678e+02
1.880480480480480537e+03 -9.184731978495181011e+02
1.882472472472472418e+03 -9.186822134188636255e+02
1.884464464464464527e+03 -9.188911663084676320e+02
1.886456456456456408e+03 -9.191000565398687741e+02
1.888448448448448517e+03 -9.193088847232229455e+02
1.890440440440440398e+03 -9.195176499675445712e+02
1.892432432432432506e+03 -9.197263526871905697e+02
1.894424424424424387e+03 -9.199349929108291235e+02
1.896416416416416268e+03 -9.201435706684599154e+02
1.898408408408408377e+03 -9.203520859895313606e+02
1.900400400400400258e+03 -9.205605389077041991e+02
1.902392392392392367e+03 -9.207689294623039586e+02
1.904384384384384248e+03 -9.209772575637451837e+02
1.906376376376376356e+03 -9.211855236129770219e+02
1.908368368368368237e+03 -9.213937273957727712e+02
1.910360360360360346e+03 -9.216018689578410203e+02
1.912352352352352227e+03 -9.218099483453562470e+02
1.914344344344344336e+03 -9.220179656056712929e+02
1.916336336336336217e+03 -9.222259202525785895e+02
1.918328328328328325e+03 -9.224338131339641222e+02
1.920320320320320207e+03 -9.226416439524157340e+02
1.922312312312312315e+03 -9.228494127457171317e+02
1.924304304304304196e+03 -9.230571195528981434e+02
1.926296296296296305e+03 -9.232647644131066045e+02
1.928288288288288186e+03 -9.234723473664456606e+02
1.930280280280280294e+03 -9.236798684530456285e+02
1.932272272272272176e+03 -9.238873277128947166e+02
1.934264264264264284e+03 -9.240947251835618772e+02
1.936256256256256165e+03 -9.243020608968460010e+02
1.938248248248248274e+03 -9.245093348759531864e+02
1.940240240240240155e+03 -9.247165471383201520e+02
1.942232232232232263e+03 -9.249236977078078326e+02
1.944224224224224145e+03 -9.251307866241854754e+02
1.946216216216216253e+03 -9.253378139396913866e+02
1.948208208208208134e+03 -9.255447797073027232e+02
1.950200200200200243e+03 -9.257516839727928755e+02
1.952192192192192124e+03 -9.259585267761617615e+02
1.954184184184184232e+03 -9.261653084900457316e+02
1.956176176176176114e+03 -9.263720283858491484e+02
1.958168168168168222e+03 -9.265786868952726536e+02
1.960160160160160103e+03 -9.267852840541606838e+02
1.962152152152152212e+03 -9.269918198980909665e+02
1.964144144144144093e+03 -9.271982944628150562e+02
1.966136136136136201e+03 -9.274047077842509452e+02
1.968128128128128083e+03 -9.276110598982786541e+02
1.970120120120120191e+03 -9.278173508408956422e+02
1.972112112112112072e+03 -9.280235806479180383e+02
1.974104104104103953e+03 -9.282297493554851826e+02
1.976096096096096062e+03 -9.284358569997972381e+02
1.978088088088087943e+03 -9.286419045396895626e+02
1.980080080080080052e+03 -9.288478901418652640e+02
1.982072072072071933e+03 -9.290538148020846165e+02
1.984064064064064041e+03 -9.292596785859096826e+02
1.986056056056055922e+03 -9.294654815398705523e+02
1.988048048048048031e+03 -9.296712225637747906e+02
1.990040040040039912e+03 -9.298769037799277157e+02
1.992032032032032021e+03 -9.300825242234227517e+02
1.994024024024023902e+03 -9.302880839308168106e+02
1.996016016016016010e+03 -9.304935829387576405e+02
1.998008008008007891e+03 -9.306990212838583147e+02
2.000000000000000000e+03 -9.309043990027251994e+02
