9.565565565565565009e+01 -9.751246260498132301e+01
9.963963963963963977e+01 -9.122388842945004228e+01
1.036236236236236152e+02 -8.596963518916344071e+01
1.076076076076076049e+02 -8.087894631480985197e+01
1.115915915915915946e+02 -7.576155477189014675e+01
1.155755755755755700e+02 -7.063114867728022261e+01
1.195595595595595597e+02 -6.549992042995906161e+01
1.235435435435435352e+02 -6.037866895368141229e+01
1.275275275275275249e+02 -5.527689772614686348e+01
1.315115115115115145e+02 -5.020291056398614415e+01
1.354954954954955042e+02 -4.516390580075692895e+01
1.394794794794794655e+02 -4.016606869890052423e+01
1.434634634634634551e+02 -3.521466152076939693e+01
1.474474474474474448e+02 -3.053129865055338499e+01
1.514314314314314345e+02 -2.686159305931692032e+01
1.554154154154154241e+02 -2.324150573656943308e+01
1.593993993993993854e+02 -1.967221605575399934e+01
1.633833833833833751e+02 -1.615455298140204121e+01
1.673673673673673647e+02 -1.268904293593994836e+01
1.713513513513513544e+02 -9.275952048367113179e+00
1.753353353353353441e+02 -5.915323398157670276e+00
1.793193193193193054e+02 -2.607009799691959895e+00
1.833033033033032950e+02 6.492973850950428671e-01
1.872872872872872847e+02 3.854042968421790061e+00
1.912712712712712744e+02 7.007785799652780589e+00
1.952552552552552640e+02 1.011117941639862217e+01
1.992392392392392253e+02 1.316495516648170927e+01
2.032232232232232150e+02 1.616990751628271639e+01
2.072072072072072046e+02 1.912688129067024789e+01
2.111911911911911943e+02 2.203676061677676756e+01
2.151751751751751840e+02 2.490045936845359620e+01
2.191591591591591452e+02 2.771891293046041582e+01
2.231431431431431349e+02 3.049307112159573663e+01
2.271271271271271246e+02 3.322389213408585817e+01
2.311111111111111143e+02 3.591233736287150435e+01
2.350950950950951039e+02 3.855936701302491798e+01
2.390790790790790652e+02 4.106277737759257462e+01
2.430630630630630549e+02 4.330880514669744485e+01
2.470470470470470445e+02 4.552131898020439138e+01
2.510310310310310342e+02 4.770143010735055356e+01
2.550150150150150239e+02 4.985020167705934568e+01
