1.000000000000000000e+01 -4.484451023552783226e+03
1.199199199199199128e+01 -3.701742757653679291e+03
1.398398398398398434e+01 -3.139944246417813702e+03
1.597597597597597563e+01 -2.719346648529618506e+03
1.796796796796796869e+01 -2.399338807085065582e+03
1.995995995995995997e+01 -2.141704906538432624e+03
2.195195195195195126e+01 -1.929734864946915195e+03
2.394394394394394254e+01 -1.752298836134920293e+03
2.593593593593593738e+01 -1.598353777299634658e+03
2.792792792792792866e+01 -1.464935181565774883e+03
2.991991991991991995e+01 -1.348178811701913673e+03
3.191191191191191123e+01 -1.245035221150602865e+03
3.390390390390390252e+01 -1.153177463796409711e+03
3.589589589589589025e+01 -1.071094020221823712e+03
3.788788788788788509e+01 -9.972203607283184965e+02
3.987987987987987992e+01 -9.290190940013741283e+02
4.187187187187187476e+01 -8.654425006093473485e+02
4.386386386386386249e+01 -8.055219389608375877e+02
4.585585585585585733e+01 -7.482720951101083529e+02
4.784784784784784506e+01 -6.925280973782311094e+02
4.983983983983983990e+01 -6.365563224348186395e+02
5.183183183183182763e+01 -5.717707292663767475e+02
5.382382382382382247e+01 -4.593321423387197342e+02
5.581581581581581730e+01 -4.446531347594914223e+02
5.780780780780780503e+01 -4.309857713389702667e+02
5.979979979979979987e+01 -4.182289553977541345e+02
6.179179179179178760e+01 -4.062946265364993792e+02
6.378378378378378244e+01 -3.951057249958318494e+02
6.577577577577577017e+01 -3.845945259073304214e+02
6.776776776776776501e+01 -3.747012673265431886e+02
6.975975975975975985e+01 -3.653730133253445729e+02
7.175175175175175468e+01 -3.571992001715089486e+02
7.374374374374374952e+01 -3.496713345588855191e+02
7.573573573573573015e+01 -3.425394629343434190e+02
7.772772772772772498e+01 -3.357731399133514856e+02
7.971971971971971982e+01 -3.293449631206815411e+02
8.171171171171171466e+01 -3.232302022735563014e+02
8.370370370370369528e+01 -3.174064812275739200e+02
8.569569569569569012e+01 -3.118535043675862539e+02
8.768768768768768496e+01 -3.065528202918765146e+02
8.967967967967967979e+01 -3.014876169910448880e+02
9.167167167167167463e+01 -2.966425437310224424e+02
9.366366366366365526e+01 -2.920035556647040949e+02
9.565565565565565009e+01 -2.875577778589963600e+02
9.764764764764764493e+01 -2.833212972782313841e+02
9.963963963963963977e+01 -2.799768252211196682e+02
1.016316316316316346e+02 -2.767634572592242534e+02
1.036236236236236152e+02 -2.736736326173475504e+02
1.056156156156156101e+02 -2.707003609285053471e+02
1.076076076076076049e+02 -2.678371694380036274e+02
1.095995995995995997e+02 -2.650780559649664383e+02
1.115915915915915946e+02 -2.624174469018922764e+02
1.135835835835835752e+02 -2.598501596337511046e+02
1.155755755755755700e+02 -2.573713688434134497e+02
1.175675675675675649e+02 -2.549765762424802631e+02
1.195595595595595597e+02 -2.526615833280147569e+02
1.215515515515515546e+02 -2.504224668180587798e+02
1.235435435435435352e+02 -2.482555564635849521e+02
1.255355355355355300e+02 -2.461574149729243572e+02
1.275275275275275249e+02 -2.441248198176863013e+02
1.295195195195195197e+02 -2.421547467176135342e+02
1.315115115115115145e+02 -2.402443546263571363e+02
1.335035035035035094e+02 -2.383909720614049661e+02
1.354954954954955042e+02 -2.365920846398371111e+02
1.374874874874874990e+02 -2.348453236976131109e+02
1.394794794794794655e+02 -2.331484558840672605e+02
1.414714714714714603e+02 -2.314993736354964824e+02
1.434634634634634551e+02 -2.298960864423912085e+02
1.454554554554554500e+02 -2.283367128342322587e+02
1.474474474474474448e+02 -2.268194730139924502e+02
1.494394394394394396e+02 -2.254630415481494765e+02
1.514314314314314345e+02 -2.241641014629133792e+02
1.534234234234234293e+02 -2.228988912761521703e+02
1.554154154154154241e+02 -2.216661140183057341e+02
1.574074074074073906e+02 -2.204645383724543422e+02
1.593993993993993854e+02 -2.192929945720594844e+02
1.613913913913913802e+02 -2.181503706024999190e+02
1.633833833833833751e+02 -2.170356086804763720e+02
1.653753753753753699e+02 -2.159477019878558792e+02
1.673673673673673647e+02 -2.148856916387557874e+02
1.693593593593593596e+02 -2.138486638606671022e+02
1.713513513513513544e+02 -2.128357473721963231e+02
1.733433433433433493e+02 -2.118461109416115846e+02
1.753353353353353441e+02 -2.108789611118131404e+02
1.773273273273273105e+02 -2.099335400786423520e+02
1.793193193193193054e+02 -2.090091237106051096e+02
1.813113113113113002e+02 -2.081050196991338339e+02
1.833033033033032950e+02 -2.072205658294582520e+02
1.852952952952952899e+02 -2.063551283630095270e+02
1.872872872872872847e+02 -2.055081005230519509e+02
1.892792792792792795e+02 -2.046789010759389953e+02
1.912712712712712744e+02 -2.038669730010237799e+02
1.932632632632632692e+02 -2.030717822428234740e+02
1.952552552552552640e+02 -2.022928165395684914e+02
1.972472472472472305e+02 -2.015295843227329726e+02
1.992392392392392253e+02 -2.007816136825805984e+02
2.012312312312312201e+02 -2.000484513951506642e+02
2.032232232232232150e+02 -1.993296620064695617e+02
2.052152152152152098e+02 -1.986248269700977573e+02
2.072072072072072046e+02 -1.979335438344253930e+02
2.091991991991991995e+02 -1.972554254763977042e+02
2.111911911911911943e+02 -1.965900993786077322e+02
2.131831831831831892e+02 -1.959372069469172857e+02
2.151751751751751840e+02 -1.952964028659809799e+02
2.171671671671671504e+02 -1.946673544902400010e+02
2.191591591591591452e+02 -1.940497412681277183e+02
2.211511511511511401e+02 -1.934432541973936281e+02
2.231431431431431349e+02 -1.928475953096019850e+02
2.251351351351351298e+02 -1.922624771819963314e+02
2.271271271271271246e+02 -1.916876224750511142e+02
2.291191191191191194e+02 -1.911227634941474491e+02
2.311111111111111143e+02 -1.905676417739159376e+02
2.331031031031031091e+02 -1.900220076838923262e+02
2.350950950950951039e+02 -1.894856200542207887e+02
2.370870870870870704e+02 -1.889582458202264093e+02
2.390790790790790652e+02 -1.884396596847550995e+02
2.410710710710710600e+02 -1.879296437972562046e+02
2.430630630630630549e+02 -1.874279874486431368e+02
2.450550550550550497e+02 -1.869344867810376343e+02
2.470470470470470445e+02 -1.864489445115564195e+02
2.490390390390390394e+02 -1.859731951740014040e+02
2.510310310310310342e+02 -1.855073387192996677e+02
2.530230230230230291e+02 -1.850488174257710341e+02
2.550150150150150239e+02 -1.845974594025683189e+02
2.570070070070070187e+02 -1.841530980879628316e+02
2.589989989989990136e+02 -1.837155720444098677e+02
2.609909909909910084e+02 -1.832847247629992466e+02
2.629829829829830032e+02 -1.828604044767925529e+02
2.649749749749749981e+02 -1.824424639825813586e+02
2.669669669669669361e+02 -1.820307604706234201e+02
2.689589589589589309e+02 -1.816251553619466108e+02
2.709509509509509257e+02 -1.812255141528284810e+02
2.729429429429429206e+02 -1.808317062660863144e+02
2.749349349349349154e+02 -1.804436049088324694e+02
2.769269269269269103e+02 -1.800610869363675874e+02
2.789189189189189051e+02 -1.796840327219072719e+02
2.809109109109108999e+02 -1.793123260318512564e+02
2.829029029029028948e+02 -1.789458539063215312e+02
2.848948948948948896e+02 -1.785845065447129230e+02
2.868868868868868844e+02 -1.782281771960115577e+02
2.888788788788788793e+02 -1.778767620536507650e+02
2.908708708708708741e+02 -1.775301601546879056e+02
2.928628628628628690e+02 -1.771882732830959526e+02
2.948548548548548638e+02 -1.768510058769743409e+02
2.968468468468468586e+02 -1.765182649394966461e+02
2.988388388388388535e+02 -1.761899599534196170e+02
3.008308308308308483e+02 -1.758660027989886032e+02
3.028228228228228431e+02 -1.755463076750833125e+02
3.048148148148147811e+02 -1.752307910234553106e+02
3.068068068068067760e+02 -1.749193714559169450e+02
3.087987987987987708e+02 -1.746119696843485656e+02
3.107907907907907656e+02 -1.743085084533975362e+02
3.127827827827827605e+02 -1.740089124757481329e+02
3.147747747747747553e+02 -1.737131083698504881e+02
3.167667667667667502e+02 -1.734210245999979350e+02
3.187587587587587450e+02 -1.731325914186519412e+02
3.207507507507507398e+02 -1.728477408109155533e+02
3.227427427427427347e+02 -1.725664064410639185e+02
3.247347347347347295e+02 -1.722885236010419590e+02
3.267267267267267243e+02 -1.720140291608460643e+02
3.287187187187187192e+02 -1.717428615207111307e+02
3.307107107107107140e+02 -1.714749605650235651e+02
3.327027027027027088e+02 -1.712102676178916454e+02
3.346946946946947037e+02 -1.709487254003015551e+02
3.366866866866866985e+02 -1.706902779887943780e+02
3.386786786786786934e+02 -1.704348707756018655e+02
3.406706706706706882e+02 -1.701824504301804097e+02
3.426626626626626830e+02 -1.699329648620864930e+02
3.446546546546546210e+02 -1.696863631851402658e+02
3.466466466466466159e+02 -1.694425956828235371e+02
3.486386386386386107e+02 -1.692016137748656206e+02
3.506306306306306055e+02 -1.689633699849666471e+02
3.526226226226226004e+02 -1.687278179096156236e+02
3.546146146146145952e+02 -1.684949121879592724e+02
3.566066066066065900e+02 -1.682646084726810045e+02
3.585985985985985849e+02 -1.680368634018500700e+02
3.605905905905905797e+02 -1.678116345717040190e+02
3.625825825825825746e+02 -1.675888805103282380e+02
3.645745745745745694e+02 -1.673685606521986813e+02
3.665665665665665642e+02 -1.671506353135538347e+02
3.685585585585585591e+02 -1.669350656685667218e+02
3.705505505505505539e+02 -1.667218137262838979e+02
3.725425425425425487e+02 -1.665108423083051434e+02
3.745345345345345436e+02 -1.663021150271757449e+02
3.765265265265265384e+02 -1.660955962654638824e+02
3.785185185185185333e+02 -1.658912511554990203e+02
3.805105105105105281e+02 -1.656890455597468872e+02
3.825025025025025229e+02 -1.654889460517971713e+02
3.844944944944944609e+02 -1.652909198979429846e+02
3.864864864864864558e+02 -1.650949350393293571e+02
3.884784784784784506e+02 -1.649009600746507829e+02
3.904704704704704454e+02 -1.647089642433792847e+02
3.924624624624624403e+02 -1.645189174095022793e+02
3.944544544544544351e+02 -1.643307900457537016e+02
3.964464464464464299e+02 -1.641445532183206240e+02
3.984384384384384248e+02 -1.639601785720079192e+02
4.004304304304304196e+02 -1.637776383158468718e+02
4.024224224224224145e+02 -1.635969052091297726e+02
4.044144144144144093e+02 -1.634179525478589881e+02
4.064064064064064041e+02 -1.632407541515928813e+02
4.083983983983983990e+02 -1.630652843506773593e+02
4.103903903903903938e+02 -1.628915179738500001e+02
4.123823823823823886e+02 -1.627194303362020662e+02
4.143743743743743835e+02 -1.625489972274889681e+02
4.163663663663663783e+02 -1.623801949007753365e+02
4.183583583583583732e+02 -1.622130000614051539e+02
4.203503503503503680e+02 -1.620473898562852071e+02
4.223423423423423060e+02 -1.618833418634717134e+02
4.243343343343343008e+02 -1.617208340820507715e+02
4.263263263263262957e+02 -1.615598449223018065e+02
4.283183183183182905e+02 -1.614003531961357112e+02
4.303103103103102853e+02 -1.612423381077990143e+02
4.323023023023022802e+02 -1.610857792448348107e+02
4.342942942942942750e+02 -1.609306565692918412e+02
4.362862862862862698e+02 -1.607769504091754982e+02
4.382782782782782647e+02 -1.606246414501308948e+02
4.402702702702702595e+02 -1.604737107273525396e+02
4.422622622622622544e+02 -1.603241396177122340e+02
4.442542542542542492e+02 -1.601759098320988812e+02
4.462462462462462440e+02 -1.600290034079631312e+02
4.482382382382382389e+02 -1.598834027020615736e+02
4.502302302302302337e+02 -1.597390903833924938e+02
4.522222222222222285e+02 -1.595960494263196097e+02
4.542142142142142234e+02 -1.594542631038756895e+02
4.562062062062062182e+02 -1.593137149812414179e+02
4.581981981981982130e+02 -1.591743889093959581e+02
4.601901901901902079e+02 -1.590362690189308807e+02
4.621821821821821459e+02 -1.588993397140242223e+02
4.641741741741741407e+02 -1.587635856665705489e+02
4.661661661661661356e+02 -1.586289918104608034e+02
4.681581581581581304e+02 -1.584955433360083532e+02
4.701501501501501252e+02 -1.583632256845168627e+02
4.721421421421421201e+02 -1.582320245429857266e+02
4.741341341341341149e+02 -1.581019258389483184e+02
4.761261261261261097e+02 -1.579729157354407789e+02
4.781181181181181046e+02 -1.578449806260961168e+02
4.801101101101100994e+02 -1.577181071303602948e+02
4.821021021021020942e+02 -1.575922820888270905e+02
4.840940940940940891e+02 -1.574674925586879510e+02
4.860860860860860839e+02 -1.573437258092940567e+02
4.880780780780780788e+02 -1.572209693178271550e+02
4.900700700700700736e+02 -1.570992107650752700e+02
4.920620620620620684e+02 -1.569784380313112990e+02
4.940540540540540633e+02 -1.568586391922722214e+02
4.960460460460460581e+02 -1.567398025152336345e+02
4.980380380380380529e+02 -1.566219164551798428e+02
5.000300300300300478e+02 -1.565049696510646982e+02
5.020220220220219858e+02 -1.563889509221616834e+02
5.040140140140139806e+02 -1.562738492645005408e+02
5.060060060060059755e+02 -1.561596538473883697e+02
5.079979979979979703e+02 -1.560463540100120667e+02
5.099899899899899651e+02 -1.559339392581203754e+02
5.119819819819819600e+02 -1.558223992607842945e+02
5.139739739739738980e+02 -1.557117238472315535e+02
5.159659659659660065e+02 -1.556019030037552682e+02
5.179579579579578876e+02 -1.554929268706938217e+02
5.199499499499499962e+02 -1.553847857394797529e+02
5.219419419419418773e+02 -1.552774700497566869e+02
5.239339339339338721e+02 -1.551709703865618337e+02
5.259259259259258670e+02 -1.550652774775723231e+02
5.279179179179178618e+02 -1.549603821904144070e+02
5.299099099099098567e+02 -1.548562755300328320e+02
5.319019019019018515e+02 -1.547529486361197542e+02
5.338938938938938463e+02 -1.546503927806005834e+02
5.358858858858858412e+02 -1.544019883263972304e+02
5.378778778778778360e+02 -1.538301716800103520e+02
5.398698698698698308e+02 -1.532625747696897918e+02
5.418618618618618257e+02 -1.526991510576678479e+02
5.438538538538538205e+02 -1.521398546879990477e+02
5.458458458458458153e+02 -1.515846404741183733e+02
5.478378378378378102e+02 -1.510334638866720525e+02
5.498298298298298050e+02 -1.504862810416122727e+02
5.518218218218217999e+02 -1.499430486885496521e+02
5.538138138138137947e+02 -1.494037241993579244e+02
5.558058058058057895e+02 -1.488682655570225393e+02
5.577977977977977844e+02 -1.483366313447289428e+02
5.597897897897897792e+02 -1.478087807351836886e+02
5.617817817817817740e+02 -1.472846734801624393e+02
5.637737737737737689e+02 -1.467642699002801123e+02
5.657657657657657637e+02 -1.462475308749766043e+02
5.677577577577577586e+02 -1.457344178327134614e+02
5.697497497497497534e+02 -1.452248927413766353e+02
5.717417417417417482e+02 -1.447189180988791009e+02
5.737337337337337431e+02 -1.442164569239597256e+02
5.757257257257257379e+02 -1.437174727471733604e+02
5.777177177177177327e+02 -1.432219296020666661e+02
5.797097097097097276e+02 -1.427297920165364360e+02
5.817017017017017224e+02 -1.422410250043652979e+02
5.836936936936937173e+02 -1.417555940569305051e+02
5.856856856856857121e+02 -1.412734651350824890e+02
5.876776776776777069e+02 -1.407946046611878330e+02
5.896696696696697018e+02 -1.403189795113342200e+02
5.916616616616616966e+02 -1.398465570076924109e+02
5.936536536536536914e+02 -1.393773049110321836e+02
5.956456456456456863e+02 -1.389111914133883943e+02
5.976376376376376811e+02 -1.384481851308735827e+02
5.996296296296295623e+02 -1.379882550966341626e+02
6.016216216216215571e+02 -1.375313707539462484e+02
6.036136136136135519e+02 -1.370775019494482194e+02
6.056056056056055468e+02 -1.366266189265070352e+02
6.075975975975975416e+02 -1.361786923187149227e+02
6.095895895895895364e+02 -1.357336931435133920e+02
6.115815815815815313e+02 -1.352915927959421651e+02
6.135735735735735261e+02 -1.348523630425097508e+02
6.155655655655655210e+02 -1.344159760151829914e+02
6.175575575575575158e+02 -1.339824042054929123e+02
6.195495495495495106e+02 -1.335516204587542290e+02
6.215415415415415055e+02 -1.331235979683964956e+02
6.235335335335335003e+02 -1.326983102704030273e+02
6.255255255255254951e+02 -1.322757312378568884e+02
6.275175175175174900e+02 -1.318558350755902495e+02
6.295095095095094848e+02 -1.314385963149356940e+02
6.315015015015014797e+02 -1.310239898085766583e+02
6.334934934934934745e+02 -1.306119907254950192e+02
6.354854854854854693e+02 -1.302025745460136648e+02
6.374774774774774642e+02 -1.297957170569322898e+02
6.394694694694694590e+02 -1.293913943467538559e+02
6.414614614614614538e+02 -1.289895828009998979e+02
6.434534534534534487e+02 -1.285902590976132274e+02
6.454454454454454435e+02 -1.281934002024453321e+02
6.474374374374374383e+02 -1.277989833648274782e+02
6.494294294294294332e+02 -1.274069861132229278e+02
6.514214214214214280e+02 -1.270173862509592766e+02
6.534134134134134229e+02 -1.266301618520386683e+02
6.554054054054054177e+02 -1.262452912570244479e+02
6.573973973973974125e+02 -1.258627530690026077e+02
6.593893893893894074e+02 -1.254825261496162909e+02
6.613813813813814022e+02 -1.251045896151724577e+02
6.633733733733733970e+02 -1.247289228328179291e+02
6.653653653653653919e+02 -1.243555054167846663e+02
6.673573573573573867e+02 -1.239843172247023091e+02
6.693493493493493816e+02 -1.236153383539761421e+02
6.713413413413413764e+02 -1.232485491382300182e+02
6.733333333333333712e+02 -1.228839301438122504e+02
6.753253253253253661e+02 -1.225214621663629373e+02
6.773173173173172472e+02 -1.221611262274425940e+02
6.793093093093092421e+02 -1.218029035712196304e+02
6.813013013013012369e+02 -1.214467756612158951e+02
6.832932932932932317e+02 -1.210927241771095879e+02
6.852852852852852266e+02 -1.207407310115932972e+02
6.872772772772772214e+02 -1.203907782672873168e+02
6.892692692692692162e+02 -1.200428482537058272e+02
6.912612612612612111e+02 -1.196969234842764251e+02
6.932532532532532059e+02 -1.193529866734099016e+02
6.952452452452452007e+02 -1.190110207336214501e+02
6.972372372372371956e+02 -1.186710087727004606e+02
6.992292292292291904e+02 -1.183329340909292000e+02
7.012212212212211853e+02 -1.179967801783486294e+02
7.032132132132131801e+02 -1.176625307120706907e+02
7.052052052052051749e+02 -1.173301695536362672e+02
7.071971971971971698e+02 -1.169996807464178659e+02
7.091891891891891646e+02 -1.166710485130656849e+02
7.111811811811811594e+02 -1.163442572529969823e+02
7.131731731731731543e+02 -1.160192915399275506e+02
7.151651651651651491e+02 -1.156961361194440201e+02
7.171571571571571440e+02 -1.153747759066171028e+02
7.191491491491491388e+02 -1.150551959836543006e+02
7.211411411411411336e+02 -1.147373815975913658e+02
7.231331331331331285e+02 -1.144213181580220748e+02
7.251251251251251233e+02 -1.141069912348657738e+02
7.271171171171171181e+02 -1.137943865561706076e+02
7.291091091091091130e+02 -1.134834900059539677e+02
7.311011011011011078e+02 -1.131742876220775429e+02
7.330930930930931027e+02 -1.128667655941569166e+02
7.350850850850850975e+02 -1.125609102615057679e+02
7.370770770770770923e+02 -1.122567081111127578e+02
7.390690690690690872e+02 -1.119541457756515115e+02
7.410610610610610820e+02 -1.116532100315225478e+02
7.430530530530530768e+02 -1.113538877969268270e+02
7.450450450450450717e+02 -1.110561661299700944e+02
7.470370370370370665e+02 -1.107600322267975770e+02
7.490290290290290613e+02 -1.104654734197583110e+02
7.510210210210210562e+02 -1.101724771755991554e+02
7.530130130130130510e+02 -1.098810310936867012e+02
7.550050050050050459e+02 -1.095911229042582136e+02
7.569969969969969270e+02 -1.093027404666994187e+02
7.589889889889889218e+02 -1.090158717678498164e+02
7.609809809809809167e+02 -1.087305049203345817e+02
7.629729729729729115e+02 -1.084466281609225433e+02
7.649649649649649064e+02 -1.081642298489096419e+02
7.669569569569569012e+02 -1.078832984645280817e+02
7.689489489489488960e+02 -1.076038226073794988e+02
7.709409409409408909e+02 -1.073257909948930404e+02
7.729329329329328857e+02 -1.070491924608070349e+02
7.749249249249248805e+02 -1.067740159536740236e+02
7.769169169169168754e+02 -1.065002505353889433e+02
7.789089089089088702e+02 -1.062278853797395612e+02
7.809009009009008651e+02 -1.059569097709798200e+02
7.828928928928928599e+02 -1.056873131024239143e+02
7.848848848848848547e+02 -1.054190848750628504e+02
7.868768768768768496e+02 -1.051522146962011561e+02
7.888688688688688444e+02 -1.048866922781148645e+02
7.908608608608608392e+02 -1.046225074367293360e+02
7.928528528528528341e+02 -1.043596500903173450e+02
7.948448448448448289e+02 -1.040981102582164368e+02
7.968368368368368237e+02 -1.038378780595658100e+02
7.988288288288288186e+02 -1.035789437120619425e+02
8.008208208208208134e+02 -1.033212975307326786e+02
8.028128128128128083e+02 -1.030649299267300307e+02
8.048048048048048031e+02 -1.028098314061402760e+02
8.067967967967967979e+02 -1.025559925688119876e+02
8.087887887887887928e+02 -1.023034041072016151e+02
8.107807807807807876e+02 -1.020520568052357078e+02
8.127727727727727824e+02 -1.018019415371899754e+02
8.147647647647647773e+02 -1.015530492665848641e+02
8.167567567567567721e+02 -1.013053710450973739e+02
8.187487487487487670e+02 -1.010588980114884805e+02
8.207407407407407618e+02 -1.008136213905463592e+02
8.227327327327327566e+02 -1.005695324920450560e+02
8.247247247247247515e+02 -1.003266227097181371e+02
8.267167167167167463e+02 -1.000848835202469758e+02
8.287087087087087411e+02 -9.984430648226401672e+01
8.307007007007007360e+02 -9.960488323537030908e+01
8.326926926926927308e+02 -9.936660549916665275e+01
8.346846846846846120e+02 -9.912946507229928272e+01
8.366766766766766068e+02 -9.889345383151891156e+01
8.386686686686686016e+02 -9.865856373075295949e+01
8.406606606606605965e+02 -9.842478680019142701e+01
8.426526526526525913e+02 -9.819211514538525876e+01
8.446446446446445862e+02 -9.796054094635788090e+01
8.466366366366365810e+02 -9.773005645672891717e+01
8.486286286286285758e+02 -9.750065400285070893e+01
8.506206206206205707e+02 -9.727232598295630339e+01
8.526126126126125655e+02 -9.704506486632006101e+01
8.546046046046045603e+02 -9.681886319242958905e+01
8.565965965965965552e+02 -9.659371357016942738e+01
8.585885885885885500e+02 -9.636960867701583311e+01
8.605805805805805448e+02 -9.614654125824307584e+01
8.625725725725725397e+02 -9.592450412614076072e+01
8.645645645645645345e+02 -9.570349015924135472e+01
8.665565565565565294e+02 -9.548349230155919543e+01
8.685485485485485242e+02 -9.526450356183933366e+01
8.705405405405405190e+02 -9.504651701281721898e+01
8.725325325325325139e+02 -9.482952579048799180e+01
8.745245245245245087e+02 -9.461352309338610667e+01
8.765165165165165035e+02 -9.439850218187470432e+01
8.785085085085084984e+02 -9.418445637744468968e+01
8.805005005005004932e+02 -9.397137906202311797e+01
8.824924924924924881e+02 -9.375926367729127264e+01
8.844844844844844829e+02 -9.354810372401173879e+01
8.864764764764764777e+02 -9.333789276136444357e+01
8.884684684684684726e+02 -9.312862440629209004e+01
8.904604604604604674e+02 -9.292029233285380485e+01
8.924524524524524622e+02 -9.271289027158773877e+01
8.944444444444444571e+02 -9.250641200888229321e+01
8.964364364364364519e+02 -9.230085138635544695e+01
8.984284284284284468e+02 -9.209620230024262355e+01
9.004204204204204416e+02 -9.189245870079237477e+01
9.024124124124124364e+02 -9.168961459167036310e+01
9.044044044044044313e+02 -9.148766402937107500e+01
9.063963963963964261e+02 -9.128660112263719384e+01
9.083883883883884209e+02 -9.108642003188693081e+01
9.103803803803804158e+02 -9.088711496864850403e+01
9.123723723723722969e+02 -9.068868019500226296e+01
9.143643643643642918e+02 -9.049111002303003204e+01
9.163563563563562866e+02 -9.029439881427157388e+01
9.183483483483482814e+02 -9.009854097918835691e+01
9.203403403403402763e+02 -8.990353097663390258e+01
9.223323323323322711e+02 -8.970936331333150804e+01
9.243243243243242659e+02 -8.951603254335799420e+01
9.263163163163162608e+02 -8.932353326763502821e+01
9.283083083083082556e+02 -8.913186013342617287e+01
9.303003003003002505e+02 -8.894100783384097042e+01
9.322922922922922453e+02 -8.875097110734493810e+01
9.342842842842842401e+02 -8.856174473727624274e+01
9.362762762762762350e+02 -8.837332355136824447e+01
9.382682682682682298e+02 -8.818570242127829317e+01
9.402602602602602246e+02 -8.799887626212233727e+01
9.422522522522522195e+02 -8.781284003201577093e+01
9.442442442442442143e+02 -8.762758873161959627e+01
9.462362362362362092e+02 -8.744311740369280983e+01
9.482282282282282040e+02 -8.725942113265006128e+01
9.502202202202201988e+02 -8.707649504412523811e+01
9.522122122122121937e+02 -8.689433430454003826e+01
9.542042042042041885e+02 -8.671293412067846873e+01
9.561961961961961833e+02 -8.653228973926633216e+01
9.581881881881881782e+02 -8.635239644655595725e+01
9.601801801801801730e+02 -8.617324956791638613e+01
9.621721721721721678e+02 -8.599484446742832233e+01
9.641641641641641627e+02 -8.581717654748419477e+01
9.661561561561561575e+02 -8.564024124839333751e+01
9.681481481481481524e+02 -8.546403404799184500e+01
9.701401401401401472e+02 -8.528855046125730155e+01
9.721321321321321420e+02 -8.511378603992831415e+01
9.741241241241241369e+02 -8.493973637212839378e+01
9.761161161161161317e+02 -8.476639708199515155e+01
9.781081081081081265e+02 -8.459376382931314708e+01
9.801001001001001214e+02 -8.442183230915183856e+01
9.820920920920921162e+02 -8.425059825150772497e+01
9.840840840840841111e+02 -8.408005742095083690e+01
9.860760760760761059e+02 -8.391020561627541952e+01
9.880680680680681007e+02 -8.374103867015516300e+01
9.900600600600600956e+02 -8.357255244880218470e+01
9.920520520520519767e+02 -8.340474285163034551e+01
9.940440440440439716e+02 -8.323760581092268751e+01
9.960360360360359664e+02 -8.307113729150263737e+01
9.980280280280279612e+02 -8.290533329040927413e+01
1.000020020020019956e+03 -8.274018983657661863e+01
1.002012012012011951e+03 -8.257570299051636198e+01
1.004004004004003946e+03 -8.241186884400474355e+01
1.005995995995995941e+03 -8.224868351977309544e+01
1.007987987987987935e+03 -8.208614317120178328e+01
1.009979979979979930e+03 -8.192424398201806923e+01
1.011971971971971925e+03 -8.176298216599742830e+01
1.013963963963963920e+03 -8.160235396666840302e+01
1.015955955955955915e+03 -8.144235565702085466e+01
1.017947947947947910e+03 -8.128298353921782393e+01
1.019939939939939904e+03 -8.112423394431041856e+01
1.021931931931931899e+03 -8.096610323195655212e+01
1.023923923923923894e+03 -8.080858779014251070e+01
1.025915915915915775e+03 -8.065168403490790183e+01
1.027907907907907884e+03 -8.049538841007398560e+01
1.029899899899899992e+03 -8.033969738697480523e+01
1.031891891891891873e+03 -8.018460746419179941e+01
1.033883883883883755e+03 -8.003011516729127095e+01
1.035875875875875863e+03 -7.987621704856479710e+01
1.037867867867867744e+03 -7.972290968677293677e+01
1.039859859859859853e+03 -7.957018968689166627e+01
1.041851851851851734e+03 -7.941805367986161457e+01
1.043843843843843842e+03 -7.926649832234058124e+01
1.045835835835835724e+03 -7.911552029645839923e+01
1.047827827827827832e+03 -7.896511630957485295e+01
1.049819819819819713e+03 -7.881528309404041011e+01
1.051811811811811822e+03 -7.866601740695948308e+01
1.053803803803803703e+03 -7.851731602995656090e+01
1.055795795795795812e+03 -7.836917576894471438e+01
1.057787787787787693e+03 -7.822159345389718510e+01
1.059779779779779801e+03 -7.807456593862094962e+01
1.061771771771771682e+03 -7.792809010053341012e+01
1.063763763763763791e+03 -7.778216284044108875e+01
1.065755755755755672e+03 -7.763678108232139152e+01
1.067747747747747781e+03 -7.749194177310604914e+01
1.069739739739739662e+03 -7.734764188246769834e+01
1.071731731731731770e+03 -7.720387840260845280e+01
1.073723723723723651e+03 -7.706064834805087571e+01
1.075715715715715760e+03 -7.691794875543135390e+01
1.077707707707707641e+03 -7.677577668329581684e+01
1.079699699699699750e+03 -7.663412921189740246e+01
1.081691691691691631e+03 -7.649300344299679466e+01
1.083683683683683739e+03 -7.635239649966446507e+01
1.085675675675675620e+03 -7.621230552608523112e+01
1.087667667667667729e+03 -7.607272768736471846e+01
1.089659659659659610e+03 -7.593366016933845231e+01
1.091651651651651719e+03 -7.579510017838244096e+01
1.093643643643643600e+03 -7.565704494122627466e+01
1.095635635635635708e+03 -7.551949170476798656e+01
1.097627627627627589e+03 -7.538243773589118746e+01
1.099619619619619698e+03 -7.524588032128387738e+01
1.101611611611611579e+03 -7.510981676725951672e+01
1.103603603603603688e+03 -7.497424439957983111e+01
1.105595595595595569e+03 -7.483916056327969102e+01
1.107587587587587677e+03 -7.470456262249365409e+01
1.109579579579579558e+03 -7.457044796028466749e+01
1.111571571571571440e+03 -7.443681397847450398e+01
1.113563563563563548e+03 -7.430365809747561912e+01
1.115555555555555429e+03 -7.417097775612576527e+01
1.117547547547547538e+03 -7.403877041152314575e+01
1.119539539539539419e+03 -7.390703353886443949e+01
1.121531531531531527e+03 -7.377576463128387729e+01
1.123523523523523409e+03 -7.364496119969417975e+01
1.125515515515515517e+03 -7.351462077262938521e+01
1.127507507507507398e+03 -7.338474089608904194e+01
1.129499499499499507e+03 -7.325531913338421930e+01
1.131491491491491388e+03 -7.312635306498528109e+01
1.133483483483483496e+03 -7.299784028837088101e+01
1.135475475475475378e+03 -7.286977841787890497e+01
1.137467467467467486e+03 -7.274216508455887720e+01
1.139459459459459367e+03 -7.261499793602568786e+01
1.141451451451451476e+03 -7.248827463631536716e+01
1.143443443443443357e+03 -7.236199286574169776e+01
1.145435435435435465e+03 -7.223615032075501574e+01
1.147427427427427347e+03 -7.211074471380183581e+01
1.149419419419419455e+03 -7.198577377318640913e+01
1.151411411411411336e+03 -7.186123524293356013e+01
1.153403403403403445e+03 -7.173712688265287341e+01
1.155395395395395326e+03 -7.161344646740433006e+01
1.157387387387387435e+03 -7.149019178756543624e+01
1.159379379379379316e+03 -7.136736064869953111e+01
1.161371371371371424e+03 -7.124495087142564387e+01
1.163363363363363305e+03 -7.112296029128958708e+01
1.165355355355355414e+03 -7.100138675863625792e+01
1.167347347347347295e+03 -7.088022813848355952e+01
1.169339339339339404e+03 -7.075948231039726011e+01
1.171331331331331285e+03 -7.063914716836735863e+01
1.173323323323323393e+03 -7.051922062068570085e+01
1.175315315315315274e+03 -7.039970058982467549e+01
1.177307307307307383e+03 -7.028058501231731725e+01
1.179299299299299264e+03 -7.016187183863848986e+01
1.181291291291291373e+03 -7.004355903308741915e+01
1.183283283283283254e+03 -6.992564457367123509e+01
1.185275275275275362e+03 -6.980812645198993494e+01
1.187267267267267243e+03 -6.969100267312218477e+01
1.189259259259259125e+03 -6.957427125551252800e+01
1.191251251251251233e+03 -6.945793023085958851e+01
1.193243243243243114e+03 -6.934197764400552444e+01
1.195235235235235223e+03 -6.922641155282633463e+01
1.197227227227227104e+03 -6.911123002812367133e+01
1.199219219219219212e+03 -6.899643115351727829e+01
1.201211211211211094e+03 -6.888201302533876458e+01
1.203203203203203202e+03 -6.876797375252643008e+01
1.205195195195195083e+03 -6.865431145652105727e+01
1.207187187187187192e+03 -6.854102427116268359e+01
1.209179179179179073e+03 -6.842811034258862435e+01
1.211171171171171181e+03 -6.831556782913216352e+01
1.213163163163163063e+03 -6.820339490122262305e+01
1.215155155155155171e+03 -6.809158974128602893e+01
1.217147147147147052e+03 -6.798015054364707055e+01
1.219139139139139161e+03 -6.786907551443178477e+01
1.221131131131131042e+03 -6.775836287147147630e+01
1.223123123123123150e+03 -6.764801084420717814e+01
1.225115115115115032e+03 -6.753801767359547625e+01
1.227107107107107140e+03 -6.742838161201486002e+01
1.229099099099099021e+03 -6.731910092317328065e+01
1.231091091091091130e+03 -6.721017388201644849e+01
1.233083083083083011e+03 -6.710159877463715361e+01
1.235075075075075119e+03 -6.699337389818514055e+01
1.237067067067067001e+03 -6.688549756077840414e+01
1.239059059059059109e+03 -6.677796808141471274e+01
1.241051051051050990e+03 -6.667078378988455256e+01
1.243043043043043099e+03 -6.656394302668444141e+01
1.245035035035034980e+03 -6.645744414293149305e+01
1.247027027027027088e+03 -6.635128550027835104e+01
1.249019019019018970e+03 -6.624546547082937309e+01
1.251011011011011078e+03 -6.613998243705732705e+01
1.253003003003002959e+03 -6.603483479172099635e+01
1.254994994994995068e+03 -6.593002093778356709e+01
1.256986986986986949e+03 -6.582553928833169721e+01
1.258978978978979058e+03 -6.572138826649553778e+01
1.260970970970970939e+03 -6.561756630536932278e+01
1.262962962962963047e+03 -6.551407184793275462e+01
1.264954954954954928e+03 -6.541090334697335607e+01
1.266946946946946809e+03 -6.530805926500914893e+01
1.268938938938938918e+03 -6.520553807421234183e+01
1.270930930930930799e+03 -6.510333825633379945e+01
1.272922922922922908e+03 -6.500145830262790980e+01
1.274914914914914789e+03 -6.489989671377843194e+01
1.276906906906906897e+03 -6.479865199982499746e+01
1.278898898898898778e+03 -6.469772268009015193e+01
1.280890890890890887e+03 -6.459710728310717798e+01
1.282882882882882768e+03 -6.449680434654867156e+01
1.284874874874874877e+03 -6.439681241715562976e+01
1.286866866866866758e+03 -6.429713005066722076e+01
1.288858858858858866e+03 -6.419775581175142065e+01
1.290850850850850748e+03 -6.409868827393587765e+01
1.292842842842842856e+03 -6.399992601953991311e+01
1.294834834834834737e+03 -6.390146763960665055e+01
1.296826826826826846e+03 -6.380331173383616061e+01
1.298818818818818727e+03 -6.370545691051911774e+01
1.300810810810810835e+03 -6.360790178647086890e+01
1.302802802802802717e+03 -6.351064498696639760e+01
1.304794794794794825e+03 -6.341368514567564318e+01
1.306786786786786706e+03 -6.331702090459966570e+01
1.308778778778778815e+03 -6.322065091400702386e+01
1.310770770770770696e+03 -6.312457383237118336e+01
1.312762762762762804e+03 -6.302878832630809569e+01
1.314754754754754686e+03 -6.293329307051465804e+01
1.316746746746746794e+03 -6.283808674770740765e+01
1.318738738738738675e+03 -6.274316804856216123e+01
1.320730730730730784e+03 -6.264853567165381776e+01
1.322722722722722665e+03 -6.255418832339698554e+01
1.324714714714714773e+03 -6.246012471798695742e+01
1.326706706706706655e+03 -6.236634357734143208e+01
1.328698698698698763e+03 -6.227284363104239873e+01
1.330690690690690644e+03 -6.217962361627907342e+01
1.332682682682682753e+03 -6.208668227779078563e+01
1.334674674674674634e+03 -6.199401836781074593e+01
1.336666666666666742e+03 -6.190163064601016885e+01
1.338658658658658624e+03 -6.180951787944301401e+01
1.340650650650650732e+03 -6.171767884249110381e+01
1.342642642642642613e+03 -6.162611231680964607e+01
1.344634634634634494e+03 -6.153481709127349575e+01
1.346626626626626603e+03 -6.144379196192372916e+01
1.348618618618618484e+03 -6.135303573191474413e+01
1.350610610610610593e+03 -6.126254721146165849e+01
1.352602602602602474e+03 -6.117232521778854704e+01
1.354594594594594582e+03 -6.108236857507667850e+01
1.356586586586586463e+03 -6.099267611441361936e+01
1.358578578578578572e+03 -6.090324667374247980e+01
1.360570570570570453e+03 -6.081407909781180621e+01
1.362562562562562562e+03 -6.072517223812576503e+01
1.364554554554554443e+03 -6.063652495289487376e+01
1.366546546546546551e+03 -6.054813610698718662e+01
1.368538538538538432e+03 -6.046000457187970056e+01
1.370530530530530541e+03 -6.037212922561040784e+01
1.372522522522522422e+03 -6.028450895273075361e+01
1.374514514514514531e+03 -6.019714264425823558e+01
1.376506506506506412e+03 -6.011002919762986352e+01
1.378498498498498520e+03 -6.002316751665559735e+01
1.380490490490490401e+03 -5.993655651147244612e+01
1.382482482482482510e+03 -5.985019509849884400e+01
1.384474474474474391e+03 -5.976408220038954511e+01
1.386466466466466500e+03 -5.967821674599066739e+01
1.388458458458458381e+03 -5.959259767029551114e+01
1.390450450450450489e+03 -5.950722391440021397e+01
1.392442442442442371e+03 -5.942209442546045040e+01
1.394434434434434479e+03 -5.933720815664787551e+01
1.396426426426426360e+03 -5.925256406710735035e+01
1.398418418418418469e+03 -5.916816112191431642e+01
1.400410410410410350e+03 -5.908399829203276710e+01
1.402402402402402458e+03 -5.900007455427321190e+01
1.404394394394394340e+03 -5.891638889125138689e+01
1.406386386386386448e+03 -5.883294029134703607e+01
1.408378378378378329e+03 -5.874972774866326830e+01
1.410370370370370438e+03 -5.866675026298599960e+01
1.412362362362362319e+03 -5.858400683974397793e+01
1.414354354354354427e+03 -5.850149648996896445e+01
1.416346346346346309e+03 -5.841921823025644755e+01
1.418338338338338417e+03 -5.833717108272645646e+01
1.420330330330330298e+03 -5.825535407498485085e+01
1.422322322322322179e+03 -5.817376624008498709e+01
1.424314314314314288e+03 -5.809240661648951232e+01
1.426306306306306169e+03 -5.801127424803267729e+01
1.428298298298298278e+03 -5.793036818388274867e+01
1.430290290290290159e+03 -5.784968747850508208e+01
1.432282282282282267e+03 -5.776923119162508158e+01
1.434274274274274148e+03 -5.768899838819181269e+01
1.436266266266266257e+03 -5.760898813834165821e+01
1.438258258258258138e+03 -5.752919951736250681e+01
1.440250250250250247e+03 -5.744963160565798432e+01
1.442242242242242128e+03 -5.737028348871236005e+01
1.444234234234234236e+03 -5.729115425705526832e+01
1.446226226226226117e+03 -5.721224300622709080e+01
1.448218218218218226e+03 -5.713354883674445261e+01
1.450210210210210107e+03 -5.705507085406605938e+01
1.452202202202202216e+03 -5.697680816855886121e+01
1.454194194194194097e+03 -5.689875989546426638e+01
1.456186186186186205e+03 -5.682092515486500162e+01
1.458178178178178086e+03 -5.674330307165190845e+01
1.460170170170170195e+03 -5.666589277549119430e+01
1.462162162162162076e+03 -5.658869340079191090e+01
1.464154154154154185e+03 -5.651170408667371703e+01
1.466146146146146066e+03 -5.643492397693473350e+01
1.468138138138138174e+03 -5.635835222002001643e+01
1.470130130130130055e+03 -5.628198796898995226e+01
1.472122122122122164e+03 -5.620583038148897259e+01
1.474114114114114045e+03 -5.612987861971478054e+01
1.476106106106106154e+03 -5.605413185038738533e+01
1.478098098098098035e+03 -5.597858924471885445e+01
1.480090090090090143e+03 -5.590324997838293086e+01
1.482082082082082024e+03 -5.582811323148503391e+01
1.484074074074074133e+03 -5.575317818853274332e+01
1.486066066066066014e+03 -5.567844403840598488e+01
1.488058058058058123e+03 -5.560390997432798343e+01
1.490050050050050004e+03 -5.552957519383615903e+01
1.492042042042042112e+03 -5.545543889875332866e+01
1.494034034034033994e+03 -5.538150029515909978e+01
1.496026026026026102e+03 -5.530775859336163336e+01
1.498018018018017983e+03 -5.523421300786943533e+01
1.500010010010010092e+03 -5.516086275736349620e+01
1.502002002002001973e+03 -5.508770706466961542e+01
1.503993993993993854e+03 -5.501474515673100996e+01
1.505985985985985963e+03 -5.494197626458096551e+01
1.507977977977977844e+03 -5.486939962331593534e+01
1.509969969969969952e+03 -5.479701447206871023e+01
1.511961961961961833e+03 -5.472482005398176597e+01
1.513953953953953942e+03 -5.465281561618099460e+01
1.515945945945945823e+03 -5.458100040974938594e+01
1.517937937937937932e+03 -5.450937368970127039e+01
1.519929929929929813e+03 -5.443793471495628467e+01
1.521921921921921921e+03 -5.436668274831410486e+01
1.523913913913913802e+03 -5.429561705642887404e+01
1.525905905905905911e+03 -5.422473690978415561e+01
1.527897897897897792e+03 -5.415404158266786538e+01
1.529889889889889901e+03 -5.408353035314767254e+01
1.531881881881881782e+03 -5.401320250304620885e+01
1.533873873873873890e+03 -5.394305731791689595e+01
1.535865865865865771e+03 -5.387309408701959512e+01
1.537857857857857880e+03 -5.380331210329668323e+01
1.539849849849849761e+03 -5.373371066334924251e+01
1.541841841841841870e+03 -5.366428906741332838e+01
1.543833833833833751e+03 -5.359504661933667791e+01
1.545825825825825859e+03 -5.352598262655525474e+01
1.547817817817817740e+03 -5.345709640007034125e+01
1.549809809809809849e+03 -5.338838725442546718e+01
1.551801801801801730e+03 -5.331985450768378598e+01
1.553793793793793839e+03 -5.325149748140543693e+01
1.555785785785785720e+03 -5.318331550062524826e+01
1.557777777777777828e+03 -5.311530789383040485e+01
1.559769769769769709e+03 -5.304747399293853505e+01
1.561761761761761818e+03 -5.297981313327569808e+01
1.563753753753753699e+03 -5.291232465355479064e+01
1.565745745745745808e+03 -5.284500789585390379e+01
1.567737737737737689e+03 -5.277786220559502794e+01
1.569729729729729797e+03 -5.271088693152277216e+01
1.571721721721721678e+03 -5.264408142568338889e+01
1.573713713713713787e+03 -5.257744504340375613e+01
1.575705705705705668e+03 -5.251097714327072197e+01
1.577697697697697777e+03 -5.244467708711059117e+01
1.579689689689689658e+03 -5.237854423996856923e+01
1.581681681681681539e+03 -5.231257797008845500e+01
1.583673673673673647e+03 -5.224677764889278109e+01
1.585665665665665529e+03 -5.218114265096256332e+01
1.587657657657657637e+03 -5.211567235401763298e+01
1.589649649649649518e+03 -5.205036613889701869e+01
1.591641641641641627e+03 -5.198522338953918620e+01
1.593633633633633508e+03 -5.192024349296296748e+01
1.595625625625625617e+03 -5.185542583924816995e+01
1.597617617617617498e+03 -5.179076982151649133e+01
1.599609609609609606e+03 -5.172627483591264763e+01
1.601601601601601487e+03 -5.166194028158548690e+01
1.603593593593593596e+03 -5.159776556066939435e+01
1.605585585585585477e+03 -5.153375007826580401e+01
1.607577577577577586e+03 -5.146989324242468200e+01
1.609569569569569467e+03 -5.140619446412646454e+01
1.611561561561561575e+03 -5.134265315726374013e+01
1.613553553553553456e+03 -5.127926873862350732e+01
1.615545545545545565e+03 -5.121604062786907008e+01
1.617537537537537446e+03 -5.115296824752262950e+01
1.619529529529529555e+03 -5.109005102294735678e+01
1.621521521521521436e+03 -5.102728838233024788e+01
1.623513513513513544e+03 -5.096467975666461570e+01
1.625505505505505425e+03 -5.090222457973298020e+01
1.627497497497497534e+03 -5.083992228808990177e+01
1.629489489489489415e+03 -5.077777232104527627e+01
1.631481481481481524e+03 -5.071577412064716128e+01
1.633473473473473405e+03 -5.065392713166532701e+01
1.635465465465465513e+03 -5.059223080157467223e+01
1.637457457457457394e+03 -5.053068458053867573e+01
1.639449449449449503e+03 -5.046928792139306097e+01
1.641441441441441384e+03 -5.040804027962968092e+01
1.643433433433433493e+03 -5.034694111338038169e+01
1.645425425425425374e+03 -5.028598988340093001e+01
1.647417417417417482e+03 -5.022518605305526052e+01
1.649409409409409363e+03 -5.016452908829975854e+01
1.651401401401401472e+03 -5.010401845766738660e+01
1.653393393393393353e+03 -5.004365363225252139e+01
1.655385385385385462e+03 -4.998343408569523660e+01
1.657377377377377343e+03 -4.992335929416615414e+01
1.659369369369369224e+03 -4.986342873635121720e+01
1.661361361361361332e+03 -4.980364189343661963e+01
1.663353353353353214e+03 -4.974399824909386325e+01
1.665345345345345322e+03 -4.968449728946477961e+01
1.667337337337337203e+03 -4.962513850314694253e+01
1.669329329329329312e+03 -4.956592138117886748e+01
1.671321321321321193e+03 -4.950684541702558050e+01
1.673313313313313301e+03 -4.944791010656405206e+01
1.675305305305305183e+03 -4.938911494806902880e+01
1.677297297297297291e+03 -4.933045944219857404e+01
1.679289289289289172e+03 -4.927194309198011979e+01
1.681281281281281281e+03 -4.921356540279635539e+01
1.683273273273273162e+03 -4.915532588237130796e+01
1.685265265265265271e+03 -4.909722404075645841e+01
1.687257257257257152e+03 -4.903925939031707770e+01
1.689249249249249260e+03 -4.898143144571854180e+01
1.691241241241241141e+03 -4.892373972391271764e+01
1.693233233233233250e+03 -4.886618374412473997e+01
1.695225225225225131e+03 -4.880876302783933340e+01
1.697217217217217240e+03 -4.875147709878785207e+01
1.699209209209209121e+03 -4.869432548293486462e+01
1.701201201201201229e+03 -4.863730770846528628e+01
1.703193193193193110e+03 -4.858042330577129064e+01
1.705185185185185219e+03 -4.852367180743932806e+01
1.707177177177177100e+03 -4.846705274823759169e+01
1.709169169169169209e+03 -4.841056566510299319e+01
1.711161161161161090e+03 -4.835421009712874962e+01
1.713153153153153198e+03 -4.829798558555177834e+01
1.715145145145145079e+03 -4.824189167374026255e+01
1.717137137137137188e+03 -4.818592790718118835e+01
1.719129129129129069e+03 -4.813009383346826553e+01
1.721121121121121178e+03 -4.807438900228961387e+01
1.723113113113113059e+03 -4.801881296541561284e+01
1.725105105105105167e+03 -4.796336527668693606e+01
1.727097097097097048e+03 -4.790804549200274209e+01
1.729089089089089157e+03 -4.785285316930850996e+01
1.731081081081081038e+03 -4.779778786858459938e+01
1.733073073073073147e+03 -4.774284915183426392e+01
1.735065065065065028e+03 -4.768803658307233917e+01
1.737057057057056909e+03 -4.763334972831337666e+01
1.739049049049049017e+03 -4.757878815556046703e+01
1.741041041041040899e+03 -4.752435143479375057e+01
1.743033033033033007e+03 -4.747003913795909114e+01
1.745025025025024888e+03 -4.741585083895689223e+01
1.747017017017016997e+03 -4.736178611363098412e+01
1.749009009009008878e+03 -4.730784453975756065e+01
1.751001001001000986e+03 -4.725402569703402378e+01
1.752992992992992868e+03 -4.720032916706833959e+01
1.754984984984984976e+03 -4.714675453336798938e+01
1.756976976976976857e+03 -4.709330138132926891e+01
1.758968968968968966e+03 -4.703996929822660888e+01
1.760960960960960847e+03 -4.698675787320188846e+01
1.762952952952952955e+03 -4.693366669725399731e+01
1.764944944944944837e+03 -4.688069536322823438e+01
1.766936936936936945e+03 -4.682784346580600499e+01
1.768928928928928826e+03 -4.677511060149436162e+01
1.770920920920920935e+03 -4.672249636861585742e+01
1.772912912912912816e+03 -4.667000036729832857e+01
1.774904904904904924e+03 -4.661762219946464114e+01
1.776896896896896806e+03 -4.656536146882280747e+01
1.778888888888888914e+03 -4.651321778085586089e+01
1.780880880880880795e+03 -4.646119074281197925e+01
1.782872872872872904e+03 -4.640927996369457276e+01
1.784864864864864785e+03 -4.635748505425261357e+01
1.786856856856856894e+03 -4.630580562697080182e+01
1.788848848848848775e+03 -4.625424129605988810e+01
1.790840840840840883e+03 -4.620279167744709525e+01
1.792832832832832764e+03 -4.615145638876673928e+01
1.794824824824824873e+03 -4.610023504935040251e+01
1.796816816816816754e+03 -4.604912728021791679e+01
1.798808808808808863e+03 -4.599813270406772858e+01
1.800800800800800744e+03 -4.594725094526779685e+01
1.802792792792792852e+03 -4.589648162984623525e+01
1.804784784784784733e+03 -4.584582438548222427e+01
1.806776776776776842e+03 -4.579527884149694472e+01
1.808768768768768723e+03 -4.574484462884446145e+01
1.810760760760760832e+03 -4.569452138010269238e+01
1.812752752752752713e+03 -4.564430872946467588e+01
1.814744744744744594e+03 -4.559420631272955404e+01
1.816736736736736702e+03 -4.554421376729374060e+01
1.818728728728728584e+03 -4.549433073214235179e+01
1.820720720720720692e+03 -4.544455684784033167e+01
1.822712712712712573e+03 -4.539489175652386876e+01
1.824704704704704682e+03 -4.534533510189192640e+01
1.826696696696696563e+03 -4.529588652919757408e+01
1.828688688688688671e+03 -4.524654568523956755e+01
1.830680680680680553e+03 -4.519731221835403545e+01
1.832672672672672661e+03 -4.514818577840596703e+01
1.834664664664664542e+03 -4.509916601678101955e+01
1.836656656656656651e+03 -4.505025258637727603e+01
1.838648648648648532e+03 -4.500144514159699582e+01
1.840640640640640640e+03 -4.495274333833845759e+01
1.842632632632632522e+03 -4.490414683398799411e+01
1.844624624624624630e+03 -4.485565528741182817e+01
1.846616616616616511e+03 -4.480726835894814997e+01
1.848608608608608620e+03 -4.475898571039916618e+01
1.850600600600600501e+03 -4.471080700502326266e+01
1.852592592592592609e+03 -4.466273190752713163e+01
1.854584584584584491e+03 -4.461476008405799121e+01
1.856576576576576599e+03 -4.456689120219589029e+01
1.858568568568568480e+03 -4.451912493094600620e+01
1.860560560560560589e+03 -4.447146094073103484e+01
1.862552552552552470e+03 -4.442389890338355940e+01
1.864544544544544578e+03 -4.437643849213861813e+01
1.866536536536536460e+03 -4.432907938162612993e+01
1.868528528528528568e+03 -4.428182124786343365e+01
1.870520520520520449e+03 -4.423466376824807611e+01
1.872512512512512558e+03 -4.418760662155025898e+01
1.874504504504504439e+03 -4.414064948790564813e+01
1.876496496496496547e+03 -4.409379204880816161e+01
1.878488488488488429e+03 -4.404703398710269369e+01
1.880480480480480537e+03 -4.400037498697793836e+01
1.882472472472472418e+03 -4.395381473395942606e+01
1.884464464464464527e+03 -4.390735291490229741e+01
1.886456456456456408e+03 -4.386098921798436123e+01
1.888448448448448517e+03 -4.381472333269906727e+01
1.890440440440440398e+03 -4.376855494984870631e+01
1.892432432432432506e+03 -4.372248376153731897e+01
1.894424424424424387e+03 -4.367650946116403077e+01
1.896416416416416268e+03 -4.363063174341614570e+01
1.898408408408408377e+03 -4.358485030426245288e+01
1.900400400400400258e+03 -4.353916484094641248e+01
1.902392392392392367e+03 -4.349357505197961871e+01
1.904384384384384248e+03 -4.344808063713509227e+01
1.906376376376376356e+03 -4.340268129744063685e+01
1.908368368368368237e+03 -4.335737673517238733e+01
1.910360360360360346e+03 -4.331216665384828701e+01
1.912352352352352227e+03 -4.326705075822155067e+01
1.914344344344344336e+03 -4.322202875427428381e+01
1.916336336336336217e+03 -4.317710034921113760e+01
1.918328328328328325e+03 -4.313226525145285706e+01
1.920320320320320207e+03 -4.308752317063008519e+01
1.922312312312312315e+03 -4.304287381757702491e+01
1.924304304304304196e+03 -4.299831690432525022e+01
1.926296296296296305e+03 -4.295385214409741792e+01
1.928288288288288186e+03 -4.290947925130129192e+01
1.930280280280280294e+03 -4.286519794152346208e+01
1.932272272272272176e+03 -4.282100793152334006e+01
1.934264264264264284e+03 -4.277690893922713400e+01
1.936256256256256165e+03 -4.273290068372181594e+01
1.938248248248248274e+03 -4.268898288524913198e+01
1.940240240240240155e+03 -4.264515526519979716e+01
1.942232232232232263e+03 -4.260141754610742026e+01
1.944224224224224145e+03 -4.255776945164279113e+01
1.946216216216216253e+03 -4.251421070660799728e+01
1.948208208208208134e+03 -4.247074103693071123e+01
1.950200200200200243e+03 -4.242736016965828583e+01
1.952192192192192124e+03 -4.238406783295223335e+01
1.954184184184184232e+03 -4.234086375608240616e+01
1.956176176176176114e+03 -4.229774766942144737e+01
1.958168168168168222e+03 -4.225471930443906388e+01
1.960160160160160103e+03 -4.221177839369664042e+01
1.962152152152152212e+03 -4.216892467084147711e+01
1.964144144144144093e+03 -4.212615787060146033e+01
1.966136136136136201e+03 -4.208347772877947790e+01
1.968128128128128083e+03 -4.204088398224800471e+01
1.970120120120120191e+03 -4.199837636894380921e+01
1.972112112112112072e+03 -4.195595462786236141e+01
1.974104104104103953e+03 -4.191361849905268144e+01
1.976096096096096062e+03 -4.187136772361191817e+01
1.978088088088087943e+03 -4.182920204368014083e+01
1.980080080080080052e+03 -4.178712120243505268e+01
1.982072072072071933e+03 -4.174512494408676133e+01
1.984064064064064041e+03 -4.170321301387269131e+01
1.986056056056055922e+03 -4.166138515805227627e+01
1.988048048048048031e+03 -4.161964112390198522e+01
1.990040040040039912e+03 -4.157798065971014267e+01
1.992032032032032021e+03 -4.153640351477194770e+01
1.994024024024023902e+03 -4.149490943938432252e+01
1.996016016016016010e+03 -4.145349818484105242e+01
1.998008008008007891e+03 -4.141216950342772662e+01
2.000000000000000000e+03 -4.137092314841679297e+01
