0.000000000000000000e+00 7.902747223909265808e-04
1.509489287267065105e+00 4.830104276299415744e+00
3.018978574534130210e+00 9.491477781805764735e+00
4.528467861801194871e+00 1.404847572138616485e+01
6.037957149068260421e+00 1.850318866757693570e+01
7.547446436335325970e+00 2.289188643948158486e+01
9.056935723602389743e+00 2.719199265644495611e+01
1.056642501086945529e+01 3.136194877348756549e+01
1.207591429813652084e+01 3.543527925085859209e+01
1.358540358540358639e+01 3.942746292806965869e+01
1.509489287267065194e+01 4.335926078744124368e+01
1.660438215993771749e+01 4.720693986335184889e+01
1.811387144720477949e+01 5.097151905288729523e+01
1.962336073447184503e+01 5.469102562815805157e+01
2.113285002173891058e+01 5.833451277526474854e+01
2.264233930900597613e+01 6.190216089765787899e+01
2.415182859627304168e+01 6.539442562670268444e+01
2.566131788354010723e+01 6.881176259376442772e+01
2.717080717080717278e+01 7.215462743020842140e+01
2.868029645807423833e+01 7.542347576739989279e+01
3.018978574534130388e+01 7.861876323670412603e+01
3.169927503260836588e+01 8.176373155420429839e+01
3.320876431987543498e+01 8.490635674848456915e+01
3.471825360714250053e+01 8.798471068696863995e+01
3.622774289440955897e+01 9.099895034272513783e+01
3.773723218167662452e+01 9.394923268882271827e+01
3.924672146894369007e+01 9.683571469832995149e+01
4.075621075621075562e+01 9.965855334431545032e+01
4.226570004347782117e+01 1.024179055998477992e+02
4.377518933074488672e+01 1.051139284379956536e+02
4.528467861801195227e+01 1.077467788318275979e+02
4.679416790527901782e+01 1.103166137544122023e+02
4.830365719254608337e+01 1.128235901788181366e+02
4.981314647981314891e+01 1.152678650781139709e+02
5.132263576708021446e+01 1.177821589970690894e+02
5.283212505434728001e+01 1.202760467579066983e+02
5.434161434161434556e+01 1.227177916725885751e+02
5.585110362888141111e+01 1.251074453959973027e+02
5.736059291614847666e+01 1.274450595830153361e+02
5.887008220341554221e+01 1.297306858885253007e+02
6.037957149068260776e+01 1.319643759674096373e+02
6.188906077794966620e+01 1.341461814745509287e+02
6.339855006521673175e+01 1.362761540648317009e+02
6.490803935248379730e+01 1.383543453931345368e+02
6.641752863975086996e+01 1.403808071143419625e+02
6.792701792701792840e+01 1.423555908833364185e+02
6.943650721428500106e+01 1.442787483550005163e+02
7.094599650155205950e+01 1.461503311842167818e+02
7.245548578881911794e+01 1.479703910258677695e+02
7.396497507608619060e+01 1.497389795348360337e+02
7.547446436335324904e+01 1.514561483660040153e+02
7.698395365062032170e+01 1.531219491742542971e+02
7.849344293788738014e+01 1.549476696594879002e+02
8.000293222515445279e+01 1.567999387785788770e+02
8.151242151242151124e+01 1.586126086386804559e+02
8.302191079968858389e+01 1.603856925126223985e+02
8.453140008695564234e+01 1.621192036732346082e+02
8.604088937422271499e+01 1.638131553933471878e+02
8.755037866148977344e+01 1.654675609457899270e+02
8.905986794875684609e+01 1.670824336033928432e+02
9.056935723602390453e+01 1.686577866389859253e+02
9.207884652329097719e+01 1.701936333253990483e+02
9.358833581055803563e+01 1.716899869354620591e+02
9.509782509782510829e+01 1.731468607420051171e+02
9.660731438509216673e+01 1.745642680178578985e+02
9.811680367235922517e+01 1.759422220358505626e+02
9.962629295962629783e+01 1.772807360688129563e+02
1.011357822468933563e+02 1.785798233895750400e+02
1.026452715341604289e+02 1.798394972709667456e+02
1.041547608214274874e+02 1.810597709858179769e+02
1.056642501086945600e+02 1.822406578069587795e+02
1.071737393959616185e+02 1.833821710072188864e+02
1.086832286832286911e+02 1.844843238594284855e+02
1.101927179704957496e+02 1.855471296364173952e+02
1.117022072577628222e+02 1.865706016110155474e+02
1.132116965450298807e+02 1.875547530560528457e+02
1.147211858322969533e+02 1.884995972443593359e+02
1.162306751195640118e+02 1.894051474487648647e+02
1.177401644068310844e+02 1.902714169420993926e+02
1.192496536940981429e+02 1.910984189971929652e+02
1.207591429813652155e+02 1.920984628688052567e+02
1.222686322686322740e+02 1.934232286409871335e+02
1.237781215558993324e+02 1.947240755363086748e+02
1.252876108431664051e+02 1.960010055592235574e+02
1.267971001304334635e+02 1.972540207141857138e+02
1.283065894177005362e+02 1.984831230056490767e+02
1.298160787049675946e+02 1.996883144380674082e+02
1.313255679922346530e+02 2.008695970158944988e+02
1.328350572795017399e+02 2.020269727435843379e+02
1.343445465667687984e+02 2.031604436255906307e+02
1.358540358540358568e+02 2.042700116663671963e+02
1.373635251413029152e+02 2.053556788703680809e+02
1.388730144285700021e+02 2.064174472420470181e+02
1.403825037158370606e+02 2.074553187858577701e+02
1.418919930031041190e+02 2.084692955062543263e+02
1.434014822903711774e+02 2.094593794076904487e+02
1.449109715776382359e+02 2.104255724946199848e+02
1.464204608649053228e+02 2.113678767714968671e+02
1.479299501521723812e+02 2.122862942427748578e+02
1.494394394394394396e+02 2.131808269129077757e+02
