0.000000000000000000e+00 2.370928359540299368e+01
3.205478446652191504e+00 3.750097747712289475e+01
6.410956893304383009e+00 5.678956345834108532e+01
9.616435339956574069e+00 7.548764266012813096e+01
1.282191378660876602e+01 8.938364968606181549e+01
1.602739223326095797e+01 1.032232538795092296e+02
1.923287067991314814e+01 1.166748563608144877e+02
2.243834912656534186e+01 1.282564165611920544e+02
2.564382757321753203e+01 1.398173818054173694e+02
2.884930601986972221e+01 1.513596556492116747e+02
3.205478446652191593e+01 1.614992894312796636e+02
3.526026291317410966e+01 1.712353813359291337e+02
3.846574135982629628e+01 1.809545298596099769e+02
4.167121980647849000e+01 1.906568484563613879e+02
4.487669825313068372e+01 2.003424505802223621e+02
4.808217669978287034e+01 2.100114496852321508e+02
5.128765514643506407e+01 2.194728515277290057e+02
5.449313359308725779e+01 2.283670796390631779e+02
5.769861203973944441e+01 2.372633969354787666e+02
6.090409048639163814e+01 2.461618076214618895e+02
6.410956893304383186e+01 2.550623159014982946e+02
6.731504737969602559e+01 2.639649259800738719e+02
7.052052582634821931e+01 2.728696420616745399e+02
7.372600427300039883e+01 2.817764683507859900e+02
7.693148271965259255e+01 2.906854090518943963e+02
8.013696116630478627e+01 2.995964683694854216e+02
8.334243961295698000e+01 3.085096505080450129e+02
8.654791805960917372e+01 3.174249596720590603e+02
8.975339650626136745e+01 3.263424000660135107e+02
9.295887495291354696e+01 3.352156319502605584e+02
9.616435339956574069e+01 3.436996606588633654e+02
9.936983184621793441e+01 3.521813458828309535e+02
1.025753102928701281e+02 3.606606877021743003e+02
1.057807887395223219e+02 3.691376861969048377e+02
1.089862671861745156e+02 3.776123414470336570e+02
1.121917456328267093e+02 3.860846535325717923e+02
1.153972240794788888e+02 3.945546225335307895e+02
1.186027025261310825e+02 4.030222485299218533e+02
1.218081809727832763e+02 4.114875316017559044e+02
1.250136594194354700e+02 4.199504718290443179e+02
1.282191378660876637e+02 4.284110692917982988e+02
1.314246163127398574e+02 4.368693240700291653e+02
1.346300947593920512e+02 4.453252362437478951e+02
1.378355732060442449e+02 4.537788058929658064e+02
1.410410516526964386e+02 4.622300330976941609e+02
1.442465300993486039e+02 4.706789179379442203e+02
1.474520085460007977e+02 4.791254604937269050e+02
1.506574869926529914e+02 4.875696608450535905e+02
1.538629654393051851e+02 4.960115190719358225e+02
1.570684438859573788e+02 5.044510352543844078e+02
1.602739223326095725e+02 5.128882094724106082e+02
1.634794007792617663e+02 5.213230418060255715e+02
1.666848792259139600e+02 5.297555323352409005e+02
1.698903576725661537e+02 5.381856811400673450e+02
1.730958361192183474e+02 5.466134883005162237e+02
1.763013145658705412e+02 5.550389538965989686e+02
1.795067930125227349e+02 5.634620780083266709e+02
1.827122714591749286e+02 5.718828607157104216e+02
1.859177499058270939e+02 5.803013020987615391e+02
1.891232283524792877e+02 5.887174022374912283e+02
1.923287067991314814e+02 5.971187802579336221e+02
1.955341852457836751e+02 6.055050049722960921e+02
1.987396636924358688e+02 6.138912457123668673e+02
2.019451421390880625e+02 6.222775024808066746e+02
2.051506205857402563e+02 6.306637752802757859e+02
2.083560990323924500e+02 6.390500641134356101e+02
2.115615774790446437e+02 6.474363689829469877e+02
2.147670559256968374e+02 6.558226898914700769e+02
2.179725343723490312e+02 6.642090268416664003e+02
2.211780128190012249e+02 6.725953798361963436e+02
2.243834912656534186e+02 6.809817488777207473e+02
2.275889697123055839e+02 6.893681339689006791e+02
2.307944481589577777e+02 6.977545351123969795e+02
2.339999266056099714e+02 7.061409523108698068e+02
2.372054050522621651e+02 7.145273855669807972e+02
2.404108834989143588e+02 7.229138348833902228e+02
2.436163619455665525e+02 7.313003002627589240e+02
2.468218403922187463e+02 7.396867817077481959e+02
2.500273188388709400e+02 7.480732792210180833e+02
2.532327972855231337e+02 7.564597928052303359e+02
2.564382757321753274e+02 7.648463224630447712e+02
2.596437541788275212e+02 7.732328681971227979e+02
2.628492326254797149e+02 7.816194300101251429e+02
2.660547110721319086e+02 7.900060079047126465e+02
2.692601895187841023e+02 7.983926018835459217e+02
2.724656679654362961e+02 8.067792119492859229e+02
2.756711464120884898e+02 8.151658381045931492e+02
2.788766248587406835e+02 8.235524803521290096e+02
2.820821033053928772e+02 8.319391386945538898e+02
2.852875817520450710e+02 8.403038899631839058e+02
2.884930601986972079e+02 8.486612536780712617e+02
2.916985386453494016e+02 8.570186199449435662e+02
2.949040170920015953e+02 8.653759887639690760e+02
2.981094955386537890e+02 8.737333601353160475e+02
3.013149739853059828e+02 8.820907340591514867e+02
3.045204524319581765e+02 8.904481105356441049e+02
3.077259308786103702e+02 8.988054895649614764e+02
3.109314093252625639e+02 9.071628711472714031e+02
3.141368877719147576e+02 9.155202552827423688e+02
3.173423662185669514e+02 9.238776419715417205e+02
