0.000000000000000000e+00 9.297220368960778733e-03
1.227793450015672194e+00 4.439124812439630752e+00
2.455586900031344388e+00 9.096674624274013965e+00
3.683380350047016805e+00 1.395387761558428963e+01
4.911173800062688777e+00 1.877273044312029882e+01
6.138967250078360749e+00 2.365264471971450178e+01
7.366760700094033609e+00 2.813547728369806578e+01
8.594554150109704693e+00 3.259373720279359077e+01
9.822347600125377554e+00 3.697806809853742749e+01
1.105014105014105041e+01 4.122629658480469317e+01
1.227793450015672150e+01 4.543646043654963762e+01
1.350572795017239436e+01 4.961768426591896031e+01
1.473352140018806722e+01 5.346359030121498535e+01
1.596131485020373830e+01 5.711799026091885878e+01
1.718910830021940939e+01 6.068572568405626555e+01
1.841690175023508402e+01 6.416992631259357438e+01
1.964469520025075511e+01 6.757372188849706163e+01
2.087248865026642619e+01 7.075547614380259631e+01
2.210028210028210083e+01 7.370684478328118416e+01
2.332807555029777191e+01 7.655940554709913215e+01
2.455586900031344300e+01 7.931398991553827216e+01
2.578366245032911763e+01 8.197142936888052134e+01
2.701145590034478872e+01 8.453255538740771158e+01
2.823924935036045980e+01 8.699819945140173161e+01
2.946704280037613444e+01 8.936919304114442753e+01
3.069483625039180552e+01 9.162687907685118205e+01
3.192262970040747661e+01 9.376965447412848675e+01
3.315042315042315124e+01 9.583246967910197611e+01
3.437821660043881877e+01 9.781544729402145322e+01
3.560601005045449341e+01 9.971870992113673537e+01
3.683380350047016805e+01 1.015423801626976967e+02
3.806159695048583558e+01 1.032865806209540835e+02
3.928939040050151021e+01 1.049514338981558410e+02
4.051718385051718485e+01 1.065370625965526585e+02
4.174497730053285238e+01 1.080435893183944245e+02
4.297277075054852702e+01 1.094711366659310272e+02
4.420056420056420166e+01 1.108198272414122130e+02
4.542835765057986919e+01 1.120897836470878985e+02
4.665615110059554382e+01 1.132811284852078018e+02
4.788394455061121846e+01 1.143939843580218110e+02
4.911173800062688599e+01 1.154306310898236205e+02
5.033953145064256063e+01 1.168346175550850887e+02
5.156732490065823526e+01 1.181987849038118696e+02
5.279511835067390280e+01 1.195231383130508362e+02
5.402291180068957743e+01 1.208076829598487052e+02
5.525070525070525207e+01 1.220524240212523495e+02
5.647849870072091960e+01 1.232573666743085283e+02
5.770629215073659424e+01 1.244225160960640864e+02
5.893408560075226887e+01 1.255478774635657402e+02
6.016187905076793641e+01 1.266334559538604481e+02
6.138967250078361104e+01 1.276792567439948556e+02
6.261746595079927857e+01 1.286852850110158499e+02
6.384525940081495321e+01 1.296515459319702188e+02
6.507305285083062074e+01 1.305780446839047784e+02
6.630084630084630248e+01 1.314647864438663873e+02
6.752863975086197001e+01 1.323117763889016771e+02
6.875643320087763755e+01 1.331190196960575918e+02
6.998422665089331929e+01 1.338865215423809332e+02
7.121202010090898682e+01 1.346142871049184748e+02
7.243981355092465435e+01 1.353023215607169618e+02
7.366760700094033609e+01 1.359506300868233382e+02
7.489540045095600362e+01 1.365592178602842921e+02
7.612319390097167116e+01 1.371280900581466256e+02
7.735098735098735290e+01 1.376572518574572541e+02
7.857878080100302043e+01 1.381467084352628945e+02
7.980657425101868796e+01 1.385964649686103769e+02
8.103436770103436970e+01 1.390065266345464465e+02
8.226216115105003723e+01 1.393768986101179337e+02
8.348995460106570476e+01 1.397075860723717540e+02
8.471774805108138651e+01 1.399985941983545956e+02
8.594554150109705404e+01 1.402499281651132321e+02
8.717333495111272157e+01 1.404615931496945507e+02
8.840112840112840331e+01 1.406335943291453532e+02
8.962892185114407084e+01 1.407659368805124132e+02
9.085671530115973837e+01 1.408586259808425325e+02
9.208450875117542012e+01 1.409116668071825416e+02
9.331230220119108765e+01 1.409250645365791570e+02
9.454009565120675518e+01 1.408988243460793797e+02
9.576788910122243692e+01 1.408329514127298125e+02
9.699568255123810445e+01 1.407274509135773144e+02
9.822347600125377198e+01 1.405823280256687440e+02
9.945126945126945373e+01 1.403975879260508464e+02
1.006790629012851213e+02 1.401732357917704519e+02
1.019068563513007888e+02 1.399092767998744193e+02
1.031346498013164705e+02 1.396057161274094369e+02
1.043624432513321381e+02 1.399288624939097474e+02
1.055902367013478056e+02 1.403694761948151211e+02
1.068180301513634873e+02 1.407936506258354541e+02
1.080458236013791549e+02 1.412013860557189560e+02
1.092736170513948224e+02 1.415926827532138361e+02
1.105014105014105041e+02 1.419675409870682472e+02
1.117292039514261717e+02 1.423259610260303702e+02
1.129569974014418392e+02 1.426679431388485000e+02
1.141847908514575209e+02 1.429934875942707322e+02
1.154125843014731885e+02 1.433025946610453047e+02
1.166403777514888560e+02 1.435952646079204271e+02
1.178681712015045377e+02 1.438714977036442519e+02
1.190959646515202053e+02 1.441312942169650171e+02
1.203237581015358728e+02 1.443746544166309604e+02
1.215515515515515546e+02 1.446015785713902062e+02
