0.000000000000000000e+00 1.783833317117904799e-02
4.541981952358978170e+00 1.095707240051457632e+01
9.083963904717956339e+00 2.416082496649313782e+01
1.362594585707693540e+01 3.870173134948439042e+01
1.816792780943591268e+01 5.262247335323240094e+01
2.270990976179488996e+01 6.728679936282591711e+01
2.725189171415387079e+01 8.201434614008792323e+01
3.179387366651284808e+01 9.622193205504490265e+01
3.633585561887182536e+01 1.107383641775701619e+02
4.087783757123080619e+01 1.255775991245963752e+02
4.541981952358977992e+01 1.400859606873935377e+02
4.996180147594876075e+01 1.540544979373031254e+02
5.450378342830774159e+01 1.681309226585449892e+02
5.904576538066671532e+01 1.823197377681387934e+02
6.358774733302569615e+01 1.966254461831042306e+02
6.812972928538466988e+01 2.110525508204608514e+02
7.267171123774365071e+01 2.245321848052613802e+02
7.721369319010263155e+01 2.376220959844287677e+02
8.175567514246161238e+01 2.506888659074272709e+02
8.629765709482057900e+01 2.637338080334430970e+02
9.083963904717955984e+01 2.767582358216624243e+02
9.538162099953854067e+01 2.897634627312713747e+02
9.992360295189752151e+01 3.027508022214562402e+02
1.044655849042565023e+02 3.157215677514029153e+02
1.090075668566154832e+02 3.285148764938693944e+02
1.135495488089744498e+02 3.388728021152142560e+02
1.180915307613334306e+02 3.490548248654572490e+02
1.226335127136924115e+02 3.590610732596495609e+02
1.271754946660513923e+02 3.688916758128422657e+02
1.317174766184103589e+02 3.785467610400865510e+02
1.362594585707693398e+02 3.880264574564336613e+02
1.408014405231283206e+02 3.973308935769347841e+02
1.453434224754873014e+02 4.064601979166411070e+02
1.498854044278462823e+02 4.154144989906036471e+02
1.544273863802052631e+02 4.241939253138737627e+02
1.589693683325642439e+02 4.327986054015026980e+02
1.635113502849232248e+02 4.412286677685414134e+02
1.680533322372822056e+02 4.494842409300413237e+02
1.725953141896411580e+02 4.575654534010532757e+02
1.771372961420001388e+02 4.654724336966287979e+02
1.816792780943591197e+02 4.732053103318189073e+02
1.862212600467181005e+02 4.807642118216746212e+02
1.907632419990770813e+02 4.881492666812474113e+02
1.953052239514360622e+02 4.956215671341394113e+02
1.998472059037950430e+02 5.037589155621973305e+02
2.043891878561540238e+02 5.117991788365295633e+02
2.089311698085130047e+02 5.197423620767920056e+02
2.134731517608719855e+02 5.275884704026406098e+02
2.180151337132309664e+02 5.353375089337309873e+02
2.225571156655899188e+02 5.429894827897195455e+02
2.270990976179488996e+02 5.505443970902620094e+02
2.316410795703078804e+02 5.580022569550143317e+02
2.361830615226668613e+02 5.653630675036326920e+02
2.407250434750258421e+02 5.726268338557727020e+02
2.452670254273848229e+02 5.797935611310906552e+02
2.498090073797438038e+02 5.868632544492423904e+02
2.543509893321027846e+02 5.938359189298834053e+02
2.588929712844617370e+02 6.007115596926702210e+02
2.634349532368207178e+02 6.074901818572584489e+02
2.679769351891796987e+02 6.141717905433042688e+02
2.725189171415386795e+02 6.207563908704635196e+02
2.770608990938976604e+02 6.272439879583920401e+02
2.816028810462566412e+02 6.336345869267458966e+02
2.861448629986156220e+02 6.399281928951811551e+02
2.906868449509746029e+02 6.461248109833535409e+02
2.952288269033335837e+02 6.522244463109192338e+02
2.997708088556925645e+02 6.582271039975338454e+02
3.043127908080515454e+02 6.641327891628535554e+02
3.088547727604105262e+02 6.699415069265343163e+02
3.133967547127695070e+02 6.756532624082320808e+02
3.179387366651284879e+02 6.812680607276026876e+02
3.224807186174874687e+02 6.867859070043022029e+02
3.270227005698464495e+02 6.922068063579865793e+02
3.315646825222054304e+02 6.975307639083115419e+02
3.361066644745644112e+02 7.027577847749332705e+02
3.406486464269233352e+02 7.078878740775074903e+02
3.451906283792823160e+02 7.129210369356904948e+02
3.497326103316412969e+02 7.178572784691380093e+02
3.542745922840002777e+02 7.226966037975058725e+02
3.588165742363592585e+02 7.274390180404502644e+02
3.633585561887182394e+02 7.320845263176270237e+02
3.679005381410772202e+02 7.366331337486918756e+02
3.724425200934362010e+02 7.410848454533013410e+02
3.769845020457951819e+02 7.454396665511111451e+02
3.815264839981541627e+02 7.496976021617764445e+02
3.860684659505131435e+02 7.538586574049545561e+02
3.906104479028721244e+02 7.579228374003004092e+02
3.951524298552311052e+02 7.618901472674702973e+02
3.996944118075900860e+02 7.657605921261202866e+02
4.042363937599490669e+02 7.695341770959058749e+02
4.087783757123080477e+02 7.732109072964835832e+02
4.133203576646670285e+02 7.767907878475087955e+02
4.178623396170260094e+02 7.802738238686380328e+02
4.224043215693849902e+02 7.836600204795269065e+02
4.269463035217439710e+02 7.869493827998312554e+02
4.314882854741029519e+02 7.901419159492073732e+02
4.360302674264619327e+02 7.932376250473108712e+02
4.405722493788208567e+02 7.962365152137980431e+02
4.451142313311798375e+02 7.995240769997863026e+02
4.496562132835388184e+02 8.048934031804193410e+02
