0.000000000000000000e+00 6.118203409177060514e+00
1.851548518215184735e+00 1.055813035783271125e+01
3.703097036430369471e+00 1.606109409625665307e+01
5.554645554645554206e+00 2.153317788994324644e+01
7.406194072860738942e+00 2.690708959604673112e+01
9.257742591075924565e+00 3.229146032708262481e+01
1.110929110929110841e+01 3.755730840904752910e+01
1.296083962750629226e+01 4.264118294437650292e+01
1.481238814572147788e+01 4.764192856464644166e+01
1.666393666393666351e+01 5.256070618849121701e+01
1.851548518215184913e+01 5.739867673454472197e+01
2.036703370036703120e+01 6.212428450466029517e+01
2.221858221858221683e+01 6.641001444710674662e+01
2.407013073679740245e+01 7.057945646979996468e+01
2.592167925501258452e+01 7.463299820319271305e+01
2.777322777322777014e+01 7.857102727773789752e+01
2.962477629144295577e+01 8.240472546566046219e+01
3.147632480965814139e+01 8.661630143263805337e+01
3.332787332787332701e+01 9.078340829568445258e+01
3.517942184608850908e+01 9.490623644342454668e+01
3.703097036430369826e+01 9.898497626448322251e+01
3.888251888251888033e+01 1.030198181474853953e+02
4.073406740073406240e+01 1.070109524810559662e+02
4.258561591894925158e+01 1.109585696538198221e+02
4.443716443716443365e+01 1.148628600544018923e+02
4.628871295537961572e+01 1.187240140714270495e+02
4.814026147359480490e+01 1.225381055868189861e+02
4.999180999180998697e+01 1.262839979256852274e+02
5.184335851002516904e+01 1.300062292572301033e+02
5.369490702824035822e+01 1.337048113853087443e+02
5.554645554645554029e+01 1.373797561137763807e+02
5.739800406467072946e+01 1.410310752464882285e+02
5.924955258288591153e+01 1.446587805872994750e+02
6.110110110110109360e+01 1.482628839400652225e+02
6.295264961931628278e+01 1.518433971086408008e+02
6.480419813753147196e+01 1.554003318968813687e+02
6.665574665574665403e+01 1.589337001086421139e+02
6.850729517396183610e+01 1.624435135477781103e+02
7.035884369217701817e+01 1.659297840181447725e+02
7.221039221039220024e+01 1.693925233235971461e+02
7.406194072860739652e+01 1.728317432679904471e+02
7.591348924682257859e+01 1.762474556551799196e+02
7.776503776503776066e+01 1.796396722890207229e+02
7.961658628325294274e+01 1.830084049733680445e+02
8.146813480146812481e+01 1.863536655120770718e+02
8.331968331968330688e+01 1.896754657090031060e+02
8.517123183789850316e+01 1.929738173680011357e+02
8.702278035611368523e+01 1.962487322929265190e+02
8.887432887432886730e+01 1.995002222876344149e+02
9.072587739254404937e+01 2.027282991559800109e+02
9.257742591075923144e+01 2.059329747018185515e+02
9.442897442897442772e+01 2.091142607290051671e+02
9.628052294718960979e+01 2.123115161432552611e+02
9.813207146540479187e+01 2.157122082541673365e+02
9.998361998361997394e+01 2.191061050632275169e+02
1.018351685018351560e+02 2.224932072014897813e+02
1.036867170200503381e+02 2.258735153000075968e+02
1.055382655382655344e+02 2.292470299898346866e+02
1.073898140564807164e+02 2.326137519020247453e+02
1.092413625746958985e+02 2.359736816676313254e+02
1.110929110929110806e+02 2.393268199177083773e+02
1.129444596111262626e+02 2.426731672833093398e+02
1.147960081293414589e+02 2.460127243954879646e+02
1.166475566475566410e+02 2.493454918852979461e+02
1.184991051657718231e+02 2.526714703837930074e+02
1.203506536839870051e+02 2.559906605220266727e+02
1.222022022022021872e+02 2.593030629310527502e+02
1.240537507204173835e+02 2.626086782419249062e+02
1.259052992386325656e+02 2.659075070856967500e+02
1.277568477568477476e+02 2.691995500934220900e+02
1.296083962750629439e+02 2.724848078961545070e+02
1.314599447932781118e+02 2.757632811249476390e+02
1.333114933114933081e+02 2.790349704108552942e+02
1.351630418297084759e+02 2.822998763849309967e+02
1.370145903479236722e+02 2.855579996782284979e+02
1.388661388661388685e+02 2.888093409218016063e+02
1.407176873843540363e+02 2.920539007467036754e+02
1.425692359025692326e+02 2.952916797839887408e+02
1.444207844207844005e+02 2.985226786647102699e+02
1.462723329389995968e+02 3.017468980199219573e+02
1.481238814572147930e+02 3.049643384806775543e+02
1.499754299754299609e+02 3.081750006780306421e+02
1.518269784936451572e+02 3.113788852430350289e+02
1.536785270118603250e+02 3.145759928067442956e+02
1.555300755300755213e+02 3.177663240002120801e+02
1.573816240482906892e+02 3.209498794544921907e+02
1.592331725665058855e+02 3.241266598006382651e+02
1.610847210847210818e+02 3.272966656697040548e+02
1.629362696029362496e+02 3.304598976927428566e+02
1.647878181211514459e+02 3.336163565008088767e+02
1.666393666393666138e+02 3.367660427249554118e+02
1.684909151575818100e+02 3.399089569962363271e+02
1.703424636757970063e+02 3.430450999457052603e+02
1.721940121940121742e+02 3.461744722044157925e+02
1.740455607122273705e+02 3.492970744034217887e+02
1.758971092304425383e+02 3.524129071737766594e+02
1.777486577486577346e+02 3.555219711465343835e+02
1.796002062668729309e+02 3.586242669527485418e+02
1.814517547850880987e+02 3.617197952234726586e+02
1.833033033033032950e+02 3.648085565897606557e+02
