0.000000000000000000e+00 -7.270245751979158566e-01
5.050505050505050164e+00 3.819915680945331360e+01
1.010101010101010033e+01 8.183676364412515625e+01
1.515151515151515049e+01 1.257569911037946184e+02
2.020202020202020066e+01 1.679782628725205313e+02
2.525252525252525260e+01 2.104522587827172515e+02
3.030303030303030098e+01 2.531416772832170636e+02
3.535353535353534937e+01 2.947637174961880078e+02
4.040404040404040131e+01 3.341907892780635052e+02
4.545454545454545325e+01 3.730148125165983402e+02
5.050505050505050519e+01 4.128065577055594417e+02
5.555555555555555003e+01 4.539173465905295757e+02
6.060606060606060197e+01 4.950498120800228321e+02
6.565656565656564680e+01 5.362161225020631719e+02
7.070707070707069875e+01 5.715442147891949389e+02
7.575757575757575069e+01 6.058330419308163073e+02
8.080808080808080263e+01 6.392851565110726142e+02
8.585858585858585457e+01 6.719047444466333445e+02
9.090909090909090651e+01 7.036959916541685516e+02
9.595959595959595845e+01 7.314651694641976292e+02
1.010101010101010104e+02 7.576897991336084033e+02
1.060606060606060481e+02 7.827237087107821480e+02
1.111111111111111001e+02 8.065675737360623998e+02
1.161616161616161520e+02 8.292220697497915580e+02
1.212121212121212039e+02 8.506878722923137275e+02
1.262626262626262559e+02 8.709656569039713077e+02
1.313131313131312936e+02 8.900560991251084033e+02
1.363636363636363455e+02 9.079598744960677550e+02
1.414141414141413975e+02 9.272468702505644842e+02
1.464646464646464494e+02 9.474351319030216700e+02
1.515151515151515014e+02 9.667704806968281446e+02
1.565656565656565533e+02 9.852530010745276741e+02
1.616161616161616053e+02 1.002882777478662433e+03
1.666666666666666572e+02 1.019659894351775165e+03
1.717171717171717091e+02 1.035584436136409749e+03
1.767676767676767611e+02 1.050656487275108475e+03
1.818181818181818130e+02 1.064876132210414426e+03
1.868686868686868650e+02 1.078243455384870003e+03
1.919191919191919169e+02 1.090758541241018747e+03
1.969696969696969688e+02 1.102421474221403514e+03
2.020202020202020208e+02 1.113232338768566933e+03
2.070707070707070443e+02 1.123191219325052089e+03
2.121212121212120962e+02 1.132298200333401610e+03
2.171717171717171482e+02 1.140553366236159036e+03
2.222222222222222001e+02 1.147956801475866769e+03
2.272727272727272521e+02 1.154508590495067665e+03
2.323232323232323040e+02 1.160208817736304354e+03
2.373737373737373559e+02 1.175217610440192402e+03
2.424242424242424079e+02 1.190217044113826660e+03
2.474747474747474598e+02 1.204828928727663424e+03
2.525252525252525118e+02 1.219053267887133416e+03
2.575757575757575637e+02 1.232890065197666445e+03
2.626262626262625872e+02 1.246339324264694142e+03
2.676767676767676676e+02 1.259401048693645635e+03
2.727272727272726911e+02 1.272075242089952781e+03
2.777777777777777715e+02 1.284361908059045163e+03
2.828282828282827950e+02 1.296261050206353730e+03
2.878787878787878753e+02 1.307772672137309883e+03
2.929292929292928989e+02 1.318896777457342750e+03
2.979797979797979792e+02 1.329633369771883281e+03
3.030303030303030027e+02 1.339982452686361967e+03
3.080808080808080831e+02 1.349944029806209528e+03
3.131313131313131066e+02 1.359518104736856458e+03
3.181818181818181870e+02 1.368704681083733021e+03
3.232323232323232105e+02 1.377503762452270394e+03
3.282828282828282340e+02 1.385915352447898385e+03
3.333333333333333144e+02 1.393939454676047717e+03
3.383838383838383379e+02 1.401576072742149108e+03
3.434343434343434183e+02 1.408825210251632825e+03
3.484848484848484418e+02 1.415686870809929815e+03
3.535353535353535221e+02 1.422161058022470343e+03
3.585858585858585457e+02 1.428247775494684674e+03
3.636363636363636260e+02 1.433947026832003985e+03
3.686868686868686495e+02 1.439258815639858085e+03
3.737373737373737299e+02 1.444183145523677467e+03
3.787878787878787534e+02 1.448720020088893762e+03
3.838383838383838338e+02 1.452869442940936096e+03
3.888888888888888573e+02 1.456631417685235647e+03
3.939393939393939377e+02 1.460005947927223133e+03
3.989898989898989612e+02 1.462993037272329047e+03
4.040404040404040416e+02 1.465592689325983883e+03
4.090909090909090651e+02 1.467804907693617679e+03
4.141414141414140886e+02 1.469629695980660927e+03
4.191919191919191690e+02 1.471067057792545256e+03
4.242424242424241925e+02 1.472116996734699796e+03
4.292929292929292728e+02 1.472779516412556177e+03
4.343434343434342964e+02 1.473054620431544663e+03
4.393939393939393767e+02 1.472942312397095520e+03
4.444444444444444002e+02 1.472442595914639469e+03
4.494949494949494806e+02 1.471555474589605865e+03
4.545454545454545041e+02 1.470280952027427702e+03
4.595959595959595845e+02 1.468619031833532972e+03
4.646464646464646080e+02 1.466569717613354669e+03
4.696969696969696884e+02 1.464133012972321012e+03
4.747474747474747119e+02 1.461308921515862949e+03
4.797979797979797922e+02 1.458097446849412790e+03
4.848484848484848158e+02 1.454498592578398984e+03
4.898989898989898393e+02 1.450512362308252705e+03
4.949494949494949196e+02 1.446138759644405809e+03
5.000000000000000000e+02 1.441377788192287198e+03
