0.000000000000000000e+00 0.000000000000000000e+00
1.227793450015672194e+00 1.715665872597344106e-03
2.455586900031344388e+00 4.957616880344118543e-03
3.683380350047016805e+00 9.507666698501424790e-03
4.911173800062688777e+00 1.506482204857781913e-02
6.138967250078360749e+00 2.177299693897500818e-02
7.366760700094033609e+00 2.944334832962291690e-02
8.594554150109704693e+00 3.821895038788844512e-02
9.822347600125377554e+00 4.805805179040007619e-02
1.105014105014105041e+01 5.892024432486338281e-02
1.227793450015672150e+01 7.086131153947404504e-02
1.350572795017239436e+01 8.388125343423212532e-02
1.473352140018806722e+01 9.790252559530594756e-02
1.596131485020373830e+01 1.129600355928302158e-01
1.718910830021940939e+01 1.290789250054184545e-01
1.841690175023508402e+01 1.462591938330706776e-01
1.964469520025075511e+01 1.645008420757866630e-01
2.087248865026642619e+01 1.839058671881730889e-01
2.210028210028210083e+01 2.044862172922896904e-01
2.332807555029777191e+01 2.261512738315814564e-01
2.455586900031344300e+01 2.489010368060483591e-01
2.578366245032911763e+01 2.727355062156907040e-01
2.701145590034478872e+01 2.976546820605080468e-01
2.823924935036045980e+01 3.236585643405006096e-01
2.946704280037613444e+01 3.507471530556684480e-01
3.069483625039180552e+01 3.790276348602786838e-01
3.192262970040747661e+01 4.085774404381507519e-01
3.315042315042315124e+01 4.392340691070582559e-01
3.437821660043881877e+01 4.709975208670010849e-01
3.560601005045449341e+01 5.038677957179795719e-01
3.683380350047016805e+01 5.378448936599935504e-01
3.806159695048583558e+01 5.729288146930427983e-01
3.928939040050151021e+01 6.091195588171275377e-01
4.051718385051718485e+01 6.464171260322479906e-01
4.174497730053285238e+01 6.848215163384034909e-01
4.297277075054852702e+01 7.243327297355947048e-01
4.420056420056420166e+01 7.649507662238214101e-01
4.542835765057986919e+01 8.066756258030833848e-01
4.665615110059554382e+01 8.495073084733810731e-01
4.788394455061121846e+01 8.934458142347139198e-01
4.911173800062688599e+01 9.384939349699606970e-01
5.033953145064256063e+01 9.852145255299140647e-01
5.156732490065823526e+01 1.033069664489169481e+00
5.279511835067390280e+01 1.082059351847727946e+00
5.402291180068957743e+01 1.132183587605588793e+00
5.525070525070525207e+01 1.183442371762752465e+00
5.647849870072091960e+01 1.235835704319218520e+00
5.770629215073659424e+01 1.289363585274987400e+00
5.893408560075226887e+01 1.344026014630059107e+00
6.016187905076793641e+01 1.399822992384433196e+00
6.138967250078361104e+01 1.456754518538109888e+00
6.261746595079927857e+01 1.514820593091088963e+00
6.384525940081495321e+01 1.574021216043371307e+00
6.507305285083062074e+01 1.634356387394955812e+00
6.630084630084630248e+01 1.695826107145843142e+00
6.752863975086197001e+01 1.758430375296033299e+00
6.875643320087763755e+01 1.822169191845525615e+00
6.998422665089331929e+01 1.887042556794321202e+00
7.121202010090898682e+01 1.953050470142419170e+00
7.243981355092465435e+01 2.020192931889818855e+00
7.366760700094033609e+01 2.088469942036523364e+00
7.489540045095600362e+01 2.157881500582528034e+00
7.612319390097167116e+01 2.228427607527835974e+00
7.735098735098735290e+01 2.300108262872448073e+00
7.857878080100302043e+01 2.372923466616360777e+00
7.980657425101868796e+01 2.446873218759577195e+00
8.103436770103436970e+01 2.521957519302096884e+00
8.226216115105003723e+01 2.598176368243918510e+00
8.348995460106570476e+01 2.675529765585042519e+00
8.471774805108138651e+01 2.754017711325469797e+00
8.594554150109705404e+01 2.833640205465199013e+00
8.717333495111272157e+01 2.914397248004230168e+00
8.840112840112840331e+01 2.996288838942566812e+00
8.962892185114407084e+01 3.079314978280203174e+00
9.085671530115973837e+01 3.163475666017141918e+00
9.208450875117542012e+01 3.248770902153386153e+00
9.331230220119108765e+01 3.335200686688930993e+00
9.454009565120675518e+01 3.422765019623778215e+00
9.576788910122243692e+01 3.511463900957929152e+00
9.699568255123810445e+01 3.601297330691382470e+00
9.822347600125377198e+01 3.692265308824138170e+00
9.945126945126945373e+01 3.784367835356196696e+00
1.006790629012851213e+02 3.877604910287557605e+00
1.019068563513007888e+02 3.971976533618222671e+00
1.031346498013164705e+02 4.067482705348188787e+00
1.043624432513321381e+02 4.163490156641834972e+00
1.055902367013478056e+02 4.260486605100525459e+00
1.068180301513634873e+02 4.358599663124836709e+00
1.080458236013791549e+02 4.457829330714767835e+00
1.092736170513948224e+02 4.558175607870323276e+00
1.105014105014105041e+02 4.659638494591497704e+00
1.117292039514261717e+02 4.762217990878295559e+00
1.129569974014418392e+02 4.865914096730712401e+00
1.141847908514575209e+02 4.970726812148754448e+00
1.154125843014731885e+02 5.076656137132414592e+00
1.166403777514888560e+02 5.183702071681698165e+00
1.178681712015045377e+02 5.291864615796604276e+00
1.190959646515202053e+02 5.401143769477129375e+00
1.203237581015358728e+02 5.511539532723277013e+00
1.215515515515515546e+02 5.623051905535046302e+00
