0.000000000000000000e+00 0.000000000000000000e+00
3.205478446652191504e+00 5.547365753653484520e-03
6.410956893304383009e+00 1.900412308310935744e-02
9.616435339956574069e+00 4.051681466399935372e-02
1.282191378660876602e+01 7.004195292190257272e-02
1.602739223326095797e+01 1.075770109201163588e-01
1.923287067991314814e+01 1.530932532860675988e-01
2.243834912656534186e+01 2.064736636317842655e-01
2.564382757321753203e+01 2.678154648721785547e-01
2.884930601986972221e+01 3.371186570072504662e-01
3.205478446652191593e+01 4.157130365119969251e-01
3.526026291317410966e+01 5.029428314027467595e-01
3.846574135982629628e+01 5.984741701552325210e-01
4.167121980647849000e+01 7.023070527694551535e-01
4.487669825313068372e+01 8.144414792454137686e-01
4.808217669978287034e+01 9.348774495831091436e-01
5.128765514643506407e+01 1.063097762854962491e+00
5.449313359308725779e+01 1.197937938000996239e+00
5.769861203973944441e+01 1.340824767849099874e+00
6.090409048639163814e+01 1.491758252399274287e+00
6.410956893304383186e+01 1.650738391651519033e+00
6.731504737969602559e+01 1.817765185605834111e+00
7.052052582634821931e+01 1.992838634262220188e+00
7.372600427300039883e+01 2.175958737620674377e+00
7.693148271965259255e+01 2.367125495681201564e+00
8.013696116630478627e+01 2.566338908443797973e+00
8.334243961295698000e+01 2.773598975908465825e+00
8.654791805960917372e+01 2.988905698075202011e+00
8.975339650626136745e+01 3.212259074944010973e+00
9.295887495291354696e+01 3.444185664669708657e+00
9.616435339956574069e+01 3.688765809867716960e+00
9.936983184621793441e+01 3.941733629884282664e+00
1.025753102928701281e+02 4.203089124719404879e+00
1.057807887395223219e+02 4.472832294373084494e+00
1.089862671861745156e+02 4.750963138845322398e+00
1.121917456328267093e+02 5.037481658136118590e+00
1.153972240794788888e+02 5.332387852245470405e+00
1.186027025261310825e+02 5.635681721173379621e+00
1.218081809727832763e+02 5.947363264919848902e+00
1.250136594194354700e+02 6.267432483484872918e+00
1.282191378660876637e+02 6.595889376868456111e+00
1.314246163127398574e+02 6.932733945070594928e+00
1.346300947593920512e+02 7.277966188091294697e+00
1.378355732060442449e+02 7.631586105930550978e+00
1.410410516526964386e+02 7.993593698588363772e+00
1.442465300993486039e+02 8.363988966064729524e+00
1.474520085460007977e+02 8.742771908359657118e+00
1.506574869926529914e+02 9.129942525473142112e+00
1.538629654393051851e+02 9.525500817405184506e+00
1.570684438859573788e+02 9.929446784155786077e+00
1.602739223326095725e+02 1.034178042572494149e+01
1.634794007792617663e+02 1.076250174211265964e+01
1.666848792259139600e+02 1.119161073331893341e+01
1.698903576725661537e+02 1.162910739934376281e+01
1.730958361192183474e+02 1.207499174018714783e+01
1.763013145658705412e+02 1.252926375584909380e+01
1.795067930125227349e+02 1.299192344632959539e+01
1.827122714591749286e+02 1.346297081162865616e+01
1.859177499058270939e+02 1.394240585174627256e+01
1.891232283524792877e+02 1.443022856668244636e+01
1.923287067991314814e+02 1.492487033328975166e+01
1.955341852457836751e+02 1.542597552917226267e+01
1.987396636924358688e+02 1.593535473675950698e+01
2.019451421390880625e+02 1.645300795605148281e+01
2.051506205857402563e+02 1.697893518704819371e+01
2.083560990323924500e+02 1.751313642974963614e+01
2.115615774790446437e+02 1.805561168415581363e+01
2.147670559256968374e+02 1.860636095026672976e+01
2.179725343723490312e+02 1.916538422808236319e+01
2.211780128190012249e+02 1.973268151760274591e+01
2.243834912656534186e+02 2.030825281882785305e+01
2.275889697123055839e+02 2.089209813175768105e+01
2.307944481589577777e+02 2.148421745639226899e+01
2.339999266056099714e+02 2.208461079273156003e+01
2.372054050522621651e+02 2.269327814077560035e+01
2.404108834989143588e+02 2.331021950052437219e+01
2.436163619455665525e+02 2.393543487197787201e+01
2.468218403922187463e+02 2.456892425513611755e+01
2.500273188388709400e+02 2.521068764999908041e+01
2.532327972855231337e+02 2.586072505656678544e+01
2.564382757321753274e+02 2.651903647483921844e+01
2.596437541788275212e+02 2.718562190481638652e+01
2.628492326254797149e+02 2.786048134649828256e+01
2.660547110721319086e+02 2.854361479988492789e+01
2.692601895187841023e+02 2.923502226497628698e+01
2.724656679654362961e+02 2.993470374177238114e+01
2.756711464120884898e+02 3.064265923027322103e+01
2.788766248587406835e+02 3.135888873047878533e+01
2.820821033053928772e+02 3.208339224238908116e+01
2.852875817520450710e+02 3.282052648007979911e+01
2.884930601986972079e+02 3.356751808708258267e+01
2.916985386453494016e+02 3.432291461956431533e+01
2.949040170920015953e+02 3.508671607752499000e+01
2.981094955386537890e+02 3.585892246096462088e+01
3.013149739853059828e+02 3.663953376988318666e+01
3.045204524319581765e+02 3.742855000428070156e+01
3.077259308786103702e+02 3.822597116415716556e+01
3.109314093252625639e+02 3.903179724951255736e+01
3.141368877719147576e+02 3.984602826034689826e+01
3.173423662185669514e+02 4.066866419666019539e+01
