0.000000000000000000e+00 0.000000000000000000e+00
4.541981952358978170e+00 7.948203763190114443e-03
9.083963904717956339e+00 2.377570359009189421e-02
1.362594585707693540e+01 4.683482916525943257e-02
1.816792780943591268e+01 7.590809371014063667e-02
2.270990976179488996e+01 1.117121856665859170e-01
2.725189171415387079e+01 1.536494910527756996e-01
3.179387366651284808e+01 2.011949907178954278e-01
3.633585561887182536e+01 2.550082764276789815e-01
4.087783757123080619e+01 3.150893481821266384e-01
4.541981952358977992e+01 3.807096315852315782e-01
4.996180147594876075e+01 4.516050433232378647e-01
5.450378342830774159e+01 5.284685366211498980e-01
5.904576538066671532e+01 6.113001114789679002e-01
6.358774733302569615e+01 7.000997678966921489e-01
6.812972928538466988e+01 7.948675058743223110e-01
7.267171123774365071e+01 8.945723817788907573e-01
7.721369319010263155e+01 9.997230837687676175e-01
8.175567514246161238e+01 1.110666718479667692e+00
8.629765709482057900e+01 1.227403285911589759e+00
9.083963904717955984e+01 1.349932786064536039e+00
9.538162099953854067e+01 1.478255218938504534e+00
9.992360295189752151e+01 1.612370584533496798e+00
1.044655849042565023e+02 1.752278882849511943e+00
1.090075668566154832e+02 1.897985598350332870e+00
1.135495488089744498e+02 2.049567946150707254e+00
1.180915307613334306e+02 2.206950263113943933e+00
1.226335127136924115e+02 2.370132549240043129e+00
1.271754946660513923e+02 2.539114804529005287e+00
1.317174766184103589e+02 2.713897028980828185e+00
1.362594585707693398e+02 2.894479222595514045e+00
1.408014405231283206e+02 3.080861385373061978e+00
1.453434224754873014e+02 3.273043517313471984e+00
1.498854044278462823e+02 3.471025618416744507e+00
1.544273863802052631e+02 3.674807688682879103e+00
1.589693683325642439e+02 3.884389728111877105e+00
1.635113502849232248e+02 4.099771736703735847e+00
1.680533322372822056e+02 4.320953714458456218e+00
1.725953141896411580e+02 4.547935661376039107e+00
1.771372961420001388e+02 4.780717577456484513e+00
1.816792780943591197e+02 5.019299462699792436e+00
1.862212600467181005e+02 5.263681317105962876e+00
1.907632419990770813e+02 5.513863140674994945e+00
1.953052239514360622e+02 5.769459978308273840e+00
1.998472059037950430e+02 6.029645041904696079e+00
2.043891878561540238e+02 6.295557904397877991e+00
2.089311698085130047e+02 6.567198565787823128e+00
2.134731517608719855e+02 6.844567026074534155e+00
2.180151337132309664e+02 7.127663285258003967e+00
2.225571156655899188e+02 7.416487343338237892e+00
2.270990976179488996e+02 7.711039200315237707e+00
2.316410795703078804e+02 8.011318856188996307e+00
2.361830615226668613e+02 8.317326310959520796e+00
2.407250434750258421e+02 8.629061564626811176e+00
2.452670254273848229e+02 8.946524617190856787e+00
2.498090073797438038e+02 9.269715468651675394e+00
2.543509893321027846e+02 9.598634119009247456e+00
2.588929712844617370e+02 9.933280568263585408e+00
2.634349532368207178e+02 1.027365481641468747e+01
2.679769351891796987e+02 1.061975686346255188e+01
2.725189171415386795e+02 1.097158670940718217e+01
2.770608990938976604e+02 1.132914435424857125e+01
2.816028810462566412e+02 1.169242979798672621e+01
2.861448629986156220e+02 1.206144304062164707e+01
2.906868449509746029e+02 1.243618408215332138e+01
2.952288269033335837e+02 1.281665292258176869e+01
2.997708088556925645e+02 1.320284956190697123e+01
3.043127908080515454e+02 1.359477400012894321e+01
3.088547727604105262e+02 1.399242623724767576e+01
3.133967547127695070e+02 1.439580627326317064e+01
3.179387366651284879e+02 1.480491410817542786e+01
3.224807186174874687e+02 1.521974974198444741e+01
3.270227005698464495e+02 1.564031317469022930e+01
3.315646825222054304e+02 1.606660440629277886e+01
3.361066644745644112e+02 1.649862343679209076e+01
3.406486464269233352e+02 1.693637026618815966e+01
3.451906283792823160e+02 1.737984489448099268e+01
3.497326103316412969e+02 1.782904732167059336e+01
3.542745922840002777e+02 1.828397754775695461e+01
3.588165742363592585e+02 1.874463557274007641e+01
3.633585561887182394e+02 1.921102139661996588e+01
3.679005381410772202e+02 1.968313501939661592e+01
3.724425200934362010e+02 2.016097644107003717e+01
3.769845020457951819e+02 2.064454566164020832e+01
3.815264839981541627e+02 2.113384268110714359e+01
3.860684659505131435e+02 2.162886749947084652e+01
3.906104479028721244e+02 2.212962011673131713e+01
3.951524298552311052e+02 2.263610053288854473e+01
3.996944118075900860e+02 2.314830874794254001e+01
4.042363937599490669e+02 2.366624476189329229e+01
4.087783757123080477e+02 2.418990857474081224e+01
4.133203576646670285e+02 2.471930018648509275e+01
4.178623396170260094e+02 2.525441959712613382e+01
4.224043215693849902e+02 2.579526680666394611e+01
4.269463035217439710e+02 2.634184181509850831e+01
4.314882854741029519e+02 2.689414462242985238e+01
4.360302674264619327e+02 2.745217522865794990e+01
4.405722493788208567e+02 2.801593363378279378e+01
4.451142313311798375e+02 2.858537053940858996e+01
4.496562132835388184e+02 2.916025709504159380e+01
