0.000000000000000000e+00 0.000000000000000000e+00
1.509489287267065105e+00 2.073547148712454914e-03
3.018978574534130210e+00 6.757838331451091786e-03
4.528467861801194871e+00 1.299066509258140455e-02
6.037957149068260421e+00 2.096485587564574440e-02
7.547446436335325970e+00 3.031106574305369311e-02
9.056935723602389743e+00 4.127775439911730154e-02
1.056642501086945529e+01 5.343797817513417509e-02
1.207591429813652084e+01 6.710694424910268463e-02
1.358540358540358639e+01 8.210359670370956375e-02
1.509489287267065194e+01 9.816248225026008578e-02
1.660438215993771749e+01 1.156086205349272089e-01
1.811387144720477949e+01 1.344420115577108221e-01
1.962336073447184503e+01 1.541711884143555922e-01
2.113285002173891058e+01 1.752077802399684692e-01
2.264233930900597613e+01 1.975554105855660270e-01
2.415182859627304168e+01 2.212140794511483766e-01
2.566131788354010723e+01 2.461837868367154625e-01
2.717080717080717278e+01 2.724645327422672292e-01
2.868029645807423833e+01 3.000563171678037877e-01
3.018978574534130388e+01 3.289591401133251658e-01
3.169927503260836588e+01 3.589942423576829578e-01
3.320876431987543498e+01 3.897876861959308492e-01
3.471825360714250053e+01 4.218264463902199890e-01
3.622774289440955897e+01 4.551105229405502106e-01
3.773723218167662452e+01 4.896399158469216806e-01
3.924672146894369007e+01 5.254146251093344544e-01
4.075621075621075562e+01 5.624346507277884211e-01
4.226570004347782117e+01 6.006999927022838026e-01
4.377518933074488672e+01 6.402106510328201550e-01
4.528467861801195227e+01 6.809666257193977001e-01
4.679416790527901782e+01 7.229679167620165492e-01
4.830365719254608337e+01 7.662145241606768131e-01
4.981314647981314891e+01 8.107064479153782699e-01
5.132263576708021446e+01 8.563050376537139075e-01
5.283212505434728001e+01 9.031054667018948434e-01
5.434161434161434556e+01 9.511410378508896590e-01
5.585110362888141111e+01 1.000411751100698909e+00
5.736059291614847666e+01 1.050917606451322373e+00
5.887008220341554221e+01 1.102658603902760381e+00
6.037957149068260776e+01 1.155634743455011826e+00
6.188906077794966620e+01 1.209846025108077372e+00
6.339855006521673175e+01 1.265292448861958130e+00
6.490803935248379730e+01 1.321974014716652102e+00
6.641752863975086996e+01 1.379890722672161063e+00
6.792701792701792840e+01 1.439042572728483460e+00
6.943650721428500106e+01 1.499429564885620847e+00
7.094599650155205950e+01 1.561051699143571669e+00
7.245548578881911794e+01 1.623908975502336594e+00
7.396497507608619060e+01 1.688001393961915841e+00
7.547446436335324904e+01 1.753328954522308969e+00
7.698395365062032170e+01 1.819891657183517086e+00
7.849344293788738014e+01 1.887622583465974335e+00
8.000293222515445279e+01 1.956564258660256961e+00
8.151242151242151124e+01 2.026737678794043873e+00
8.302191079968858389e+01 2.098142843867335294e+00
8.453140008695564234e+01 2.170779753880130780e+00
8.604088937422271499e+01 2.244648408832429887e+00
8.755037866148977344e+01 2.319748808724232614e+00
8.905986794875684609e+01 2.396080953555542070e+00
9.056935723602390453e+01 2.473644843326353815e+00
9.207884652329097719e+01 2.552440478036670068e+00
9.358833581055803563e+01 2.632467857686490387e+00
9.509782509782510829e+01 2.713726982275814326e+00
9.660731438509216673e+01 2.796217851804642773e+00
9.811680367235922517e+01 2.879940466272974398e+00
9.962629295962629783e+01 2.964894825680812307e+00
1.011357822468933563e+02 3.051080930028152061e+00
1.026452715341604289e+02 3.138498779314998988e+00
1.041547608214274874e+02 3.227148373541347759e+00
1.056642501086945600e+02 3.317029712707201927e+00
1.071737393959616185e+02 3.408142796812558384e+00
1.086832286832286911e+02 3.500487625857421570e+00
1.101927179704957496e+02 3.594064199841787044e+00
1.117022072577628222e+02 3.688872518765657027e+00
1.132116965450298807e+02 3.784912582629031519e+00
1.147211858322969533e+02 3.882184391431910075e+00
1.162306751195640118e+02 3.980687945174292253e+00
1.177401644068310844e+02 4.080423243856180271e+00
1.192496536940981429e+02 4.181390287477570133e+00
1.207591429813652155e+02 4.283684306204814440e+00
1.222686322686322740e+02 4.387372971334658978e+00
1.237781215558993324e+02 4.492299725632459051e+00
1.252876108431664051e+02 4.598464569098219989e+00
1.267971001304334635e+02 4.705867501731936464e+00
1.283065894177005362e+02 4.814508523533612028e+00
1.298160787049675946e+02 4.924387634503244016e+00
1.313255679922346530e+02 5.035504834640834204e+00
1.328350572795017399e+02 5.147860123946381705e+00
1.343445465667687984e+02 5.261453502419886519e+00
1.358540358540358568e+02 5.376284970061349533e+00
1.373635251413029152e+02 5.492354526870770748e+00
1.388730144285700021e+02 5.609662172848148387e+00
1.403825037158370606e+02 5.728207907993485115e+00
1.418919930031041190e+02 5.847991732306778268e+00
1.434014822903711774e+02 5.969013645788027844e+00
1.449109715776382359e+02 6.091273648437235622e+00
1.464204608649053228e+02 6.214771740254404264e+00
1.479299501521723812e+02 6.339507921239526667e+00
1.494394394394394396e+02 6.465482191392609046e+00
