0.000000000000000000e+00 0.000000000000000000e+00
5.050505050505050164e+00 1.715802375508251529e-02
1.010101010101010033e+01 4.871678008374553948e-02
1.515151515151515049e+01 9.161017867775393675e-02
2.020202020202020066e+01 1.439524043967518319e-01
2.525252525252525260e+01 2.053538500700463620e-01
3.030303030303030098e+01 2.749922075346890038e-01
3.535353535353534937e+01 3.530351839093081034e-01
4.040404040404040131e+01 4.385926959814766546e-01
4.545454545454545325e+01 5.329311866463549707e-01
5.050505050505050519e+01 6.336772073812558803e-01
5.555555555555555003e+01 7.402883856496842441e-01
6.060606060606060197e+01 8.547620107418041346e-01
6.565656565656564680e+01 9.770980826576154410e-01
7.070707070707069875e+01 1.104843434886370712e+00
7.575757575757575069e+01 1.240005167023103150e+00
8.080808080808080263e+01 1.382666145017243720e+00
8.585858585858585457e+01 1.532826368868793532e+00
9.090909090909090651e+01 1.690485838577751698e+00
9.595959595959595845e+01 1.855971793851711071e+00
1.010101010101010104e+02 2.029031555128627318e+00
1.060606060606060481e+02 2.209629019934014504e+00
1.111111111111111001e+02 2.397764188267874630e+00
1.161616161616161520e+02 2.593437060130207250e+00
1.212121212121212039e+02 2.796647635521011033e+00
1.262626262626262559e+02 3.007395914440287754e+00
1.313131313131312936e+02 3.225681896888035194e+00
1.363636363636363455e+02 3.451505582864255572e+00
1.414141414141413975e+02 3.685509930758168906e+00
1.464646464646464494e+02 3.927570493894728898e+00
1.515151515151515014e+02 4.177247278304848876e+00
1.565656565656565533e+02 4.434540283988527953e+00
1.616161616161616053e+02 4.699449510945768793e+00
1.666666666666666572e+02 4.971974959176570508e+00
1.717171717171717091e+02 5.252116628680929544e+00
1.767676767676767611e+02 5.539874519458850344e+00
1.818181818181818130e+02 5.835248631510333794e+00
1.868686868686868650e+02 6.138238964835375455e+00
1.919191919191919169e+02 6.448845519433977991e+00
1.969696969696969688e+02 6.767068295306140513e+00
2.020202020202020208e+02 7.092907292451862133e+00
2.070707070707070443e+02 7.426362510871143741e+00
2.121212121212120962e+02 7.767433950563987999e+00
2.171717171717171482e+02 8.116121611530392244e+00
2.222222222222222001e+02 8.472425493770355587e+00
2.272727272727272521e+02 8.836345597283880693e+00
2.323232323232323040e+02 9.207881922070962233e+00
2.373737373737373559e+02 9.581736441991196784e+00
2.424242424242424079e+02 9.962775798512438996e+00
2.474747474747474598e+02 1.035119734768839272e+01
2.525252525252525118e+02 1.074700108951904198e+01
2.575757575757575637e+02 1.115018702400440098e+01
2.626262626262625872e+02 1.156075515114446794e+01
2.676767676767676676e+02 1.197870547093923754e+01
2.727272727272726911e+02 1.240403798338870978e+01
2.777777777777777715e+02 1.283675268849289175e+01
2.828282828282827950e+02 1.327684958625177458e+01
2.878787878787878753e+02 1.372432867666536715e+01
2.929292929292928989e+02 1.417918995973366236e+01
2.979797979797979792e+02 1.464143343545666198e+01
3.030303030303030027e+02 1.511105910383436246e+01
3.080808080808080831e+02 1.558806696486677623e+01
3.131313131313131066e+02 1.607245701855388731e+01
3.181818181818181870e+02 1.656422926489570813e+01
3.232323232323232105e+02 1.706338370389223158e+01
3.282828282828282340e+02 1.756992033554346477e+01
3.333333333333333144e+02 1.808383915984939705e+01
3.383838383838383379e+02 1.860514017681004617e+01
3.434343434343434183e+02 1.913382338642538372e+01
3.484848484848484418e+02 1.966988878869543100e+01
3.535353535353535221e+02 2.021333638362019158e+01
3.585858585858585457e+02 2.076416617119965480e+01
3.636363636363636260e+02 2.132237815143382065e+01
3.686868686868686495e+02 2.188797232432269269e+01
3.737373737373737299e+02 2.246094868986627091e+01
3.787878787878787534e+02 2.304130724806453756e+01
3.838383838383838338e+02 2.362904799891753171e+01
3.888888888888888573e+02 2.422417094242522140e+01
3.939393939393939377e+02 2.482667607858761727e+01
3.989898989898989612e+02 2.543656340740471578e+01
4.040404040404040416e+02 2.605383292887652402e+01
4.090909090909090651e+02 2.667848464300303490e+01
4.141414141414140886e+02 2.731051854978424487e+01
4.191919191919191690e+02 2.794993464922017878e+01
4.242424242424241925e+02 2.859673294131080468e+01
4.292929292929292728e+02 2.925091342605613676e+01
4.343434343434342964e+02 2.991247610345616437e+01
4.393939393939393767e+02 3.058142097351090527e+01
4.444444444444444002e+02 3.125774803622035236e+01
4.494949494949494806e+02 3.194145729158450564e+01
4.545454545454545041e+02 3.263254873960335800e+01
4.595959595959595845e+02 3.333102238027693431e+01
4.646464646464646080e+02 3.403687821360519195e+01
4.696969696969696884e+02 3.475011623958815221e+01
4.747474747474747119e+02 3.547073645822583643e+01
4.797979797979797922e+02 3.619873886951822328e+01
4.848484848484848158e+02 3.693412347346529856e+01
4.898989898989898393e+02 3.767689027006710489e+01
4.949494949494949196e+02 3.842703925932359965e+01
5.000000000000000000e+02 3.918457044123480415e+01
