0.000000000000000000e+00 0.000000000000000000e+00
1.851548518215184735e+00 2.271325839434846106e-03
3.703097036430369471e+00 7.034157274681059231e-03
5.554645554645554206e+00 1.406572806124560364e-02
7.406194072860738942e+00 2.298937932814630949e-02
9.257742591075924565e+00 3.403056821828977230e-02
1.110929110929110841e+01 4.724277334976419163e-02
1.296083962750629226e+01 6.264846189524986286e-02
1.481238814572147788e+01 8.020611986564742113e-02
1.666393666393666351e+01 9.991574726095688030e-02
1.851548518215184913e+01 1.217773440811782404e-01
2.036703370036703120e+01 1.458147565351230190e-01
2.221858221858221683e+01 1.722792132270034582e-01
2.407013073679740245e+01 2.009450982079074577e-01
2.592167925501258452e+01 2.318124114778351286e-01
2.777322777322777014e+01 2.648811530367864431e-01
2.962477629144295577e+01 3.001249568362975850e-01
3.147632480965814139e+01 3.363813641805272758e-01
3.332787332787332701e+01 3.746964300591051900e-01
3.517942184608850908e+01 4.150701544720316050e-01
3.703097036430369826e+01 4.575025374193062433e-01
3.888251888251888033e+01 5.019935789009293270e-01
4.073406740073406240e+01 5.485432789169005785e-01
4.258561591894925158e+01 5.971516374672206640e-01
4.443716443716443365e+01 6.478186545518888062e-01
4.628871295537961572e+01 7.005443301709051163e-01
4.814026147359480490e+01 7.555036000081658543e-01
4.999180999180998697e+01 8.141208697688214757e-01
5.184335851002516904e+01 8.749277276028927242e-01
5.369490702824035822e+01 9.379241735103794886e-01
5.554645554645554029e+01 1.003110207491281880e+00
5.739800406467072946e+01 1.070485829545599676e+00
5.924955258288591153e+01 1.140051039673333211e+00
6.110110110110109360e+01 1.211805837874482039e+00
6.295264961931628278e+01 1.285750224149047494e+00
6.480419813753147196e+01 1.361884198497028020e+00
6.665574665574665403e+01 1.440207760918423618e+00
6.850729517396183610e+01 1.520720911413235621e+00
7.035884369217701817e+01 1.603423649981462695e+00
7.221039221039220024e+01 1.688315976623105508e+00
7.406194072860739652e+01 1.775397891338163614e+00
7.591348924682257859e+01 1.864669394126638569e+00
7.776503776503776066e+01 1.956130484988527263e+00
7.961658628325294274e+01 2.049781163923833471e+00
8.146813480146812481e+01 2.145621430932553420e+00
8.331968331968330688e+01 2.243651286014689994e+00
8.517123183789850316e+01 2.343870729170242750e+00
8.702278035611368523e+01 2.446279760399209469e+00
8.887432887432886730e+01 2.550878379701594145e+00
9.072587739254404937e+01 2.657666587077391895e+00
9.257742591075923144e+01 2.766644382526606716e+00
9.442897442897442772e+01 2.877811766049237274e+00
9.628052294718960979e+01 2.991262958664704374e+00
9.813207146540479187e+01 3.107437594528368763e+00
9.998361998361997394e+01 3.225825451078711659e+00
1.018351685018351560e+02 3.346426528315736615e+00
1.036867170200503381e+02 3.469240826239441855e+00
1.055382655382655344e+02 3.594268344849827823e+00
1.073898140564807164e+02 3.721509084146895852e+00
1.092413625746958985e+02 3.850963044130642388e+00
1.110929110929110806e+02 3.982630224801069208e+00
1.129444596111262626e+02 4.116510626158178532e+00
1.147960081293414589e+02 4.252604248201966364e+00
1.166475566475566410e+02 4.390911090932436700e+00
1.184991051657718231e+02 4.531431154349586876e+00
1.203506536839870051e+02 4.674164438453416892e+00
1.222022022022021872e+02 4.819110943243926748e+00
1.240537507204173835e+02 4.966270668721119108e+00
1.259052992386325656e+02 5.115643614884991308e+00
1.277568477568477476e+02 5.267229781735545124e+00
1.296083962750629439e+02 5.421029169272778780e+00
1.314599447932781118e+02 5.577041777496692276e+00
1.333114933114933081e+02 5.735267606407287388e+00
1.351630418297084759e+02 5.895706656004558788e+00
1.370145903479236722e+02 6.058358926288516244e+00
1.388661388661388685e+02 6.223224417259152652e+00
1.407176873843540363e+02 6.390303128916469788e+00
1.425692359025692326e+02 6.559595061260466764e+00
1.444207844207844005e+02 6.731100214291144468e+00
1.462723329389995968e+02 6.904818588008502012e+00
1.481238814572147930e+02 7.080750182412541172e+00
1.499754299754299609e+02 7.258894997503261060e+00
1.518269784936451572e+02 7.439253033280661676e+00
1.536785270118603250e+02 7.621824289744741243e+00
1.555300755300755213e+02 7.806608766895501539e+00
1.573816240482906892e+02 7.993606464732942563e+00
1.592331725665058855e+02 8.182817383257066979e+00
1.610847210847210818e+02 8.374241522467869459e+00
1.629362696029362496e+02 8.567878882365350890e+00
1.647878181211514459e+02 8.763729462949516602e+00
1.666393666393666138e+02 8.961793264220359490e+00
1.684909151575818100e+02 9.162070286177884881e+00
1.703424636757970063e+02 9.364560528822092778e+00
1.721940121940121742e+02 9.569263992152979625e+00
1.740455607122273705e+02 9.776180676170545425e+00
1.758971092304425383e+02 9.985310580874790176e+00
1.777486577486577346e+02 1.019665370626572276e+01
1.796002062668729309e+02 1.041021005234332719e+01
1.814517547850880987e+02 1.062597961910761413e+01
1.833033033033032950e+02 1.084396240655858890e+01
