0.000000000000000000e+00 -1.368473602229870778e+01
5.050505050505050414e-02 -1.368473602229870778e+01
1.010101010101010083e-01 -4.132695553824931700e+00
1.515151515151515194e-01 6.339958675446116132e+00
2.020202020202020166e-01 1.413637514367796655e+01
2.525252525252525415e-01 2.146168664021416106e+01
3.030303030303030387e-01 2.845761825812774504e+01
3.535353535353535359e-01 3.316879668396967418e+01
4.040404040404040331e-01 3.615322904233403989e+01
4.545454545454545303e-01 3.903886645790659315e+01
5.050505050505050830e-01 4.183100341622078133e+01
5.555555555555555802e-01 4.453493710258874216e+01
6.060606060606060774e-01 4.715627211891267478e+01
6.565656565656565746e-01 4.969967333345198313e+01
7.070707070707070718e-01 5.216972013158482468e+01
7.575757575757575690e-01 5.352654845644841686e+01
8.080808080808080662e-01 5.477389495780104767e+01
8.585858585858585634e-01 5.601806334531113407e+01
9.090909090909090606e-01 5.723096273611954388e+01
9.595959595959595578e-01 5.841386805757517209e+01
1.010101010101010166e+00 5.956825900973650789e+01
1.060606060606060552e+00 6.069541206144680245e+01
1.111111111111111160e+00 6.179651870340236997e+01
1.161616161616161547e+00 6.287281174838443576e+01
1.212121212121212155e+00 6.392544118466504699e+01
1.262626262626262541e+00 6.495540072768021389e+01
1.313131313131313149e+00 6.592175236325745402e+01
1.363636363636363535e+00 6.633371304117403611e+01
1.414141414141414144e+00 6.671486916321565275e+01
1.464646464646464530e+00 6.708825523676453884e+01
1.515151515151515138e+00 6.745410820245034245e+01
1.565656565656565524e+00 6.781269369038668060e+01
1.616161616161616132e+00 6.816428717863139752e+01
1.666666666666666741e+00 6.850912148177356187e+01
1.717171717171717127e+00 6.884745191917032514e+01
1.767676767676767735e+00 6.917953722713225773e+01
1.818181818181818121e+00 6.950559012473304676e+01
1.868686868686868729e+00 6.982583159255963778e+01
1.919191919191919116e+00 7.012030035320017873e+01
1.969696969696969724e+00 7.043030361309456566e+01
2.020202020202020332e+00 7.073508321814567523e+01
2.070707070707070496e+00 7.103482591328966578e+01
2.121212121212121104e+00 7.132969572779542489e+01
2.171717171717171713e+00 7.161985784054384396e+01
2.222222222222222321e+00 7.190547099340749071e+01
2.272727272727272485e+00 7.218669236246211085e+01
2.323232323232323093e+00 7.246366298588999655e+01
2.373737373737373701e+00 7.273651849475631082e+01
2.424242424242424310e+00 7.300539128151827128e+01
2.474747474747474918e+00 7.327040793334506930e+01
2.525252525252525082e+00 7.353168952478743847e+01
2.575757575757575690e+00 7.376575829078961988e+01
2.626262626262626299e+00 7.402078350208594770e+01
2.676767676767676907e+00 7.427237757482625113e+01
2.727272727272727071e+00 7.452064226102241662e+01
2.777777777777777679e+00 7.476567560363815801e+01
2.828282828282828287e+00 7.500757162867974159e+01
2.878787878787878896e+00 7.524642053888808846e+01
2.929292929292929060e+00 7.548230889758275453e+01
2.979797979797979668e+00 7.571531980309346466e+01
3.030303030303030276e+00 7.594553305424493317e+01
3.080808080808080884e+00 7.617302530730644605e+01
3.131313131313131048e+00 7.625179560787344712e+01
3.181818181818181657e+00 7.632627435767608404e+01
3.232323232323232265e+00 7.639991935083683927e+01
3.282828282828282873e+00 7.647273910002711261e+01
3.333333333333333481e+00 7.654474723350799081e+01
3.383838383838383645e+00 7.661597211807814745e+01
3.434343434343434254e+00 7.668642358900763156e+01
3.484848484848484862e+00 7.674733538785800135e+01
3.535353535353535470e+00 7.681658738006071019e+01
3.585858585858585634e+00 7.688511579726971945e+01
3.636363636363636243e+00 7.695294133711558970e+01
3.686868686868686851e+00 7.702007359554289678e+01
3.737373737373737459e+00 7.708652927731492355e+01
3.787878787878787623e+00 7.715232434128826355e+01
3.838383838383838231e+00 7.721747373864468500e+01
3.888888888888888840e+00 7.728199228306459645e+01
3.939393939393939448e+00 7.734589429438780428e+01
3.989898989898989612e+00 7.740919361883460681e+01
4.040404040404040664e+00 7.747190403993143093e+01
4.090909090909090828e+00 7.753404082342854053e+01
4.141414141414140992e+00 7.759561350127046353e+01
4.191919191919192045e+00 7.765663422909514679e+01
4.242424242424242209e+00 7.771711477588081607e+01
4.292929292929293261e+00 7.777706653927506864e+01
4.343434343434343425e+00 7.783650056022901254e+01
4.393939393939393590e+00 7.789542753697449484e+01
4.444444444444444642e+00 7.795385783837261329e+01
4.494949494949494806e+00 7.801180151666478935e+01
4.545454545454544970e+00 7.806926831965532187e+01
4.595959595959596022e+00 7.812626770235542040e+01
4.646464646464646187e+00 7.817326133967603141e+01
4.696969696969697239e+00 7.822963746333414292e+01
4.747474747474747403e+00 7.828556438720907806e+01
4.797979797979797567e+00 7.834105074601646379e+01
4.848484848484848619e+00 7.839610492690228227e+01
4.898989898989898784e+00 7.845073507834646875e+01
4.949494949494949836e+00 7.850495009695973181e+01
5.000000000000000000e+00 7.855875719812661373e+01
