0.000000000000000000e+00 4.561578674099575181e+00
5.050505050505050414e-02 8.927021549469502659e+00
1.010101010101010083e-01 1.503015721121158244e+01
1.515151515151515194e-01 2.021190089451429373e+01
2.020202020202020166e-01 2.444530956587917814e+01
2.525252525252525415e-01 2.821310306883985675e+01
3.030303030303030387e-01 3.113616539001729322e+01
3.535353535353535359e-01 3.395228324011500121e+01
4.040404040404040331e-01 3.662656406081720206e+01
4.545454545454545303e-01 3.864076669711482737e+01
5.050505050505050830e-01 4.056517703859653068e+01
5.555555555555555802e-01 4.245108686745409443e+01
6.060606060606060774e-01 4.427889380900658267e+01
6.565656565656565746e-01 4.592317753103482403e+01
7.070707070707070718e-01 4.714321268124410835e+01
7.575757575757575690e-01 4.833154608148171860e+01
8.080808080808080662e-01 4.948925869909091801e+01
8.585858585858585634e-01 5.061772362138810877e+01
9.090909090909090606e-01 5.171830488755219335e+01
9.595959595959595578e-01 5.279226013517201466e+01
1.010101010101010166e+00 5.384067810667726661e+01
1.060606060606060552e+00 5.481994289318751612e+01
1.111111111111111160e+00 5.546741905988167787e+01
1.161616161616161547e+00 5.610091140460855286e+01
1.212121212121212155e+00 5.672059480452670499e+01
1.262626262626262541e+00 5.732689947947534392e+01
1.313131313131313149e+00 5.792032242320102142e+01
1.363636363636363535e+00 5.850126846045333906e+01
1.414141414141414144e+00 5.904514599565185051e+01
1.464646464646464530e+00 5.960277848456316718e+01
1.515151515151515138e+00 6.014919351514265600e+01
1.565656565656565524e+00 6.068472630603859841e+01
1.616161616161616132e+00 6.120972166009501336e+01
1.666666666666666741e+00 6.172450663767465784e+01
1.717171717171717127e+00 6.222938393047390093e+01
1.767676767676767735e+00 6.272465835785210686e+01
1.818181818181818121e+00 6.321059787371341088e+01
1.868686868686868729e+00 6.368747292634616741e+01
1.919191919191919116e+00 6.401697043986429492e+01
1.969696969696969724e+00 6.425930529944515968e+01
2.020202020202020332e+00 6.449714770370493966e+01
2.070707070707070496e+00 6.473064153027273449e+01
2.121212121212121104e+00 6.494292248011500135e+01
2.171717171717171713e+00 6.516862442113367138e+01
2.222222222222222321e+00 6.539033585235900148e+01
2.272727272727272485e+00 6.560816815763007526e+01
2.323232323232323093e+00 6.582222663864774859e+01
2.373737373737373701e+00 6.603260953177105819e+01
2.424242424242424310e+00 6.623941410171804023e+01
2.474747474747474918e+00 6.644272997208122433e+01
2.525252525252525082e+00 6.664265322912051204e+01
2.575757575757575690e+00 6.683927364476897992e+01
2.626262626262626299e+00 6.703267493035350810e+01
2.676767676767676907e+00 6.722293949572004124e+01
2.727272727272727071e+00 6.741014712797809239e+01
2.777777777777777679e+00 6.759437502711401180e+01
2.828282828282828287e+00 6.777569790926222026e+01
2.878787878787878896e+00 6.793505630962069120e+01
2.929292929292929060e+00 6.811151434165731189e+01
2.979797979797979668e+00 6.828526112265393522e+01
3.030303030303030276e+00 6.845636194189138735e+01
3.080808080808080884e+00 6.862488012248769564e+01
3.131313131313131048e+00 6.879087709223801994e+01
3.181818181818181657e+00 6.895441245109248030e+01
3.232323232323232265e+00 6.911554403551572534e+01
3.282828282828282873e+00 6.927432797991946245e+01
3.333333333333333481e+00 6.943081912222544361e+01
3.383838383838383645e+00 6.958507049355698371e+01
3.434343434343434254e+00 6.973713279000145349e+01
3.484848484848484862e+00 6.988705591821103269e+01
3.535353535353535470e+00 7.003488835138250579e+01
3.585858585858585634e+00 7.018067717666959027e+01
3.636363636363636243e+00 7.032446814071710151e+01
3.686868686868686851e+00 7.044540827830486762e+01
3.737373737373737459e+00 7.058620182688551381e+01
3.787878787878787623e+00 7.072510366849904528e+01
3.838383838383838231e+00 7.086215216805233297e+01
3.888888888888888840e+00 7.099738690950587738e+01
3.939393939393939448e+00 7.113084676582214172e+01
3.989898989898989612e+00 7.126256957669885139e+01
4.040404040404040664e+00 7.139259217895197196e+01
4.090909090909090828e+00 7.152095043587991086e+01
4.141414141414140992e+00 7.164767926565856726e+01
4.191919191919192045e+00 7.177281266880524413e+01
4.242424242424242209e+00 7.189638375476032195e+01
4.292929292929293261e+00 7.201842476761787282e+01
4.343434343434343425e+00 7.213896711105309123e+01
4.393939393939393590e+00 7.225804137246063874e+01
4.444444444444444642e+00 7.237567734635879901e+01
4.494949494949494806e+00 7.249190405706588081e+01
4.545454545454544970e+00 7.260674978069698682e+01
4.595959595959596022e+00 7.272024206648750067e+01
4.646464646464646187e+00 7.283240775748406293e+01
4.696969696969697239e+00 7.292289225156599741e+01
4.747474747474747403e+00 7.300201774860370563e+01
4.797979797979797567e+00 7.304014234483003065e+01
4.848484848484848619e+00 7.307788677138043454e+01
4.898989898989898784e+00 7.311523187809763158e+01
4.949494949494949836e+00 7.315219080502149041e+01
5.000000000000000000e+00 7.318877557760470154e+01
