0.000000000000000000e+00 -1.824631469639827941e+01
5.050505050505050414e-02 -1.824631469639827941e+01
1.010101010101010083e-01 -1.824631469639827941e+01
1.515151515151515194e-01 -1.824631469639827941e+01
2.020202020202020166e-01 -1.634471200493448961e+01
2.525252525252525415e-01 -1.417039125984693726e+01
3.030303030303030387e-01 -1.211819570596417073e+01
3.535353535353535359e-01 -1.017125591574095367e+01
4.040404040404040331e-01 -8.581697409335125926e+00
4.545454545454545303e-01 -7.382478356458844537e+00
5.050505050505050830e-01 -6.223560334691256912e+00
5.555555555555555802e-01 -5.100200231928164740e+00
6.060606060606060774e-01 -4.008246595423948122e+00
6.565656565656565746e-01 -2.944075408545580697e+00
7.070707070707070718e-01 -1.904566419261199961e+00
7.575757575757575690e-01 -8.871043671307048406e-01
8.080808080808080662e-01 7.779734378235805825e-02
8.585858585858585634e-01 7.737896223606364199e-01
9.090909090909090606e-01 1.460247638347230925e+00
9.595959595959595578e-01 2.137321657146215692e+00
1.010101010101010166e+00 2.805803699699711107e+00
1.060606060606060552e+00 3.466325826611666550e+00
1.111111111111111160e+00 4.119586433532930414e+00
1.161616161616161547e+00 4.766100235213855285e+00
1.212121212121212155e+00 5.406377838985520157e+00
1.262626262626262541e+00 6.040871582054553102e+00
1.313131313131313149e+00 6.670036473641973274e+00
1.363636363636363535e+00 7.294197981115139839e+00
1.414141414141414144e+00 7.913671837493693850e+00
1.464646464646464530e+00 8.528753638535143011e+00
1.515151515151515138e+00 9.111880547142826359e+00
1.565656565656565524e+00 9.573615263250800922e+00
1.616161616161616132e+00 1.001074271934847637e+01
1.666666666666666741e+00 1.044562965465579474e+01
1.717171717171717127e+00 1.087834657679822392e+01
1.767676767676767735e+00 1.128611180635739863e+01
1.818181818181818121e+00 1.171435692317910338e+01
1.868686868686868729e+00 1.214064854344715272e+01
1.919191919191919116e+00 1.256506939342177454e+01
1.969696969696969724e+00 1.298773391876591177e+01
2.020202020202020332e+00 1.340869471308776539e+01
2.070707070707070496e+00 1.382799687888040729e+01
2.121212121212121104e+00 1.424570085819241960e+01
2.171717171717171713e+00 1.466186280685963084e+01
2.222222222222222321e+00 1.507653498791583857e+01
2.272727272727272485e+00 1.548978396668503521e+01
2.323232323232323093e+00 1.590166273222016358e+01
2.373737373737373701e+00 1.631218824772142995e+01
2.424242424242424310e+00 1.672140527918995190e+01
2.474747474747474918e+00 1.712935412449513706e+01
2.525252525252525082e+00 1.753606186044584803e+01
2.575757575757575690e+00 1.794156148073512114e+01
2.626262626262626299e+00 1.832067817383378383e+01
2.676767676767676907e+00 1.862268925683530441e+01
2.727272727272727071e+00 1.892418654786813903e+01
2.777777777777777679e+00 1.922500412175497075e+01
2.828282828282828287e+00 1.952508977254657907e+01
2.878787878787878896e+00 1.982448878692940752e+01
2.929292929292929060e+00 2.012318596228576695e+01
2.979797979797979668e+00 2.042119326288743153e+01
3.030303030303030276e+00 2.071854254220225755e+01
3.080808080808080884e+00 2.101522444020806191e+01
3.131313131313131048e+00 2.131125179110451384e+01
3.181818181818181657e+00 2.160663681167586958e+01
3.232323232323232265e+00 2.190139114264804476e+01
3.282828282828282873e+00 2.219554061343734830e+01
3.333333333333333481e+00 2.248908373965728558e+01
3.383838383838383645e+00 2.278202835049337693e+01
3.434343434343434254e+00 2.307438412557995022e+01
3.484848484848484862e+00 2.336616033140880688e+01
3.535353535353535470e+00 2.365736584682914767e+01
3.585858585858585634e+00 2.394800918664954281e+01
3.636363636363636243e+00 2.423809852352325933e+01
3.686868686868686851e+00 2.452764170823742518e+01
3.737373737373737459e+00 2.481664908625345234e+01
3.787878787878787623e+00 2.510513212777004810e+01
3.838383838383838231e+00 2.539309097512779800e+01
3.888888888888888840e+00 2.568053236323497046e+01
3.939393939393939448e+00 2.596746278713613520e+01
3.989898989898989612e+00 2.625388965375453054e+01
4.040404040404040664e+00 2.653982057060451538e+01
4.090909090909090828e+00 2.682526361878781529e+01
4.141414141414140992e+00 2.711021943431142844e+01
4.191919191919192045e+00 2.738767924329278003e+01
4.242424242424242209e+00 2.759346217959715375e+01
4.292929292929293261e+00 2.779921806481689472e+01
4.343434343434343425e+00 2.800468248433940843e+01
4.393939393939393590e+00 2.820985276106261352e+01
4.444444444444444642e+00 2.841467247756139614e+01
4.494949494949494806e+00 2.861916417870920171e+01
4.545454545454544970e+00 2.882332331944691717e+01
4.595959595959596022e+00 2.902713871302659143e+01
4.646464646464646187e+00 2.923061508679976583e+01
4.696969696969697239e+00 2.943376033275621140e+01
4.747474747474747403e+00 2.963658037396572098e+01
4.797979797979797567e+00 2.983906524664146787e+01
4.848484848484848619e+00 3.004121702365766566e+01
4.898989898989898784e+00 3.024303772171714044e+01
4.949494949494949836e+00 3.044452930394682255e+01
5.000000000000000000e+00 3.064569368235026658e+01
