0.000000000000000000e+00 4.561578674099575181e+00
5.050505050505050414e-02 6.749564856385185330e+00
1.010101010101010083e-01 1.076657737005113802e+01
1.515151515151515194e-01 1.388457480483627116e+01
2.020202020202020166e-01 1.613805931216542433e+01
2.525252525252525415e-01 1.828928200721261632e+01
3.030303030303030387e-01 1.968217092677466340e+01
3.535353535353535359e-01 2.103115768870636160e+01
4.040404040404040331e-01 2.233723988004401306e+01
4.545454545454545303e-01 2.358851554781699633e+01
5.050505050505050830e-01 2.481263733485344147e+01
5.555555555555555802e-01 2.599874278920098547e+01
6.060606060606060774e-01 2.714862336159773903e+01
6.565656565656565746e-01 2.793692097744778380e+01
7.070707070707070718e-01 2.862804010497263718e+01
7.575757575757575690e-01 2.930217414386257957e+01
8.080808080808080662e-01 2.996009885507792703e+01
8.585858585858585634e-01 3.060256968226031660e+01
9.090909090909090606e-01 3.123038634056643303e+01
9.595959595959595578e-01 3.184424430453659127e+01
1.010101010101010166e+00 3.244483506396450423e+01
1.060606060606060552e+00 3.303285350553974808e+01
1.111111111111111160e+00 3.360890906082452290e+01
1.161616161616161547e+00 3.417357153526108959e+01
1.212121212121212155e+00 3.472739943296377874e+01
1.262626262626262541e+00 3.527092046647359069e+01
1.313131313131313149e+00 3.580463309684373741e+01
1.363636363636363535e+00 3.632900805566451652e+01
1.414141414141414144e+00 3.672790480403813973e+01
1.464646464646464530e+00 3.706867843752004887e+01
1.515151515151515138e+00 3.740453747260243489e+01
1.565656565656565524e+00 3.771978217618528362e+01
1.616161616161616132e+00 3.804601833628675678e+01
1.666666666666666741e+00 3.836780997659079873e+01
1.717171717171717127e+00 3.868529738723886169e+01
1.767676767676767735e+00 3.899862727544632435e+01
1.818181818181818121e+00 3.930795854559018920e+01
1.868686868686868729e+00 3.961348545947851107e+01
1.919191919191919116e+00 3.991532609265564702e+01
1.969696969696969724e+00 4.021360365015019056e+01
2.020202020202020332e+00 4.050844964439660600e+01
2.070707070707070496e+00 4.079998893664044601e+01
2.121212121212121104e+00 4.108834013797582685e+01
2.171717171717171713e+00 4.137362029123918461e+01
2.222222222222222321e+00 4.165595499628867060e+01
2.272727272727272485e+00 4.193544031594338861e+01
2.323232323232323093e+00 4.221215576836604555e+01
2.373737373737373701e+00 4.248619379588602385e+01
2.424242424242424310e+00 4.275764250119605947e+01
2.474747474747474918e+00 4.302658589511084131e+01
2.525252525252525082e+00 4.329310412826318810e+01
2.575757575757575690e+00 4.355727370785771768e+01
2.626262626262626299e+00 4.381916770054053956e+01
2.676767676767676907e+00 4.407885592235439276e+01
2.727272727272727071e+00 4.433640511667626072e+01
2.777777777777777679e+00 4.459187912097772255e+01
2.828282828282828287e+00 4.484533902317497223e+01
2.878787878787878896e+00 4.509684330829200860e+01
2.929292929292929060e+00 4.534645412732420766e+01
2.979797979797979668e+00 4.559422525754605005e+01
3.030303030303030276e+00 4.577099700015887862e+01
3.080808080808080884e+00 4.594054168992762754e+01
3.131313131313131048e+00 4.610899998596054417e+01
3.181818181818181657e+00 4.627633296023604004e+01
3.232323232323232265e+00 4.642454029396910897e+01
3.282828282828282873e+00 4.658973356542328759e+01
3.333333333333333481e+00 4.675383621736148143e+01
3.383838383838383645e+00 4.691687317225240150e+01
3.434343434343434254e+00 4.707890696330685643e+01
3.484848484848484862e+00 4.723993158105688650e+01
3.535353535353535470e+00 4.739995844980042961e+01
3.585858585858585634e+00 4.755900908487272005e+01
3.636363636363636243e+00 4.771710425051774962e+01
3.686868686868686851e+00 4.787426399409810074e+01
3.737373737373737459e+00 4.803050923048812137e+01
3.787878787878787623e+00 4.818587961339352432e+01
3.838383838383838231e+00 4.834037342615454946e+01
3.888888888888888840e+00 4.849400694556331359e+01
3.939393939393939448e+00 4.864679459313580168e+01
3.989898989898989612e+00 4.879875274084306369e+01
4.040404040404040664e+00 4.894989723784713931e+01
4.090909090909090828e+00 4.910024343258749013e+01
4.141414141414140992e+00 4.924980619374034774e+01
4.191919191919192045e+00 4.939859993012147044e+01
4.242424242424242209e+00 4.954663860959198018e+01
4.292929292929293261e+00 4.969393577702321352e+01
4.343434343434343425e+00 4.984050974531805167e+01
4.393939393939393590e+00 4.998637624243715294e+01
4.444444444444444642e+00 5.013154149976986673e+01
4.494949494949494806e+00 5.027601492165494079e+01
4.545454545454544970e+00 5.041980818507038720e+01
4.595959595959596022e+00 5.056293263503869895e+01
4.646464646464646187e+00 5.070539929732741768e+01
4.696969696969697239e+00 5.084721889055750665e+01
4.747474747474747403e+00 5.098840183775240575e+01
4.797979797979797567e+00 5.112895827735682985e+01
4.848484848484848619e+00 5.126889807375684427e+01
4.898989898989898784e+00 5.140823082731901650e+01
4.949494949494949836e+00 5.154696588398775958e+01
5.000000000000000000e+00 5.168511234444821412e+01
