0.000000000000000000e+00 2.280789337049787591e+00
5.050505050505050414e-02 3.455409943071075407e+00
1.010101010101010083e-01 5.829036674493202064e+00
1.515151515151515194e-01 8.118828850747140891e+00
2.020202020202020166e-01 9.922341705596812389e+00
2.525252525252525415e-01 1.133853272796943479e+01
3.030303030303030387e-01 1.270935893419528107e+01
3.535353535353535359e-01 1.395862347323198627e+01
4.040404040404040331e-01 1.495898268083698213e+01
4.545454545454545303e-01 1.593013844738904083e+01
5.050505050505050830e-01 1.687369179915202722e+01
5.555555555555555802e-01 1.779112282971282966e+01
6.060606060606060774e-01 1.859111739167538602e+01
6.565656565656565746e-01 1.929827078620004244e+01
7.070707070707070718e-01 1.998792506577247252e+01
7.575757575757575690e-01 2.066092531314574998e+01
8.080808080808080662e-01 2.131806370650648930e+01
8.585858585858585634e-01 2.196010520288555767e+01
9.090909090909090606e-01 2.258773512488095392e+01
9.595959595959595578e-01 2.312945879893690915e+01
1.010101010101010166e+00 2.362049522497312992e+01
1.060606060606060552e+00 2.410148598856501323e+01
1.111111111111111160e+00 2.457284360879937779e+01
1.161616161616161547e+00 2.503497618245895850e+01
1.212121212121212155e+00 2.548825665510197780e+01
1.262626262626262541e+00 2.593304344453685317e+01
1.313131313131313149e+00 2.636967889389244135e+01
1.363636363636363535e+00 2.679847452111233608e+01
1.414141414141414144e+00 2.721972579414416415e+01
1.464646464646464530e+00 2.757193014032554501e+01
1.515151515151515138e+00 2.788404285052690312e+01
1.565656565656565524e+00 2.819111053615779738e+01
1.616161616161616132e+00 2.849328854720666016e+01
1.666666666666666741e+00 2.877531782076954059e+01
1.717171717171717127e+00 2.906828322448867397e+01
1.767676767676767735e+00 2.935685751958800083e+01
1.818181818181818121e+00 2.964117443282548336e+01
1.868686868686868729e+00 2.992137105777114670e+01
1.919191919191919116e+00 3.019757879723676908e+01
1.969696969696969724e+00 3.046992822781840360e+01
2.020202020202020332e+00 3.073852982419105118e+01
2.070707070707070496e+00 3.100349895397097910e+01
2.121212121212121104e+00 3.126494314279153386e+01
2.171717171717171713e+00 3.152296122643610587e+01
2.222222222222222321e+00 3.177765076664173804e+01
2.272727272727272485e+00 3.202910554729562165e+01
2.323232323232323093e+00 3.227741747508033399e+01
2.373737373737373701e+00 3.252267069116803810e+01
2.424242424242424310e+00 3.276494481276105830e+01
2.474747474747474918e+00 3.300431808969894831e+01
2.525252525252525082e+00 3.324086554663684012e+01
2.575757575757575690e+00 3.347465916100622962e+01
2.626262626262626299e+00 3.370576802892215795e+01
2.676767676767676907e+00 3.393425852000335396e+01
2.727272727272727071e+00 3.416019442196035527e+01
2.777777777777777679e+00 3.436207699657053638e+01
2.828282828282828287e+00 3.458341716302221158e+01
2.878787878787878896e+00 3.480238166691998458e+01
2.929292929292929060e+00 3.501902476636615091e+01
2.979797979797979668e+00 3.523339876119152336e+01
3.030303030303030276e+00 3.544555580350890978e+01
3.080808080808080884e+00 3.565554557963744031e+01
3.131313131313131048e+00 3.586341515161642945e+01
3.181818181818181657e+00 3.606920706061899295e+01
3.232323232323232265e+00 3.627296513623854679e+01
3.282828282828282873e+00 3.647473174730882306e+01
3.333333333333333481e+00 3.662061142739666764e+01
3.383838383838383645e+00 3.676019981103805634e+01
3.434343434343434254e+00 3.689858132688900128e+01
3.484848484848484862e+00 3.703572893649574382e+01
3.535353535353535470e+00 3.717167272310649651e+01
3.585858585858585634e+00 3.730642502923615922e+01
3.636363636363636243e+00 3.743999669536686525e+01
3.686868686868686851e+00 3.757240945590348247e+01
3.737373737373737459e+00 3.770370387739491491e+01
3.787878787878787623e+00 3.783388478961546042e+01
3.838383838383838231e+00 3.796297072711834630e+01
3.888888888888888840e+00 3.809098166605150482e+01
3.939393939393939448e+00 3.821793699782266174e+01
3.989898989898989612e+00 3.834385555253984279e+01
4.040404040404040664e+00 3.846875589265134465e+01
4.090909090909090828e+00 3.859266585458146182e+01
4.141414141414140992e+00 3.869671203933678783e+01
4.191919191919192045e+00 3.881899627785945484e+01
4.242424242424242209e+00 3.894032699412527165e+01
4.292929292929293261e+00 3.906071998786069344e+01
4.343434343434343425e+00 3.918019064022402631e+01
4.393939393939393590e+00 3.929875392916206067e+01
4.444444444444444642e+00 3.941642629631777339e+01
4.494949494949494806e+00 3.953322047764691405e+01
4.545454545454544970e+00 3.964914992193695298e+01
4.595959595959596022e+00 3.976422813295215519e+01
4.646464646464646187e+00 3.987846827814750839e+01
4.696969696969697239e+00 3.999188743311096772e+01
4.747474747474747403e+00 4.010449952649258876e+01
4.797979797979797567e+00 4.021631110717332547e+01
4.848484848484848619e+00 4.032733410205223379e+01
4.898989898989898784e+00 4.043758015518054805e+01
4.949494949494949836e+00 4.054706063707372721e+01
5.000000000000000000e+00 4.065578665362875199e+01
