0.000000000000000000e+00 -9.123157348199150141e-01
5.050505050505050414e-02 -9.123157348199150141e-01
1.010101010101010083e-01 -9.123157348199150141e-01
1.515151515151515194e-01 -2.291014864202133364e-02
2.020202020202020166e-01 1.021741473133149780e+00
2.525252525252525415e-01 1.935108157185499778e+00
3.030303030303030387e-01 2.839481805414154181e+00
3.535353535353535359e-01 3.901904925220780029e+00
4.040404040404040331e-01 4.934852508222615342e+00
4.545454545454545303e-01 5.939685610033976104e+00
5.050505050505050830e-01 6.917765186993817927e+00
5.555555555555555802e-01 7.870404223781712894e+00
6.060606060606060774e-01 8.798836551930616423e+00
6.565656565656565746e-01 9.704232476180868261e+00
7.070707070707070718e-01 1.061961290263329261e+01
7.575757575757575690e-01 1.155808677507057602e+01
8.080808080808080662e-01 1.247582407462873100e+01
8.585858585858585634e-01 1.335279695974515235e+01
9.090909090909090606e-01 1.423134686040157426e+01
9.595959595959595578e-01 1.509179201963887529e+01
1.010101010101010166e+00 1.593493509948197939e+01
1.060606060606060552e+00 1.676147860458354089e+01
1.111111111111111160e+00 1.757211146262585544e+01
1.161616161616161547e+00 1.836748306881039738e+01
1.212121212121212155e+00 1.914821694008061215e+01
1.262626262626262541e+00 1.991486627270255028e+01
1.313131313131313149e+00 2.066796941778203234e+01
1.363636363636363535e+00 2.140803727121233280e+01
1.414141414141414144e+00 2.213555296502737235e+01
1.464646464646464530e+00 2.285097376837972405e+01
1.515151515151515138e+00 2.355473283419561881e+01
1.565656565656565524e+00 2.424724130949782364e+01
1.616161616161616132e+00 2.492889562038639539e+01
1.666666666666666741e+00 2.560005834652710988e+01
1.717171717171717127e+00 2.609944339771609378e+01
1.767676767676767735e+00 2.652880555463849888e+01
1.818181818181818121e+00 2.697711177930304416e+01
1.868686868686868729e+00 2.741899516601735343e+01
1.919191919191919116e+00 2.785464494871165186e+01
1.969696969696969724e+00 2.828418724994114442e+01
2.020202020202020332e+00 2.870782677557007645e+01
2.070707070707070496e+00 2.912570543869517792e+01
2.121212121212121104e+00 2.953796802518905196e+01
2.171717171717171713e+00 2.994476604496096428e+01
2.222222222222222321e+00 3.034624559654466935e+01
2.272727272727272485e+00 3.074256454581036024e+01
2.323232323232323093e+00 3.113383576452283208e+01
2.373737373737373701e+00 3.152018872218765111e+01
2.424242424242424310e+00 3.190174853258547927e+01
2.474747474747474918e+00 3.227863164970897714e+01
2.525252525252525082e+00 3.265095250312376862e+01
2.575757575757575690e+00 3.301882127030591363e+01
2.626262626262626299e+00 3.338234408861833913e+01
2.676767676767676907e+00 3.374162839598165675e+01
2.727272727272727071e+00 3.409676983333324074e+01
2.777777777777777679e+00 3.441428430390740800e+01
2.828282828282828287e+00 3.476205957575849226e+01
2.878787878787878896e+00 3.510596393472021504e+01
2.929292929292929060e+00 3.544608231472728477e+01
2.979797979797979668e+00 3.577833580931319801e+01
3.030303030303030276e+00 3.604151773020437588e+01
3.080808080808080884e+00 3.630233276741581960e+01
3.131313131313131048e+00 3.656062560219290702e+01
3.181818181818181657e+00 3.681639284750237806e+01
3.232323232323232265e+00 3.706972860548976456e+01
3.282828282828282873e+00 3.732065137436251945e+01
3.333333333333333481e+00 3.756921005976239059e+01
3.383838383838383645e+00 3.781546536907372769e+01
3.434343434343434254e+00 3.805947987351623141e+01
3.484848484848484862e+00 3.830128504024572322e+01
3.535353535353535470e+00 3.854092441620311860e+01
3.585858585858585634e+00 3.877844320130513722e+01
3.636363636363636243e+00 3.901388517368990705e+01
3.686868686868686851e+00 3.924729274705750015e+01
3.737373737373737459e+00 3.947872117228277489e+01
3.787878787878787623e+00 3.970820059989434725e+01
3.838383838383838231e+00 3.993576616035996096e+01
3.888888888888888840e+00 4.016145529626847122e+01
3.939393939393939448e+00 4.038530433352266868e+01
3.989898989898989612e+00 4.060734852433916586e+01
4.040404040404040664e+00 4.079533713365821512e+01
4.090909090909090828e+00 4.101445967915528712e+01
4.141414141414140992e+00 4.123186852537502745e+01
4.191919191919192045e+00 4.144759467671038777e+01
4.242424242424242209e+00 4.166166858179659727e+01
4.292929292929293261e+00 4.187411984694115574e+01
4.343434343434343425e+00 4.208499546051644558e+01
4.393939393939393590e+00 4.229430744599482495e+01
4.444444444444444642e+00 4.250208149766675803e+01
4.494949494949494806e+00 4.270834411515092199e+01
4.545454545454544970e+00 4.291312109459487800e+01
4.595959595959596022e+00 4.311643755305082237e+01
4.646464646464646187e+00 4.331831795183380507e+01
4.696969696969697239e+00 4.351878611890076343e+01
4.747474747474747403e+00 4.371786527030645431e+01
4.797979797979797567e+00 4.391557803078455180e+01
4.848484848484848619e+00 4.411194645347542576e+01
4.898989898989898784e+00 4.430699203887236592e+01
4.949494949494949836e+00 4.450073575299034445e+01
5.000000000000000000e+00 4.469319818238753328e+01
