9.749999999999999778e-01 1.014814123454867101e+01
9.000000000000000222e-01 2.082609866048499114e+01
8.499999999999999778e-01 2.595432073050664812e+01
8.000000000000000444e-01 3.050015339238730760e+01
7.500000000000000000e-01 3.470864481340598218e+01
6.999999999999999556e-01 3.870402431141863531e+01
5.999999999999999778e-01 4.632070377014736096e+01
5.000000000000000000e-01 5.368020059989582649e+01
4.000000000000000222e-01 6.093962834971416953e+01
2.999999999999999889e-01 6.817807995860816561e+01
2.000000000000000111e-01 7.543120794246523531e+01
1.000000000000000056e-01 8.270775479547762643e+01
7.499999999999999722e-02 8.452988322611992089e+01
