9.749999999999999778e-01 1.051854774116358904e+01
9.000000000000000222e-01 2.101095473982041995e+01
8.499999999999999778e-01 2.610213461408134350e+01
8.000000000000000444e-01 3.062480893399058246e+01
7.500000000000000000e-01 3.481670226526760104e+01
6.999999999999999556e-01 3.879916119848652301e+01
5.999999999999999778e-01 4.639605523260733833e+01
5.000000000000000000e-01 5.374005984300359273e+01
4.000000000000000222e-01 6.098614461400473630e+01
2.999999999999999889e-01 6.821237233457863169e+01
2.000000000000000111e-01 7.545385021233101952e+01
1.000000000000000056e-01 8.271902197318840422e+01
7.499999999999999722e-02 8.453832824423206205e+01
