9.749999999999999778e-01 4.989999999999999644e-03
9.000000000000000222e-01 2.662969367543697313e-02
8.499999999999999778e-01 5.080896966767274592e-02
8.000000000000000444e-01 8.658131917453079640e-02
7.500000000000000000e-01 1.328071729968685610e-01
6.999999999999999556e-01 1.975457394389129318e-01
5.999999999999999778e-01 3.721275830325918021e-01
5.000000000000000000e-01 6.302869325891754526e-01
4.000000000000000222e-01 1.028350868268735674e+00
2.999999999999999889e-01 1.691307515419304242e+00
2.000000000000000111e-01 3.097460311842953118e+00
1.000000000000000056e-01 5.959999999999999964e+00
7.499999999999999722e-02 5.959999999999999964e+00
