9.749999999999999778e-01 4.989999999999999644e-03
9.000000000000000222e-01 2.711013825025875706e-02
8.499999999999999778e-01 5.168599871021598013e-02
8.000000000000000444e-01 8.765335683231902097e-02
7.500000000000000000e-01 1.340454529857692811e-01
6.999999999999999556e-01 1.995362958452564228e-01
5.999999999999999778e-01 3.744116742384098750e-01
5.000000000000000000e-01 6.329151274818765049e-01
4.000000000000000222e-01 1.031466048392438717e+00
2.999999999999999889e-01 1.695102538360035771e+00
2.000000000000000111e-01 3.103532556943318532e+00
1.000000000000000056e-01 5.959999999999999964e+00
7.499999999999999722e-02 5.959999999999999964e+00
