-3.558997162963361802e+02 7.062235341464371174e+01
-3.523228347255187032e+02 6.316377868130046380e+01
-3.487459531547012830e+02 6.181148715828942386e+01
-3.451690715838838059e+02 6.047395150150062904e+01
-3.415921900130663857e+02 5.915118244466840736e+01
-3.380153084422489655e+02 5.784319108519861174e+01
-3.344384268714314885e+02 5.654998890107940923e+01
-3.308615453006140115e+02 5.527158776880381907e+01
-3.272846637297965344e+02 5.400799998237851440e+01
-3.237077821589791142e+02 5.275923827350035111e+01
-3.201309005881616940e+02 5.152531583298928552e+01
-3.165540190173442738e+02 5.030624633357442832e+01
-3.129771374465267968e+02 4.910204395413875744e+01
-3.094002558757093198e+02 4.791272340553831555e+01
-3.058233743048918427e+02 4.673829995812233307e+01
-3.022464927340744794e+02 4.557878947109323775e+01
-2.986696111632570023e+02 4.443420842385891945e+01
-2.950927295924395253e+02 4.330457394954535744e+01
-2.915158480216221051e+02 4.218990387085393223e+01
-2.879389664508046280e+02 4.109021673846745415e+01
-2.843620848799872078e+02 4.000553187223025020e+01
-2.807852033091697308e+02 3.893586940535137586e+01
-2.772083217383523106e+02 3.788125033190718227e+01
-2.736314401675348336e+02 3.684169655795029286e+01
-2.700545585967174134e+02 3.581723095656622746e+01
-2.664776770258999363e+02 3.480787742725803469e+01
-2.629007954550825161e+02 3.381366096008412114e+01
-2.593239138842650391e+02 3.283460770502441761e+01
-2.557470323134476189e+02 3.187074504710841083e+01
-2.521701507426301418e+02 3.092210168790407465e+01
-2.485932691718127501e+02 2.998870773404292578e+01
-2.450163876009952730e+02 2.907059479354317233e+01
-2.414395060301777960e+02 2.816779608079393427e+01
-2.378626244593603474e+02 2.728034653117933317e+01
-2.342857428885428988e+02 2.640828292645688791e+01
-2.307088613177254501e+02 2.555164403216118174e+01
-2.271319797469080015e+02 2.471047074848840452e+01
-2.235550981760905529e+02 2.388480627633210673e+01
-2.199782166052731327e+02 2.307469630039469877e+01
-2.164013350344556557e+02 2.228018919159894295e+01
-2.128244534636382070e+02 2.150133623137967476e+01
-2.092475718928207868e+02 2.073819186086009836e+01
-2.056706903220033098e+02 1.999081395842538456e+01
-2.020938087511858612e+02 1.925926414981774215e+01
-1.985169271803684410e+02 1.854360815561689790e+01
-1.949400456095509639e+02 1.784391618187040862e+01
-1.913631640387335153e+02 1.716026336073914038e+01
-1.877862824679160667e+02 1.649273024937968302e+01
-1.842094008970986181e+02 1.584140339696636701e+01
-1.806325193262811979e+02 1.520637599185358901e+01
-1.770556377554637209e+02 1.458774860351878466e+01
-1.734787561846462722e+02 1.398563003727321608e+01
-1.699018746138288236e+02 1.340013832400941851e+01
-1.663249930430113750e+02 1.283140187278463173e+01
-1.627481114721939264e+02 1.227956082125480819e+01
-1.591712299013764778e+02 1.174476862849509828e+01
-1.555943483305590291e+02 1.122719396745906373e+01
-1.520174667597415805e+02 1.072702299154097005e+01
-1.484405851889241319e+02 1.024446207334744940e+01
-1.448637036181066833e+02 9.779741146787843675e+00
-1.412868220472892631e+02 9.333117830502279944e+00
-1.377099404764717860e+02 8.904882578680297200e+00
-1.341330589056543374e+02 8.495365206259261726e+00
-1.305561773348368888e+02 8.104943289157390041e+00
-1.269792957640194402e+02 7.734053181157561241e+00
-1.234024141932020058e+02 7.383204780080413698e+00
-1.198255326223845429e+02 7.053001836474622976e+00
-1.162486510515670943e+02 6.744170768902579383e+00
-1.126717694807496315e+02 6.457603149855165370e+00
-1.090948879099322255e+02 6.194421471785110711e+00
-1.055180063391147485e+02 5.956087668176031080e+00
-1.019411247682972856e+02 5.744598709071370379e+00
-9.836424319747982281e+01 5.562888732918986889e+00
-9.478736162666241682e+01 5.415864196118262086e+00
-9.121048005584493978e+01 5.314967076506587063e+00
-8.763359848502747695e+01 5.264728018909144325e+00
-8.405671691421007097e+01 5.245771568941200336e+00
-8.047983534339260814e+01 5.236301179303388231e+00
-7.690295377257513110e+01 5.229290683926488548e+00
-7.332607220175772511e+01 5.223608046535639815e+00
-6.974919063094026228e+01 5.218802848642416947e+00
-6.617230906012279945e+01 5.214640872204642008e+00
-6.259542748930537925e+01 5.210981804956134056e+00
-5.901854591848791642e+01 5.207733770647523741e+00
-5.544166434767044649e+01 5.204832811238469858e+00
-5.186478277685304050e+01 5.202232377424117260e+00
-4.828790120603557057e+01 5.199897436528591932e+00
-4.471101963521810774e+01 5.197800936791850290e+00
-4.113413806440069465e+01 5.195921570160060732e+00
-3.755725649358323182e+01 5.194242295405488541e+00
-3.398037492276576188e+01 5.192749329025119209e+00
-3.040349335194829550e+01 5.191431436079744444e+00
-2.682661178113088596e+01 5.190279420289113155e+00
-2.324973021031341958e+01 5.189285750684525134e+00
-1.967284863949595319e+01 5.188444284532295114e+00
-1.609596706867854365e+01 5.187750059961256710e+00
-1.251908549786107550e+01 5.187199140409749276e+00
-8.942203927043610889e+00 5.186788498676338399e+00
-5.365322356226198686e+00 5.186515932177099053e+00
-1.788440785408732969e+00 5.186380003674168293e+00
1.788440785408732969e+00 5.186380003674168293e+00
5.365322356226144507e+00 5.186515932177095500e+00
8.942203927043610889e+00 5.186788498676337511e+00
1.251908549786107550e+01 5.187199140409745723e+00
1.609596706867854365e+01 5.187750059961254934e+00
1.967284863949595319e+01 5.188444284532296003e+00
2.324973021031341958e+01 5.189285750684525134e+00
2.682661178113088596e+01 5.190279420289113155e+00
3.040349335194829550e+01 5.191431436079740003e+00
3.398037492276576188e+01 5.192749329025111216e+00
3.755725649358323182e+01 5.194242295405489429e+00
4.113413806440063780e+01 5.195921570160059844e+00
4.471101963521810774e+01 5.197800936791849402e+00
4.828790120603557057e+01 5.199897436528589267e+00
5.186478277685298366e+01 5.202232377424112819e+00
5.544166434767044649e+01 5.204832811238469858e+00
5.901854591848791642e+01 5.207733770647525517e+00
6.259542748930532952e+01 5.210981804956131391e+00
6.617230906012279945e+01 5.214640872204640232e+00
6.974919063094026228e+01 5.218802848642413394e+00
7.332607220175766827e+01 5.223608046535636262e+00
7.690295377257513110e+01 5.229290683926489436e+00
8.047983534339260814e+01 5.236301179303389119e+00
8.405671691421007097e+01 5.245771568941200336e+00
8.763359848502747695e+01 5.264728018909142548e+00
9.121048005584493978e+01 5.314967076506586174e+00
9.478736162666241682e+01 5.415864196118262086e+00
9.836424319747982281e+01 5.562888732918988666e+00
1.019411247682972856e+02 5.744598709071370379e+00
1.055180063391147485e+02 5.956087668176030192e+00
1.090948879099321687e+02 6.194421471785103606e+00
1.126717694807496315e+02 6.457603149855165370e+00
1.162486510515670943e+02 6.744170768902581159e+00
1.198255326223845145e+02 7.053001836474619424e+00
1.234024141932019774e+02 7.383204780080409257e+00
1.269792957640194402e+02 7.734053181157561241e+00
1.305561773348369172e+02 8.104943289157395370e+00
1.341330589056543658e+02 8.495365206259267055e+00
1.377099404764717292e+02 8.904882578680290095e+00
1.412868220472892062e+02 9.333117830502271062e+00
1.448637036181066549e+02 9.779741146787838346e+00
1.484405851889241319e+02 1.024446207334745118e+01
1.520174667597415805e+02 1.072702299154097183e+01
1.555943483305590576e+02 1.122719396745907083e+01
1.591712299013765346e+02 1.174476862849510894e+01
1.627481114721938695e+02 1.227956082125479398e+01
1.663249930430113466e+02 1.283140187278462996e+01
1.699018746138288236e+02 1.340013832400941851e+01
1.734787561846462722e+02 1.398563003727321608e+01
1.770556377554637493e+02 1.458774860351878999e+01
1.806325193262812263e+02 1.520637599185358901e+01
1.842094008970985612e+02 1.584140339696635635e+01
1.877862824679160383e+02 1.649273024937967946e+01
1.913631640387335153e+02 1.716026336073913328e+01
1.949400456095509639e+02 1.784391618187040862e+01
1.985169271803684410e+02 1.854360815561689790e+01
2.020938087511858896e+02 1.925926414981774926e+01
2.056706903220032530e+02 1.999081395842537745e+01
2.092475718928207300e+02 2.073819186086008415e+01
2.128244534636381786e+02 2.150133623137966765e+01
2.164013350344556557e+02 2.228018919159894295e+01
2.199782166052731327e+02 2.307469630039469877e+01
2.235550981760905813e+02 2.388480627633211384e+01
2.271319797469080584e+02 2.471047074848841518e+01
2.307088613177254217e+02 2.555164403216117108e+01
2.342857428885428703e+02 2.640828292645688080e+01
2.378626244593603474e+02 2.728034653117933317e+01
2.414395060301777960e+02 2.816779608079393427e+01
2.450163876009952730e+02 2.907059479354317588e+01
2.485932691718127501e+02 2.998870773404292578e+01
2.521701507426300850e+02 3.092210168790406044e+01
2.557470323134475620e+02 3.187074504710839662e+01
2.593239138842650391e+02 3.283460770502441761e+01
2.629007954550825161e+02 3.381366096008411404e+01
2.664776770258999363e+02 3.480787742725803469e+01
2.700545585967174134e+02 3.581723095656622746e+01
2.736314401675347767e+02 3.684169655795027154e+01
2.772083217383522538e+02 3.788125033190716096e+01
2.807852033091697308e+02 3.893586940535136875e+01
2.843620848799872078e+02 4.000553187223025020e+01
2.879389664508046280e+02 4.109021673846745415e+01
2.915158480216221051e+02 4.218990387085393223e+01
2.950927295924395821e+02 4.330457394954537875e+01
2.986696111632569455e+02 4.443420842385890523e+01
3.022464927340744225e+02 4.557878947109321643e+01
3.058233743048918427e+02 4.673829995812234017e+01
3.094002558757093198e+02 4.791272340553831555e+01
3.129771374465267968e+02 4.910204395413876455e+01
3.165540190173442738e+02 5.030624633357442832e+01
3.201309005881616372e+02 5.152531583298926421e+01
3.237077821589791142e+02 5.275923827350032980e+01
3.272846637297965344e+02 5.400799998237851440e+01
3.308615453006140115e+02 5.527158776880381907e+01
3.344384268714314885e+02 5.654998890107940923e+01
3.380153084422489655e+02 5.784319108519861174e+01
3.415921900130664426e+02 5.915118244466842157e+01
3.451690715838837491e+02 6.047395150150060772e+01
3.487459531547012261e+02 6.181148715828938123e+01
3.523228347255187032e+02 6.316377868130044959e+01
3.558997162963361802e+02 7.062235341464371174e+01
