-3.947465080260523678e+02 7.062235341464369753e+01
-3.907792064378508030e+02 6.316377868130046380e+01
-3.868119048496492951e+02 6.181148715828940965e+01
-3.828446032614477872e+02 6.047395150150062193e+01
-3.788773016732462224e+02 5.915118244466840736e+01
-3.749100000850447145e+02 5.784319108519861174e+01
-3.709426984968431498e+02 5.654998890107939502e+01
-3.669753969086415850e+02 5.527158776880381197e+01
-3.630080953204400771e+02 5.400799998237850730e+01
-3.590407937322385692e+02 5.275923827350033690e+01
-3.550734921440370044e+02 5.152531583298927842e+01
-3.511061905558354965e+02 5.030624633357442121e+01
-3.471388889676339886e+02 4.910204395413874323e+01
-3.431715873794324239e+02 4.791272340553830844e+01
-3.392042857912309159e+02 4.673829995812234017e+01
-3.352369842030294080e+02 4.557878947109323065e+01
-3.312696826148278433e+02 4.443420842385891945e+01
-3.273023810266263354e+02 4.330457394954536454e+01
-3.233350794384248275e+02 4.218990387085393223e+01
-3.193677778502232059e+02 4.109021673846743283e+01
-3.154004762620217548e+02 4.000553187223025731e+01
-3.114331746738201900e+02 3.893586940535137586e+01
-3.074658730856186253e+02 3.788125033190716806e+01
-3.034985714974171174e+02 3.684169655795028575e+01
-2.995312699092156095e+02 3.581723095656620615e+01
-2.955639683210140447e+02 3.480787742725802758e+01
-2.915966667328125368e+02 3.381366096008412114e+01
-2.876293651446110289e+02 3.283460770502441761e+01
-2.836620635564095210e+02 3.187074504710840372e+01
-2.796947619682079562e+02 3.092210168790406755e+01
-2.757274603800064483e+02 2.998870773404292578e+01
-2.717601587918049404e+02 2.907059479354317233e+01
-2.677928572036033188e+02 2.816779608079392716e+01
-2.638255556154018677e+02 2.728034653117934738e+01
-2.598582540272003030e+02 2.640828292645688080e+01
-2.558909524389987951e+02 2.555164403216118529e+01
-2.519236508507972303e+02 2.471047074848840452e+01
-2.479563492625956940e+02 2.388480627633210318e+01
-2.439890476743941861e+02 2.307469630039469521e+01
-2.400217460861926497e+02 2.228018919159894295e+01
-2.360544444979911134e+02 2.150133623137967476e+01
-2.320871429097896055e+02 2.073819186086009481e+01
-2.281198413215880407e+02 1.999081395842538456e+01
-2.241525397333865044e+02 1.925926414981773860e+01
-2.201852381451849965e+02 1.854360815561689790e+01
-2.162179365569834602e+02 1.784391618187040507e+01
-2.122506349687819238e+02 1.716026336073914038e+01
-2.082833333805804159e+02 1.649273024937968657e+01
-2.043160317923788512e+02 1.584140339696636701e+01
-2.003487302041773432e+02 1.520637599185358013e+01
-1.963814286159758069e+02 1.458774860351878466e+01
-1.924141270277742706e+02 1.398563003727321608e+01
-1.884468254395727627e+02 1.340013832400941851e+01
-1.844795238513712263e+02 1.283140187278463173e+01
-1.805122222631696900e+02 1.227956082125480819e+01
-1.765449206749681537e+02 1.174476862849509828e+01
-1.725776190867666173e+02 1.122719396745906373e+01
-1.686103174985650810e+02 1.072702299154097005e+01
-1.646430159103635731e+02 1.024446207334745118e+01
-1.606757143221620368e+02 9.779741146787843675e+00
-1.567084127339605004e+02 9.333117830502279944e+00
-1.527411111457589641e+02 8.904882578680297200e+00
-1.487738095575574278e+02 8.495365206259259949e+00
-1.448065079693558914e+02 8.104943289157391817e+00
-1.408392063811543835e+02 7.734053181157559465e+00
-1.368719047929528472e+02 7.383204780080412810e+00
-1.329046032047513393e+02 7.053001836474624753e+00
-1.289373016165498029e+02 6.744170768902582047e+00
-1.249700000283482666e+02 6.457603149855168922e+00
-1.210026984401467445e+02 6.194421471785110711e+00
-1.170353968519452224e+02 5.956087668176032857e+00
-1.130680952637436434e+02 5.744598709071368603e+00
-1.091007936755421071e+02 5.562888732918987778e+00
-1.051334920873405849e+02 5.415864196118258533e+00
-1.011661904991390628e+02 5.314967076506585286e+00
-9.719888891093752648e+01 5.264728018909146101e+00
-9.323158732273600435e+01 5.245771568941197671e+00
-8.926428573453448223e+01 5.236301179303387343e+00
-8.529698414633296011e+01 5.229290683926489436e+00
-8.132968255813142378e+01 5.223608046535638039e+00
-7.736238096992990165e+01 5.218802848642416059e+00
-7.339507938172837953e+01 5.214640872204643784e+00
-6.942777779352684320e+01 5.210981804956134056e+00
-6.546047620532532108e+01 5.207733770647523741e+00
-6.149317461712374211e+01 5.204832811238468970e+00
-5.752587302892221288e+01 5.202232377424114595e+00
-5.355857144072069076e+01 5.199897436528590156e+00
-4.959126985251916153e+01 5.197800936791849402e+00
-4.562396826431763230e+01 5.195921570160059844e+00
-4.165666667611611018e+01 5.194242295405486765e+00
-3.768936508791458095e+01 5.192749329025118321e+00
-3.372206349971305883e+01 5.191431436079743555e+00
-2.975476191151152960e+01 5.190279420289112267e+00
-2.578746032331000393e+01 5.189285750684523357e+00
-2.182015873510847825e+01 5.188444284532294226e+00
-1.785285714690694903e+01 5.187750059961252269e+00
-1.388555555870537006e+01 5.187199140409746612e+00
-9.918253970503842609e+00 5.186788498676338399e+00
-5.950952382302316934e+00 5.186515932177097277e+00
-1.983650794100790371e+00 5.186380003674167405e+00
1.983650794100736192e+00 5.186380003674165629e+00
5.950952382302262755e+00 5.186515932177094612e+00
9.918253970503789319e+00 5.186788498676335735e+00
1.388555555870531499e+01 5.187199140409743947e+00
1.785285714690684244e+01 5.187750059961253157e+00
2.182015873510836812e+01 5.188444284532296003e+00
2.578746032330989379e+01 5.189285750684523357e+00
2.975476191151142302e+01 5.190279420289112267e+00
3.372206349971294514e+01 5.191431436079738226e+00
3.768936508791453122e+01 5.192749329025112104e+00
4.165666667611605334e+01 5.194242295405487653e+00
4.562396826431758257e+01 5.195921570160061620e+00
4.959126985251910469e+01 5.197800936791848514e+00
5.355857144072063392e+01 5.199897436528589267e+00
5.752587302892216314e+01 5.202232377424112819e+00
6.149317461712368527e+01 5.204832811238468970e+00
6.546047620532520739e+01 5.207733770647523741e+00
6.942777779352674372e+01 5.210981804956132279e+00
7.339507938172826584e+01 5.214640872204640232e+00
7.736238096992978797e+01 5.218802848642410730e+00
8.132968255813132430e+01 5.223608046535634486e+00
8.529698414633284642e+01 5.229290683926487660e+00
8.926428573453442539e+01 5.236301179303389119e+00
9.323158732273594751e+01 5.245771568941197671e+00
9.719888891093748384e+01 5.264728018909143437e+00
1.011661904991389491e+02 5.314967076506578181e+00
1.051334920873405281e+02 5.415864196118257645e+00
1.091007936755420076e+02 5.562888732918981560e+00
1.130680952637435865e+02 5.744598709071366827e+00
1.170353968519451655e+02 5.956087668176029304e+00
1.210026984401466450e+02 6.194421471785100941e+00
1.249700000283482240e+02 6.457603149855166258e+00
1.289373016165496892e+02 6.744170768902571389e+00
1.329046032047512824e+02 7.053001836474622976e+00
1.368719047929527335e+02 7.383204780080400376e+00
1.408392063811543267e+02 7.734053181157555912e+00
1.448065079693558062e+02 8.104943289157381159e+00
1.487738095575573709e+02 8.495365206259256396e+00
1.527411111457588504e+02 8.904882578680284766e+00
1.567084127339604436e+02 9.333117830502267509e+00
1.606757143221618946e+02 9.779741146787825912e+00
1.646430159103634878e+02 1.024446207334744230e+01
1.686103174985650526e+02 1.072702299154097005e+01
1.725776190867665321e+02 1.122719396745905485e+01
1.765449206749681252e+02 1.174476862849509828e+01
1.805122222631695763e+02 1.227956082125478865e+01
1.844795238513711695e+02 1.283140187278462996e+01
1.884468254395726490e+02 1.340013832400940252e+01
1.924141270277742137e+02 1.398563003727321075e+01
1.963814286159756932e+02 1.458774860351877223e+01
2.003487302041772864e+02 1.520637599185357480e+01
2.043160317923787375e+02 1.584140339696634570e+01
2.082833333805803306e+02 1.649273024937967236e+01
2.122506349687818101e+02 1.716026336073911551e+01
2.162179365569833749e+02 1.784391618187039086e+01
2.201852381451849681e+02 1.854360815561689080e+01
2.241525397333864476e+02 1.925926414981772083e+01
2.281198413215880123e+02 1.999081395842538456e+01
2.320871429097894918e+02 2.073819186086007349e+01
2.360544444979910566e+02 2.150133623137966410e+01
2.400217460861925360e+02 2.228018919159892164e+01
2.439890476743941292e+02 2.307469630039468456e+01
2.479563492625955803e+02 2.388480627633207831e+01
2.519236508507971735e+02 2.471047074848839742e+01
2.558909524389986530e+02 2.555164403216114977e+01
2.598582540272002461e+02 2.640828292645687014e+01
2.638255556154016972e+02 2.728034653117931185e+01
2.677928572036032620e+02 2.816779608079390584e+01
2.717601587918048835e+02 2.907059479354316167e+01
2.757274603800063346e+02 2.998870773404290091e+01
2.796947619682078994e+02 3.092210168790406755e+01
2.836620635564094073e+02 3.187074504710837886e+01
2.876293651446109720e+02 3.283460770502440340e+01
2.915966667328124231e+02 3.381366096008409272e+01
2.955639683210140447e+02 3.480787742725801337e+01
2.995312699092154958e+02 3.581723095656618483e+01
3.034985714974170605e+02 3.684169655795026443e+01
3.074658730856185684e+02 3.788125033190713964e+01
3.114331746738201332e+02 3.893586940535135454e+01
3.154004762620215843e+02 4.000553187223022178e+01
3.193677778502231490e+02 4.109021673846741862e+01
3.233350794384247706e+02 4.218990387085391802e+01
3.273023810266262217e+02 4.330457394954532901e+01
3.312696826148277864e+02 4.443420842385889813e+01
3.352369842030292943e+02 4.557878947109318801e+01
3.392042857912308591e+02 4.673829995812232596e+01
3.431715873794323102e+02 4.791272340553828002e+01
3.471388889676339318e+02 4.910204395413872902e+01
3.511061905558353828e+02 5.030624633357438569e+01
3.550734921440369476e+02 5.152531583298925000e+01
3.590407937322384555e+02 5.275923827350029427e+01
3.630080953204400203e+02 5.400799998237850019e+01
3.669753969086415850e+02 5.527158776880381197e+01
3.709426984968430929e+02 5.654998890107937370e+01
3.749100000850446577e+02 5.784319108519859043e+01
3.788773016732461087e+02 5.915118244466836472e+01
3.828446032614477303e+02 6.047395150150060061e+01
3.868119048496491814e+02 6.181148715828937412e+01
3.907792064378507462e+02 6.316377868130044959e+01
3.947465080260523678e+02 7.062235341464369753e+01
