-7.958159588114972394e+02 -1.000000000000000000e+00
-7.918269063863770043e+02 -1.000000000000000000e+00
-7.878378539612567693e+02 -1.000000000000000000e+00
-7.838488015361364205e+02 -1.000000000000000000e+00
-7.798597491110160718e+02 -1.000000000000000000e+00
-7.758706966858958367e+02 -1.000000000000000000e+00
-7.718816442607756017e+02 -1.000000000000000000e+00
-7.678925918356552529e+02 -1.000000000000000000e+00
-7.639035394105349042e+02 -1.000000000000000000e+00
-7.599144869854146691e+02 -1.000000000000000000e+00
-7.559254345602944340e+02 -1.000000000000000000e+00
-7.519363821351740853e+02 -1.000000000000000000e+00
-7.479473297100538502e+02 -1.000000000000000000e+00
-7.439582772849336152e+02 -1.000000000000000000e+00
-7.399692248598132664e+02 -1.000000000000000000e+00
-7.359801724346929177e+02 -1.000000000000000000e+00
-7.319911200095726826e+02 -1.000000000000000000e+00
-7.280020675844524476e+02 -1.000000000000000000e+00
-7.240130151593320988e+02 -1.000000000000000000e+00
-7.200239627342117501e+02 -1.000000000000000000e+00
-7.160349103090915150e+02 -1.000000000000000000e+00
-7.120458578839712800e+02 -1.000000000000000000e+00
-7.080568054588509312e+02 -1.000000000000000000e+00
-7.040677530337306962e+02 -1.000000000000000000e+00
-7.000787006086104611e+02 -1.000000000000000000e+00
-6.960896481834901124e+02 -1.000000000000000000e+00
-6.921005957583697636e+02 -1.000000000000000000e+00
-6.881115433332495286e+02 -1.000000000000000000e+00
-6.841224909081292935e+02 -1.000000000000000000e+00
-6.801334384830088311e+02 -1.000000000000000000e+00
-6.761443860578885960e+02 -1.000000000000000000e+00
-6.721553336327683610e+02 -1.000000000000000000e+00
-6.681662812076481259e+02 -1.000000000000000000e+00
-6.641772287825277772e+02 -1.000000000000000000e+00
-6.601881763574075421e+02 -1.000000000000000000e+00
-6.561991239322873071e+02 -1.000000000000000000e+00
-6.522100715071669583e+02 -1.000000000000000000e+00
-6.482210190820466096e+02 -1.000000000000000000e+00
-6.442319666569263745e+02 -1.000000000000000000e+00
-6.402429142318061395e+02 -1.000000000000000000e+00
-6.362538618066856770e+02 -1.000000000000000000e+00
-6.322648093815654420e+02 -1.000000000000000000e+00
-6.282757569564452069e+02 -1.000000000000000000e+00
-6.242867045313249719e+02 -1.000000000000000000e+00
-6.202976521062046231e+02 -1.000000000000000000e+00
-6.163085996810843881e+02 -1.000000000000000000e+00
-6.123195472559641530e+02 -1.000000000000000000e+00
-6.083304948308438043e+02 -1.000000000000000000e+00
-6.043414424057234555e+02 -1.000000000000000000e+00
-6.003523899806032205e+02 -1.000000000000000000e+00
-5.963633375554828717e+02 -1.000000000000000000e+00
-5.923742851303625230e+02 -1.000000000000000000e+00
-5.883852327052422879e+02 -1.000000000000000000e+00
-5.843961802801220529e+02 -1.000000000000000000e+00
-5.804071278550018178e+02 -1.000000000000000000e+00
-5.764180754298814691e+02 -1.000000000000000000e+00
-5.724290230047612340e+02 -1.000000000000000000e+00
-5.684399705796408853e+02 -1.000000000000000000e+00
-5.644509181545206502e+02 -1.000000000000000000e+00
-5.604618657294003015e+02 -1.000000000000000000e+00
-5.564728133042800664e+02 -1.000000000000000000e+00
-5.524837608791597177e+02 -1.000000000000000000e+00
-5.484947084540393689e+02 -1.000000000000000000e+00
-5.445056560289191339e+02 -1.000000000000000000e+00
-5.405166036037988988e+02 -1.000000000000000000e+00
-5.365275511786786637e+02 -1.000000000000000000e+00
-5.325384987535583150e+02 -1.000000000000000000e+00
-5.285494463284380799e+02 -1.000000000000000000e+00
-5.245603939033177312e+02 -1.000000000000000000e+00
-5.205713414781974961e+02 -1.000000000000000000e+00
-5.165822890530771474e+02 -1.000000000000000000e+00
-5.125932366279567987e+02 -1.000000000000000000e+00
-5.086041842028365068e+02 -1.000000000000000000e+00
-5.046151317777162717e+02 -1.000000000000000000e+00
-5.006260793525959798e+02 -1.000000000000000000e+00
-4.966370269274757447e+02 -1.000000000000000000e+00
-4.926479745023554528e+02 -1.000000000000000000e+00
-4.886589220772352178e+02 -1.000000000000000000e+00
-4.846698696521148690e+02 -1.000000000000000000e+00
-4.806808172269945771e+02 -1.000000000000000000e+00
-4.766917648018742852e+02 -1.000000000000000000e+00
-4.727027123767540502e+02 -1.000000000000000000e+00
-4.687136599516337014e+02 -1.000000000000000000e+00
-4.647246075265134095e+02 -1.000000000000000000e+00
-4.607355551013931176e+02 -1.000000000000000000e+00
-4.567465026762728257e+02 -1.000000000000000000e+00
-4.527574502511525907e+02 -1.000000000000000000e+00
-4.487683978260322419e+02 -1.000000000000000000e+00
-4.447793454009120069e+02 -1.000000000000000000e+00
-4.407902929757917150e+02 -1.000000000000000000e+00
-4.368012405506714231e+02 -1.000000000000000000e+00
-4.328121881255511312e+02 -1.000000000000000000e+00
-4.288231357004308961e+02 -1.000000000000000000e+00
-4.248340832753105474e+02 -1.000000000000000000e+00
-4.208450308501902555e+02 -1.000000000000000000e+00
-4.168559784250699636e+02 -1.000000000000000000e+00
-4.128669259999496717e+02 -1.000000000000000000e+00
-4.088778735748294366e+02 -1.000000000000000000e+00
-4.048888211497090879e+02 -1.000000000000000000e+00
-4.008997687245888528e+02 -1.000000000000000000e+00
-3.969107162994685041e+02 0.000000000000000000e+00
-3.929216638743482690e+02 4.525191729438000632e-01
-3.889326114492279771e+02 6.383406485117945062e-01
-3.849435590241076852e+02 7.798176357214189336e-01
-3.809545065989873933e+02 8.981558251221233302e-01
-3.769654541738671014e+02 1.001590638533744304e+00
-3.729764017487468095e+02 1.094356115702305177e+00
-3.689873493236265176e+02 1.178973446914991285e+00
-3.649982968985062826e+02 1.257089117312357729e+00
-3.610092444733859338e+02 1.329849348226588512e+00
-3.570201920482656988e+02 1.398090522416619574e+00
-3.530311396231453500e+02 1.462445386516242563e+00
-3.490420871980251150e+02 1.523406540616482285e+00
-3.450530347729048231e+02 1.581366512615746789e+00
-3.410639823477845312e+02 1.636644184369611343e+00
-3.370749299226642393e+02 1.689502857357224386e+00
-3.330858774975439474e+02 1.740162981902716011e+00
-3.290968250724236555e+02 1.788811360074015866e+00
-3.251077726473033636e+02 1.835607948352294461e+00
-3.211187202221830717e+02 1.880690984175063196e+00
-3.171296677970627798e+02 1.924180915516933155e+00
-3.131406153719425447e+02 1.966183458658110395e+00
-3.091515629468221960e+02 2.006792009736168669e+00
-3.051625105217019609e+02 2.046089569730529245e+00
-3.011734580965816690e+02 2.084150297881170122e+00
-2.971844056714614339e+02 2.121040777716271641e+00
-2.931953532463410284e+02 2.156821058199148489e+00
-2.892063008212207933e+02 2.191545517032745138e+00
-2.852172483961005014e+02 2.225263581947162006e+00
-2.812281959709802095e+02 2.258020337559713209e+00
-2.772391435458599744e+02 2.289857039272368500e+00
-2.732500911207395689e+02 2.320811551064870581e+00
-2.692610386956193338e+02 2.350918720540124074e+00
-2.652719862704990419e+02 2.380210701890668634e+00
-2.612829338453788068e+02 2.408717235372948018e+00
-2.572938814202585149e+02 2.436465890249543076e+00
-2.533048289951381378e+02 2.463482276878660837e+00
-2.493157765700178743e+02 2.489790232613987797e+00
-2.453267241448976108e+02 2.515411985366160952e+00
-2.413376717197773473e+02 2.540368298024210159e+00
-2.373486192946570839e+02 2.564678596406981814e+00
-2.333595668695368204e+02 2.588361082984504957e+00
-2.293705144444164432e+02 2.611432838257251365e+00
-2.253814620192961797e+02 2.633909911391600023e+00
-2.213924095941759163e+02 2.655807401470305251e+00
-2.174033571690556244e+02 2.677139530517783417e+00
-2.134143047439353609e+02 2.697919709293898904e+00
-2.094252523188149837e+02 2.718160596710750276e+00
-2.054361998936947202e+02 2.737874153609764161e+00
-2.014471474685744568e+02 2.757071691537380964e+00
-1.974580950434541933e+02 2.775763917073672982e+00
-1.934690426183339298e+02 2.793960972196737558e+00
-1.894799901932136663e+02 2.811672471104674553e+00
-1.854909377680932892e+02 2.828907533864648993e+00
-1.815018853429730257e+02 2.845674817213562857e+00
-1.775128329178527622e+02 2.861982542796110529e+00
-1.735237804927324703e+02 2.877838523092445477e+00
-1.695347280676122068e+02 2.893250185258630758e+00
-1.655456756424918296e+02 2.908224593077753273e+00
-1.615566232173715662e+02 2.922768467197564224e+00
-1.575675707922513027e+02 2.936888203811222287e+00
-1.535785183671310392e+02 2.950589891920865515e+00
-1.495894659420107757e+02 2.963879329308911181e+00
-1.456004135168903986e+02 2.976762037328927413e+00
-1.416113610917701351e+02 2.989243274616447454e+00
-1.376223086666498716e+02 3.001328049809889098e+00
-1.336332562415296081e+02 3.013021133362753456e+00
-1.296442038164093162e+02 3.024327068520282324e+00
-1.256551513912889533e+02 3.035250181526618629e+00
-1.216660989661686898e+02 3.045794591122197303e+00
-1.176770465410484121e+02 3.055964217385416681e+00
-1.136879941159281486e+02 3.065762789967591218e+00
-1.096989416908078852e+02 3.075193855765623763e+00
-1.057098892656876217e+02 3.084260786072797522e+00
-1.017208368405672445e+02 3.092966783244383677e+00
-9.773178441544698103e+01 3.101314886911485935e+00
-9.374273199032670334e+01 3.109307979773548780e+00
-8.975367956520643986e+01 3.116948792997264572e+00
-8.576462714008617638e+01 3.124239911247168155e+00
-8.177557471496579922e+01 3.131183777370995180e+00
-7.778652228984553574e+01 3.137782696760859302e+00
-7.379746986472525805e+01 3.144038841409465768e+00
-6.980841743960499457e+01 3.149954253678912242e+00
-6.581936501448473109e+01 3.155530849798072524e+00
-6.183031258936446051e+01 3.160770423103169691e+00
-5.784126016424409045e+01 3.165674647034847577e+00
-5.385220773912381986e+01 3.170245077903850905e+00
-4.986315531400355638e+01 3.174483157436333247e+00
-4.587410288888328580e+01 3.178390215108787942e+00
-4.188505046376302232e+01 3.181967470281648058e+00
-3.789599803864264516e+01 3.185216034139735974e+00
-3.390694561352237457e+01 3.188136911446890043e+00
-2.991789318840211109e+01 3.190731002121353743e+00
-2.592884076328184406e+01 3.192999102637758657e+00
-2.193978833816157703e+01 3.194941907260865577e+00
-1.795073591304119986e+01 3.196560009115554823e+00
-1.396168348792093461e+01 3.197853901096944451e+00
-9.972631062800667578e+00 3.198823976623914156e+00
-5.983578637680400547e+00 3.199470530238727850e+00
-1.994526212560133516e+00 3.199793758054902071e+00
1.994526212560241873e+00 3.199793758054902071e+00
5.983578637680508905e+00 3.199470530238727850e+00
9.972631062800775936e+00 3.198823976623914156e+00
1.396168348792104297e+01 3.197853901096944451e+00
1.795073591304131000e+01 3.196560009115554823e+00
2.193978833816157703e+01 3.194941907260865577e+00
2.592884076328195064e+01 3.192999102637758657e+00
2.991789318840221767e+01 3.190731002121353743e+00
3.390694561352248826e+01 3.188136911446890043e+00
3.789599803864275174e+01 3.185216034139735974e+00
4.188505046376302232e+01 3.181967470281648058e+00
4.587410288888339238e+01 3.178390215108787942e+00
4.986315531400366297e+01 3.174483157436333247e+00
5.385220773912392644e+01 3.170245077903850905e+00
5.784126016424419703e+01 3.165674647034847577e+00
6.183031258936446051e+01 3.160770423103169691e+00
6.581936501448473109e+01 3.155530849798072524e+00
6.980841743960510826e+01 3.149954253678912242e+00
7.379746986472537174e+01 3.144038841409465768e+00
7.778652228984563521e+01 3.137782696760859302e+00
8.177557471496591290e+01 3.131183777370995180e+00
8.576462714008617638e+01 3.124239911247168600e+00
8.975367956520655355e+01 3.116948792997265016e+00
9.374273199032681703e+01 3.109307979773548780e+00
9.773178441544708051e+01 3.101314886911486379e+00
1.017208368405673440e+02 3.092966783244384121e+00
1.057098892656876217e+02 3.084260786072797522e+00
1.096989416908079988e+02 3.075193855765623763e+00
1.136879941159282623e+02 3.065762789967591218e+00
1.176770465410485258e+02 3.055964217385416681e+00
1.216660989661687893e+02 3.045794591122197303e+00
1.256551513912890670e+02 3.035250181526619073e+00
1.296442038164094299e+02 3.024327068520282769e+00
1.336332562415296934e+02 3.013021133362753901e+00
1.376223086666499569e+02 3.001328049809889098e+00
1.416113610917702488e+02 2.989243274616447454e+00
1.456004135168905123e+02 2.976762037328927413e+00
1.495894659420107757e+02 2.963879329308911181e+00
1.535785183671311529e+02 2.950589891920866403e+00
1.575675707922514164e+02 2.936888203811222731e+00
1.615566232173716799e+02 2.922768467197564668e+00
1.655456756424919433e+02 2.908224593077753273e+00
1.695347280676122068e+02 2.893250185258630758e+00
1.735237804927325840e+02 2.877838523092445921e+00
1.775128329178528475e+02 2.861982542796110973e+00
1.815018853429731109e+02 2.845674817213562857e+00
1.854909377680934028e+02 2.828907533864648993e+00
1.894799901932136663e+02 2.811672471104674997e+00
1.934690426183339298e+02 2.793960972196738002e+00
1.974580950434541933e+02 2.775763917073673870e+00
2.014471474685744568e+02 2.757071691537381408e+00
2.054361998936949476e+02 2.737874153609764605e+00
2.094252523188152111e+02 2.718160596710751165e+00
2.134143047439354746e+02 2.697919709293898904e+00
2.174033571690557380e+02 2.677139530517783861e+00
2.213924095941760015e+02 2.655807401470305695e+00
2.253814620192962650e+02 2.633909911391600023e+00
2.293705144444165569e+02 2.611432838257251809e+00
2.333595668695368204e+02 2.588361082984505401e+00
2.373486192946570839e+02 2.564678596406982258e+00
2.413376717197773473e+02 2.540368298024210603e+00
2.453267241448976108e+02 2.515411985366162284e+00
2.493157765700181017e+02 2.489790232613988685e+00
2.533048289951383651e+02 2.463482276878661281e+00
2.572938814202586286e+02 2.436465890249544408e+00
2.612829338453789205e+02 2.408717235372948906e+00
2.652719862704991556e+02 2.380210701890668634e+00
2.692610386956194475e+02 2.350918720540124074e+00
2.732500911207396825e+02 2.320811551064871470e+00
2.772391435458599744e+02 2.289857039272368944e+00
2.812281959709802095e+02 2.258020337559713209e+00
2.852172483961005014e+02 2.225263581947162894e+00
2.892063008212209638e+02 2.191545517032745138e+00
2.931953532463412557e+02 2.156821058199148933e+00
2.971844056714614908e+02 2.121040777716272085e+00
3.011734580965817827e+02 2.084150297881170566e+00
3.051625105217020746e+02 2.046089569730530133e+00
3.091515629468223096e+02 2.006792009736170002e+00
3.131406153719426015e+02 1.966183458658111283e+00
3.171296677970628366e+02 1.924180915516933155e+00
3.211187202221831285e+02 1.880690984175063862e+00
3.251077726473033636e+02 1.835607948352296459e+00
3.290968250724236555e+02 1.788811360074016310e+00
3.330858774975441179e+02 1.740162981902717121e+00
3.370749299226644098e+02 1.689502857357225052e+00
3.410639823477846448e+02 1.636644184369612232e+00
3.450530347729049367e+02 1.581366512615749009e+00
3.490420871980252286e+02 1.523406540616483840e+00
3.530311396231454637e+02 1.462445386516243229e+00
3.570201920482657556e+02 1.398090522416621573e+00
3.610092444733859907e+02 1.329849348226590955e+00
3.649982968985062826e+02 1.257089117312358617e+00
3.689873493236265176e+02 1.178973446914993062e+00
3.729764017487468095e+02 1.094356115702307841e+00
3.769654541738672719e+02 1.001590638533745636e+00
3.809545065989875638e+02 8.981558251221244404e-01
3.849435590241077989e+02 7.798176357214218202e-01
3.889326114492280908e+02 6.383406485117962825e-01
3.929216638743483827e+02 4.525191729438025612e-01
3.969107162994686178e+02 0.000000000000000000e+00
4.008997687245889097e+02 -1.000000000000000000e+00
4.048888211497091447e+02 -1.000000000000000000e+00
4.088778735748294366e+02 -1.000000000000000000e+00
4.128669259999496717e+02 -1.000000000000000000e+00
4.168559784250699636e+02 -1.000000000000000000e+00
4.208450308501904260e+02 -1.000000000000000000e+00
4.248340832753107179e+02 -1.000000000000000000e+00
4.288231357004309530e+02 -1.000000000000000000e+00
4.328121881255512449e+02 -1.000000000000000000e+00
4.368012405506715368e+02 -1.000000000000000000e+00
4.407902929757917718e+02 -1.000000000000000000e+00
4.447793454009120637e+02 -1.000000000000000000e+00
4.487683978260322988e+02 -1.000000000000000000e+00
4.527574502511525907e+02 -1.000000000000000000e+00
4.567465026762728257e+02 -1.000000000000000000e+00
4.607355551013933450e+02 -1.000000000000000000e+00
4.647246075265135801e+02 -1.000000000000000000e+00
4.687136599516338720e+02 -1.000000000000000000e+00
4.727027123767541070e+02 -1.000000000000000000e+00
4.766917648018743989e+02 -1.000000000000000000e+00
4.806808172269946908e+02 -1.000000000000000000e+00
4.846698696521149259e+02 -1.000000000000000000e+00
4.886589220772352178e+02 -1.000000000000000000e+00
4.926479745023554528e+02 -1.000000000000000000e+00
4.966370269274757447e+02 -1.000000000000000000e+00
5.006260793525959798e+02 -1.000000000000000000e+00
5.046151317777164991e+02 -1.000000000000000000e+00
5.086041842028367341e+02 -1.000000000000000000e+00
5.125932366279570260e+02 -1.000000000000000000e+00
5.165822890530772611e+02 -1.000000000000000000e+00
5.205713414781974961e+02 -1.000000000000000000e+00
5.245603939033178449e+02 -1.000000000000000000e+00
5.285494463284380799e+02 -1.000000000000000000e+00
5.325384987535583150e+02 -1.000000000000000000e+00
5.365275511786786637e+02 -1.000000000000000000e+00
5.405166036037988988e+02 -1.000000000000000000e+00
5.445056560289193612e+02 -1.000000000000000000e+00
5.484947084540395963e+02 -1.000000000000000000e+00
5.524837608791599450e+02 -1.000000000000000000e+00
5.564728133042801801e+02 -1.000000000000000000e+00
5.604618657294004151e+02 -1.000000000000000000e+00
5.644509181545206502e+02 -1.000000000000000000e+00
5.684399705796409989e+02 -1.000000000000000000e+00
5.724290230047612340e+02 -1.000000000000000000e+00
5.764180754298814691e+02 -1.000000000000000000e+00
5.804071278550018178e+02 -1.000000000000000000e+00
5.843961802801220529e+02 -1.000000000000000000e+00
5.883852327052425153e+02 -1.000000000000000000e+00
5.923742851303627504e+02 -1.000000000000000000e+00
5.963633375554830991e+02 -1.000000000000000000e+00
6.003523899806033342e+02 -1.000000000000000000e+00
6.043414424057235692e+02 -1.000000000000000000e+00
6.083304948308438043e+02 -1.000000000000000000e+00
6.123195472559641530e+02 -1.000000000000000000e+00
6.163085996810843881e+02 -1.000000000000000000e+00
6.202976521062046231e+02 -1.000000000000000000e+00
6.242867045313249719e+02 -1.000000000000000000e+00
6.282757569564452069e+02 -1.000000000000000000e+00
6.322648093815656694e+02 -1.000000000000000000e+00
6.362538618066859044e+02 -1.000000000000000000e+00
6.402429142318062532e+02 -1.000000000000000000e+00
6.442319666569264882e+02 -1.000000000000000000e+00
6.482210190820467233e+02 -1.000000000000000000e+00
6.522100715071669583e+02 -1.000000000000000000e+00
6.561991239322873071e+02 -1.000000000000000000e+00
6.601881763574075421e+02 -1.000000000000000000e+00
6.641772287825277772e+02 -1.000000000000000000e+00
6.681662812076481259e+02 -1.000000000000000000e+00
6.721553336327683610e+02 -1.000000000000000000e+00
6.761443860578888234e+02 -1.000000000000000000e+00
6.801334384830090585e+02 -1.000000000000000000e+00
6.841224909081294072e+02 -1.000000000000000000e+00
6.881115433332496423e+02 -1.000000000000000000e+00
6.921005957583698773e+02 -1.000000000000000000e+00
6.960896481834901124e+02 -1.000000000000000000e+00
7.000787006086104611e+02 -1.000000000000000000e+00
7.040677530337306962e+02 -1.000000000000000000e+00
7.080568054588509312e+02 -1.000000000000000000e+00
7.120458578839712800e+02 -1.000000000000000000e+00
7.160349103090917424e+02 -1.000000000000000000e+00
7.200239627342119775e+02 -1.000000000000000000e+00
7.240130151593322125e+02 -1.000000000000000000e+00
7.280020675844525613e+02 -1.000000000000000000e+00
7.319911200095727963e+02 -1.000000000000000000e+00
7.359801724346930314e+02 -1.000000000000000000e+00
7.399692248598132664e+02 -1.000000000000000000e+00
7.439582772849336152e+02 -1.000000000000000000e+00
7.479473297100538502e+02 -1.000000000000000000e+00
7.519363821351740853e+02 -1.000000000000000000e+00
7.559254345602944340e+02 -1.000000000000000000e+00
7.599144869854148965e+02 -1.000000000000000000e+00
7.639035394105351315e+02 -1.000000000000000000e+00
7.678925918356553666e+02 -1.000000000000000000e+00
7.718816442607757153e+02 -1.000000000000000000e+00
7.758706966858959504e+02 -1.000000000000000000e+00
7.798597491110161855e+02 -1.000000000000000000e+00
7.838488015361364205e+02 -1.000000000000000000e+00
7.878378539612567693e+02 -1.000000000000000000e+00
7.918269063863770043e+02 -1.000000000000000000e+00
7.958159588114972394e+02 -1.000000000000000000e+00
