-3.947465080260523678e+02 0.000000000000000000e+00
-3.907792064378508030e+02 0.000000000000000000e+00
-3.868119048496492951e+02 0.000000000000000000e+00
-3.828446032614477872e+02 0.000000000000000000e+00
-3.788773016732462224e+02 0.000000000000000000e+00
-3.749100000850447145e+02 0.000000000000000000e+00
-3.709426984968431498e+02 0.000000000000000000e+00
-3.669753969086415850e+02 0.000000000000000000e+00
-3.630080953204400771e+02 0.000000000000000000e+00
-3.590407937322385692e+02 0.000000000000000000e+00
-3.550734921440370044e+02 0.000000000000000000e+00
-3.511061905558354965e+02 0.000000000000000000e+00
-3.471388889676339886e+02 0.000000000000000000e+00
-3.431715873794324239e+02 0.000000000000000000e+00
-3.392042857912309159e+02 0.000000000000000000e+00
-3.352369842030294080e+02 0.000000000000000000e+00
-3.312696826148278433e+02 0.000000000000000000e+00
-3.273023810266263354e+02 0.000000000000000000e+00
-3.233350794384248275e+02 0.000000000000000000e+00
-3.193677778502232059e+02 0.000000000000000000e+00
-3.154004762620217548e+02 0.000000000000000000e+00
-3.114331746738201900e+02 0.000000000000000000e+00
-3.074658730856186253e+02 0.000000000000000000e+00
-3.034985714974171174e+02 0.000000000000000000e+00
-2.995312699092156095e+02 0.000000000000000000e+00
-2.955639683210140447e+02 0.000000000000000000e+00
-2.915966667328125368e+02 0.000000000000000000e+00
-2.876293651446110289e+02 0.000000000000000000e+00
-2.836620635564095210e+02 0.000000000000000000e+00
-2.796947619682079562e+02 0.000000000000000000e+00
-2.757274603800064483e+02 0.000000000000000000e+00
-2.717601587918049404e+02 0.000000000000000000e+00
-2.677928572036033188e+02 0.000000000000000000e+00
-2.638255556154018677e+02 0.000000000000000000e+00
-2.598582540272003030e+02 0.000000000000000000e+00
-2.558909524389987951e+02 0.000000000000000000e+00
-2.519236508507972303e+02 0.000000000000000000e+00
-2.479563492625956940e+02 0.000000000000000000e+00
-2.439890476743941861e+02 0.000000000000000000e+00
-2.400217460861926497e+02 0.000000000000000000e+00
-2.360544444979911134e+02 0.000000000000000000e+00
-2.320871429097896055e+02 0.000000000000000000e+00
-2.281198413215880407e+02 0.000000000000000000e+00
-2.241525397333865044e+02 0.000000000000000000e+00
-2.201852381451849965e+02 0.000000000000000000e+00
-2.162179365569834602e+02 0.000000000000000000e+00
-2.122506349687819238e+02 0.000000000000000000e+00
-2.082833333805804159e+02 0.000000000000000000e+00
-2.043160317923788512e+02 0.000000000000000000e+00
-2.003487302041773432e+02 0.000000000000000000e+00
-1.963814286159758069e+02 0.000000000000000000e+00
-1.924141270277742706e+02 0.000000000000000000e+00
-1.884468254395727627e+02 0.000000000000000000e+00
-1.844795238513712263e+02 0.000000000000000000e+00
-1.805122222631696900e+02 0.000000000000000000e+00
-1.765449206749681537e+02 0.000000000000000000e+00
-1.725776190867666173e+02 0.000000000000000000e+00
-1.686103174985650810e+02 0.000000000000000000e+00
-1.646430159103635731e+02 0.000000000000000000e+00
-1.606757143221620368e+02 0.000000000000000000e+00
-1.567084127339605004e+02 0.000000000000000000e+00
-1.527411111457589641e+02 0.000000000000000000e+00
-1.487738095575574278e+02 0.000000000000000000e+00
-1.448065079693558914e+02 0.000000000000000000e+00
-1.408392063811543835e+02 0.000000000000000000e+00
-1.368719047929528472e+02 0.000000000000000000e+00
-1.329046032047513393e+02 0.000000000000000000e+00
-1.289373016165498029e+02 0.000000000000000000e+00
-1.249700000283482666e+02 0.000000000000000000e+00
-1.210026984401467445e+02 0.000000000000000000e+00
-1.170353968519452224e+02 0.000000000000000000e+00
-1.130680952637436434e+02 0.000000000000000000e+00
-1.091007936755421071e+02 0.000000000000000000e+00
-1.051334920873405849e+02 0.000000000000000000e+00
-1.011661904991390628e+02 0.000000000000000000e+00
-9.719888891093752648e+01 2.231813559577938977e-01
-9.323158732273600435e+01 4.230099293843738173e-01
-8.926428573453448223e+01 5.501677664938008361e-01
-8.529698414633296011e+01 6.488847589828049545e-01
-8.132968255813142378e+01 7.307790211903730793e-01
-7.736238096992990165e+01 8.010269742050747377e-01
-7.339507938172837953e+01 8.624790647990864256e-01
-6.942777779352684320e+01 9.169055290757421872e-01
-6.546047620532532108e+01 9.654952353600806392e-01
-6.149317461712374211e+01 1.009091689578683004e+00
-5.752587302892221288e+01 1.048318040801976547e+00
-5.355857144072069076e+01 1.083648965110666884e+00
-4.959126985251916153e+01 1.115454675332141932e+00
-4.562396826431763230e+01 1.144029227806545812e+00
-4.165666667611611018e+01 1.169609466296908540e+00
-3.768936508791458095e+01 1.192388116951619059e+00
-3.372206349971305883e+01 1.212523083270544699e+00
-2.975476191151152960e+01 1.230144187362107289e+00
-2.578746032331000393e+01 1.245358142928387313e+00
-2.182015873510847825e+01 1.258252269950543401e+00
-1.785285714690694903e+01 1.268897290458821603e+00
-1.388555555870537006e+01 1.277349435687891832e+00
-9.918253970503842609e+00 1.283652023015194654e+00
-5.950952382302316934e+00 1.287836612210656151e+00
-1.983650794100790371e+00 1.289923816172811266e+00
1.983650794100736192e+00 1.289923816172811266e+00
5.950952382302262755e+00 1.287836612210656151e+00
9.918253970503789319e+00 1.283652023015194876e+00
1.388555555870531499e+01 1.277349435687891832e+00
1.785285714690684244e+01 1.268897290458822047e+00
2.182015873510836812e+01 1.258252269950543623e+00
2.578746032330989379e+01 1.245358142928387757e+00
2.975476191151142302e+01 1.230144187362107511e+00
3.372206349971294514e+01 1.212523083270545143e+00
3.768936508791453122e+01 1.192388116951619281e+00
4.165666667611605334e+01 1.169609466296908762e+00
4.562396826431758257e+01 1.144029227806546034e+00
4.959126985251910469e+01 1.115454675332142598e+00
5.355857144072063392e+01 1.083648965110667106e+00
5.752587302892216314e+01 1.048318040801976991e+00
6.149317461712368527e+01 1.009091689578683670e+00
6.546047620532520739e+01 9.654952353600820825e-01
6.942777779352674372e+01 9.169055290757436305e-01
7.339507938172826584e+01 8.624790647990879799e-01
7.736238096992978797e+01 8.010269742050766251e-01
8.132968255813132430e+01 7.307790211903751887e-01
8.529698414633284642e+01 6.488847589828075080e-01
8.926428573453442539e+01 5.501677664938023904e-01
9.323158732273594751e+01 4.230099293843757602e-01
9.719888891093748384e+01 2.231813559577980610e-01
1.011661904991389491e+02 0.000000000000000000e+00
1.051334920873405281e+02 0.000000000000000000e+00
1.091007936755420076e+02 0.000000000000000000e+00
1.130680952637435865e+02 0.000000000000000000e+00
1.170353968519451655e+02 0.000000000000000000e+00
1.210026984401466450e+02 0.000000000000000000e+00
1.249700000283482240e+02 0.000000000000000000e+00
1.289373016165496892e+02 0.000000000000000000e+00
1.329046032047512824e+02 0.000000000000000000e+00
1.368719047929527335e+02 0.000000000000000000e+00
1.408392063811543267e+02 0.000000000000000000e+00
1.448065079693558062e+02 0.000000000000000000e+00
1.487738095575573709e+02 0.000000000000000000e+00
1.527411111457588504e+02 0.000000000000000000e+00
1.567084127339604436e+02 0.000000000000000000e+00
1.606757143221618946e+02 0.000000000000000000e+00
1.646430159103634878e+02 0.000000000000000000e+00
1.686103174985650526e+02 0.000000000000000000e+00
1.725776190867665321e+02 0.000000000000000000e+00
1.765449206749681252e+02 0.000000000000000000e+00
1.805122222631695763e+02 0.000000000000000000e+00
1.844795238513711695e+02 0.000000000000000000e+00
1.884468254395726490e+02 0.000000000000000000e+00
1.924141270277742137e+02 0.000000000000000000e+00
1.963814286159756932e+02 0.000000000000000000e+00
2.003487302041772864e+02 0.000000000000000000e+00
2.043160317923787375e+02 0.000000000000000000e+00
2.082833333805803306e+02 0.000000000000000000e+00
2.122506349687818101e+02 0.000000000000000000e+00
2.162179365569833749e+02 0.000000000000000000e+00
2.201852381451849681e+02 0.000000000000000000e+00
2.241525397333864476e+02 0.000000000000000000e+00
2.281198413215880123e+02 0.000000000000000000e+00
2.320871429097894918e+02 0.000000000000000000e+00
2.360544444979910566e+02 0.000000000000000000e+00
2.400217460861925360e+02 0.000000000000000000e+00
2.439890476743941292e+02 0.000000000000000000e+00
2.479563492625955803e+02 0.000000000000000000e+00
2.519236508507971735e+02 0.000000000000000000e+00
2.558909524389986530e+02 0.000000000000000000e+00
2.598582540272002461e+02 0.000000000000000000e+00
2.638255556154016972e+02 0.000000000000000000e+00
2.677928572036032620e+02 0.000000000000000000e+00
2.717601587918048835e+02 0.000000000000000000e+00
2.757274603800063346e+02 0.000000000000000000e+00
2.796947619682078994e+02 0.000000000000000000e+00
2.836620635564094073e+02 0.000000000000000000e+00
2.876293651446109720e+02 0.000000000000000000e+00
2.915966667328124231e+02 0.000000000000000000e+00
2.955639683210140447e+02 0.000000000000000000e+00
2.995312699092154958e+02 0.000000000000000000e+00
3.034985714974170605e+02 0.000000000000000000e+00
3.074658730856185684e+02 0.000000000000000000e+00
3.114331746738201332e+02 0.000000000000000000e+00
3.154004762620215843e+02 0.000000000000000000e+00
3.193677778502231490e+02 0.000000000000000000e+00
3.233350794384247706e+02 0.000000000000000000e+00
3.273023810266262217e+02 0.000000000000000000e+00
3.312696826148277864e+02 0.000000000000000000e+00
3.352369842030292943e+02 0.000000000000000000e+00
3.392042857912308591e+02 0.000000000000000000e+00
3.431715873794323102e+02 0.000000000000000000e+00
3.471388889676339318e+02 0.000000000000000000e+00
3.511061905558353828e+02 0.000000000000000000e+00
3.550734921440369476e+02 0.000000000000000000e+00
3.590407937322384555e+02 0.000000000000000000e+00
3.630080953204400203e+02 0.000000000000000000e+00
3.669753969086415850e+02 0.000000000000000000e+00
3.709426984968430929e+02 0.000000000000000000e+00
3.749100000850446577e+02 0.000000000000000000e+00
3.788773016732461087e+02 0.000000000000000000e+00
3.828446032614477303e+02 0.000000000000000000e+00
3.868119048496491814e+02 0.000000000000000000e+00
3.907792064378507462e+02 0.000000000000000000e+00
3.947465080260523678e+02 0.000000000000000000e+00
