-1.989539897028743098e+02 0.000000000000000000e+00
-1.969544521179208232e+02 4.525191729438000632e-01
-1.949549145329672797e+02 6.383406485117945062e-01
-1.929553769480137930e+02 7.798176357214189336e-01
-1.909558393630602779e+02 8.981558251221233302e-01
-1.889563017781067629e+02 1.001590638533744304e+00
-1.869567641931532478e+02 1.094356115702305177e+00
-1.849572266081997327e+02 1.178973446914991285e+00
-1.829576890232462176e+02 1.257089117312357729e+00
-1.809581514382927310e+02 1.329849348226588512e+00
-1.789586138533392159e+02 1.398090522416619574e+00
-1.769590762683857008e+02 1.462445386516242563e+00
-1.749595386834322142e+02 1.523406540616482285e+00
-1.729600010984786707e+02 1.581366512615746789e+00
-1.709604635135251840e+02 1.636644184369611343e+00
-1.689609259285716689e+02 1.689502857357224386e+00
-1.669613883436181538e+02 1.740162981902716011e+00
-1.649618507586646388e+02 1.788811360074015866e+00
-1.629623131737111521e+02 1.835607948352294461e+00
-1.609627755887576086e+02 1.880690984175063196e+00
-1.589632380038041219e+02 1.924180915516933155e+00
-1.569637004188506069e+02 1.966183458658110395e+00
-1.549641628338970918e+02 2.006792009736168669e+00
-1.529646252489435767e+02 2.046089569730529245e+00
-1.509650876639900900e+02 2.084150297881170122e+00
-1.489655500790365465e+02 2.121040777716271641e+00
-1.469660124940830599e+02 2.156821058199148489e+00
-1.449664749091295164e+02 2.191545517032745138e+00
-1.429669373241760297e+02 2.225263581947162006e+00
-1.409673997392224862e+02 2.258020337559713209e+00
-1.389678621542689996e+02 2.289857039272368500e+00
-1.369683245693154845e+02 2.320811551064870581e+00
-1.349687869843619694e+02 2.350918720540124074e+00
-1.329692493994084543e+02 2.380210701890668634e+00
-1.309697118144549677e+02 2.408717235372948018e+00
-1.289701742295014526e+02 2.436465890249543076e+00
-1.269706366445479375e+02 2.463482276878660837e+00
-1.249710990595944367e+02 2.489790232613987797e+00
-1.229715614746409074e+02 2.515411985366160952e+00
-1.209720238896874065e+02 2.540368298024210159e+00
-1.189724863047338914e+02 2.564678596406981814e+00
-1.169729487197803905e+02 2.588361082984504957e+00
-1.149734111348268755e+02 2.611432838257251365e+00
-1.129738735498733604e+02 2.633909911391600023e+00
-1.109743359649198453e+02 2.655807401470305251e+00
-1.089747983799663444e+02 2.677139530517783417e+00
-1.069752607950128294e+02 2.697919709293898904e+00
-1.049757232100593143e+02 2.718160596710750276e+00
-1.029761856251058134e+02 2.737874153609764161e+00
-1.009766480401522983e+02 2.757071691537380964e+00
-9.897711045519879747e+01 2.775763917073672982e+00
-9.697757287024528239e+01 2.793960972196737558e+00
-9.497803528529178152e+01 2.811672471104674553e+00
-9.297849770033826644e+01 2.828907533864648993e+00
-9.097896011538475136e+01 2.845674817213562857e+00
-8.897942253043123628e+01 2.861982542796110529e+00
-8.697988494547773541e+01 2.877838523092445477e+00
-8.498034736052422033e+01 2.893250185258630758e+00
-8.298080977557070526e+01 2.908224593077753273e+00
-8.098127219061720439e+01 2.922768467197564224e+00
-7.898173460566368931e+01 2.936888203811222287e+00
-7.698219702071017423e+01 2.950589891920865515e+00
-7.498265943575667336e+01 2.963879329308911181e+00
-7.298312185080314407e+01 2.976762037328927413e+00
-7.098358426584964320e+01 2.989243274616447454e+00
-6.898404668089614233e+01 3.001328049809889098e+00
-6.698450909594261304e+01 3.013021133362753456e+00
-6.498497151098911218e+01 3.024327068520282324e+00
-6.298543392603561131e+01 3.035250181526618629e+00
-6.098589634108208912e+01 3.045794591122197303e+00
-5.898635875612858825e+01 3.055964217385416681e+00
-5.698682117117505896e+01 3.065762789967591218e+00
-5.498728358622155810e+01 3.075193855765623763e+00
-5.298774600126805723e+01 3.084260786072797522e+00
-5.098820841631452794e+01 3.092966783244383677e+00
-4.898867083136102707e+01 3.101314886911485935e+00
-4.698913324640752620e+01 3.109307979773548780e+00
-4.498959566145399691e+01 3.116948792997264572e+00
-4.299005807650049604e+01 3.124239911247168155e+00
-4.099052049154699517e+01 3.131183777370995180e+00
-3.899098290659346588e+01 3.137782696760859302e+00
-3.699144532163996502e+01 3.144038841409465768e+00
-3.499190773668646415e+01 3.149954253678912242e+00
-3.299237015173294196e+01 3.155530849798072524e+00
-3.099283256677943754e+01 3.160770423103169691e+00
-2.899329498182591180e+01 3.165674647034847577e+00
-2.699375739687241094e+01 3.170245077903850905e+00
-2.499421981191891007e+01 3.174483157436333247e+00
-2.299468222696538078e+01 3.178390215108787942e+00
-2.099514464201187991e+01 3.181967470281648058e+00
-1.899560705705837904e+01 3.185216034139735974e+00
-1.699606947210485330e+01 3.188136911446890043e+00
-1.499653188715135066e+01 3.190731002121353743e+00
-1.299699430219784979e+01 3.192999102637758657e+00
-1.099745671724432228e+01 3.194941907260865577e+00
-8.997919132290821409e+00 3.196560009115554823e+00
-6.998381547337320541e+00 3.197853901096944451e+00
-4.998843962383793027e+00 3.198823976623914156e+00
-2.999306377430291715e+00 3.199470530238727850e+00
-9.997687924767639789e-01 3.199793758054902071e+00
9.997687924767368894e-01 3.199793758054902071e+00
2.999306377430237536e+00 3.199470530238727850e+00
4.998843962383765493e+00 3.198823976623914156e+00
6.998381547337266362e+00 3.197853901096944451e+00
8.997919132290766342e+00 3.196560009115554823e+00
1.099745671724429563e+01 3.194941907260865577e+00
1.299699430219779650e+01 3.192999102637758657e+00
1.499653188715129737e+01 3.190731002121353743e+00
1.699606947210482488e+01 3.188136911446890043e+00
1.899560705705832575e+01 3.185216034139735974e+00
2.099514464201185504e+01 3.181967470281648058e+00
2.299468222696535236e+01 3.178390215108787942e+00
2.499421981191885322e+01 3.174483157436333247e+00
2.699375739687238251e+01 3.170245077903850905e+00
2.899329498182588338e+01 3.165674647034847577e+00
3.099283256677938425e+01 3.160770423103169691e+00
3.299237015173291354e+01 3.155530849798072524e+00
3.499190773668641441e+01 3.149954253678912242e+00
3.699144532163991528e+01 3.144038841409465768e+00
3.899098290659344457e+01 3.137782696760859302e+00
4.099052049154694544e+01 3.131183777370995180e+00
4.299005807650044630e+01 3.124239911247168600e+00
4.498959566145396849e+01 3.116948792997265016e+00
4.698913324640749778e+01 3.109307979773548780e+00
4.898867083136097023e+01 3.101314886911486379e+00
5.098820841631449952e+01 3.092966783244384121e+00
5.298774600126802881e+01 3.084260786072797522e+00
5.498728358622150125e+01 3.075193855765623763e+00
5.698682117117503054e+01 3.065762789967591218e+00
5.898635875612855983e+01 3.055964217385416681e+00
6.098589634108203228e+01 3.045794591122197303e+00
6.298543392603556157e+01 3.035250181526619073e+00
6.498497151098908375e+01 3.024327068520282769e+00
6.698450909594255620e+01 3.013021133362753901e+00
6.898404668089608549e+01 3.001328049809889098e+00
7.098358426584961478e+01 2.989243274616447454e+00
7.298312185080308723e+01 2.976762037328927413e+00
7.498265943575661652e+01 2.963879329308911181e+00
7.698219702071014581e+01 2.950589891920866403e+00
7.898173460566361825e+01 2.936888203811222731e+00
8.098127219061714754e+01 2.922768467197564668e+00
8.298080977557067683e+01 2.908224593077753273e+00
8.498034736052420612e+01 2.893250185258630758e+00
8.697988494547767857e+01 2.877838523092445921e+00
8.897942253043120786e+01 2.861982542796110973e+00
9.097896011538473715e+01 2.845674817213562857e+00
9.297849770033820960e+01 2.828907533864648993e+00
9.497803528529173889e+01 2.811672471104674997e+00
9.697757287024526818e+01 2.793960972196738002e+00
9.897711045519874062e+01 2.775763917073673870e+00
1.009766480401522699e+02 2.757071691537381408e+00
1.029761856251057992e+02 2.737874153609764605e+00
1.049757232100592717e+02 2.718160596710751165e+00
1.069752607950128009e+02 2.697919709293898904e+00
1.089747983799663160e+02 2.677139530517783861e+00
1.109743359649198027e+02 2.655807401470305695e+00
1.129738735498733178e+02 2.633909911391600023e+00
1.149734111348268470e+02 2.611432838257251809e+00
1.169729487197803195e+02 2.588361082984505401e+00
1.189724863047338488e+02 2.564678596406982258e+00
1.209720238896873781e+02 2.540368298024210603e+00
1.229715614746408505e+02 2.515411985366162284e+00
1.249710990595943798e+02 2.489790232613988685e+00
1.269706366445479091e+02 2.463482276878661281e+00
1.289701742295013958e+02 2.436465890249544408e+00
1.309697118144549108e+02 2.408717235372948906e+00
1.329692493994084543e+02 2.380210701890668634e+00
1.349687869843619694e+02 2.350918720540124074e+00
1.369683245693154277e+02 2.320811551064871470e+00
1.389678621542689712e+02 2.289857039272368944e+00
1.409673997392224862e+02 2.258020337559713209e+00
1.429669373241759729e+02 2.225263581947162894e+00
1.449664749091294880e+02 2.191545517032745138e+00
1.469660124940830315e+02 2.156821058199148933e+00
1.489655500790364897e+02 2.121040777716272085e+00
1.509650876639900332e+02 2.084150297881170566e+00
1.529646252489435483e+02 2.046089569730530133e+00
1.549641628338970349e+02 2.006792009736170002e+00
1.569637004188505500e+02 1.966183458658111283e+00
1.589632380038040935e+02 1.924180915516933155e+00
1.609627755887575518e+02 1.880690984175063862e+00
1.629623131737110953e+02 1.835607948352296459e+00
1.649618507586646103e+02 1.788811360074016310e+00
1.669613883436180970e+02 1.740162981902717121e+00
1.689609259285716121e+02 1.689502857357225052e+00
1.709604635135251556e+02 1.636644184369612232e+00
1.729600010984786138e+02 1.581366512615749009e+00
1.749595386834321573e+02 1.523406540616483840e+00
1.769590762683856724e+02 1.462445386516243229e+00
1.789586138533391590e+02 1.398090522416621573e+00
1.809581514382926741e+02 1.329849348226590955e+00
1.829576890232462176e+02 1.257089117312358617e+00
1.849572266081996759e+02 1.178973446914993062e+00
1.869567641931532194e+02 1.094356115702307841e+00
1.889563017781067344e+02 1.001590638533745636e+00
1.909558393630602495e+02 8.981558251221244404e-01
1.929553769480137362e+02 7.798176357214218202e-01
1.949549145329672513e+02 6.383406485117962825e-01
1.969544521179207948e+02 4.525191729438025612e-01
1.989539897028743098e+02 0.000000000000000000e+00
