-3.947465080260523678e+02 7.062235341464369753e+01
-3.907792064378508030e+02 6.920994201330540818e+01
-3.868119048496492951e+02 6.781179739379882676e+01
-3.828446032614477872e+02 6.642791955612392485e+01
-3.788773016732462224e+02 6.505830850028073087e+01
-3.749100000850447145e+02 6.370296422626924482e+01
-3.709426984968431498e+02 6.236188673408943117e+01
-3.669753969086415850e+02 6.103507602374132546e+01
-3.630080953204400771e+02 5.972253209522493478e+01
-3.590407937322385692e+02 5.842425494854023782e+01
-3.550734921440370044e+02 5.714024458368724879e+01
-3.511061905558354965e+02 5.587050100066596059e+01
-3.471388889676339886e+02 5.461502419947636611e+01
-3.431715873794324239e+02 5.337381418011846534e+01
-3.392042857912309159e+02 5.214687094259226541e+01
-3.352369842030294080e+02 5.093419448689778051e+01
-3.312696826148278433e+02 4.973578481303498222e+01
-3.273023810266263354e+02 4.855164192100389187e+01
-3.233350794384248275e+02 4.738176581080450234e+01
-3.193677778502232059e+02 4.622615648243678521e+01
-3.154004762620217548e+02 4.508481393590080444e+01
-3.114331746738201900e+02 4.395773817119649607e+01
-3.074658730856186253e+02 4.284492918832389563e+01
-3.034985714974171174e+02 4.174638698728301023e+01
-2.995312699092156095e+02 4.066211156807381144e+01
-2.955639683210140447e+02 3.959210293069632058e+01
-2.915966667328125368e+02 3.853636107515052345e+01
-2.876293651446110289e+02 3.749488600143642714e+01
-2.836620635564095210e+02 3.646767770955403165e+01
-2.796947619682079562e+02 3.545473619950332989e+01
-2.757274603800064483e+02 3.445606147128434316e+01
-2.717601587918049404e+02 3.347165352489704304e+01
-2.677928572036033188e+02 3.250151236034144375e+01
-2.638255556154018677e+02 3.154563797761755595e+01
-2.598582540272003030e+02 3.060403037672534765e+01
-2.558909524389987951e+02 2.967668955766486150e+01
-2.519236508507972303e+02 2.876361552043605840e+01
-2.479563492625956940e+02 2.786480826503895969e+01
-2.439890476743941861e+02 2.698026779147356535e+01
-2.400217460861926497e+02 2.610999409973987184e+01
-2.360544444979911134e+02 2.525398718983787560e+01
-2.320871429097896055e+02 2.441224706176757664e+01
-2.281198413215880407e+02 2.358477371552897495e+01
-2.241525397333865044e+02 2.277156715112207763e+01
-2.201852381451849965e+02 2.197262736854688470e+01
-2.162179365569834602e+02 2.118795436780338548e+01
-2.122506349687819238e+02 2.041754814889159420e+01
-2.082833333805804159e+02 1.966140871181149663e+01
-2.043160317923788512e+02 1.891953605656309279e+01
-2.003487302041773432e+02 1.819193018314639687e+01
-1.963814286159758069e+02 1.747859109156139823e+01
-1.924141270277742706e+02 1.677951878180810397e+01
-1.884468254395727627e+02 1.609471325388650698e+01
-1.844795238513712263e+02 1.542417450779661081e+01
-1.805122222631696900e+02 1.476790254353841370e+01
-1.765449206749681537e+02 1.412589736111191030e+01
-1.725776190867666173e+02 1.349815896051711483e+01
-1.686103174985650810e+02 1.288468734175401842e+01
-1.646430159103635731e+02 1.228548250482262105e+01
-1.606757143221620368e+02 1.170054444972292451e+01
-1.567084127339605004e+02 1.112987317645492702e+01
-1.527411111457589641e+02 1.057346868501862502e+01
-1.487738095575574278e+02 1.003133097541402741e+01
-1.448065079693558914e+02 9.503460047641128838e+00
-1.408392063811543835e+02 8.989855901699932872e+00
-1.368719047929528472e+02 8.490518537590434178e+00
-1.329046032047513393e+02 8.005447955312636310e+00
-1.289373016165498029e+02 7.534644154866540156e+00
-1.249700000283482666e+02 7.078107136252141274e+00
-1.210026984401467445e+02 6.635836899469443217e+00
-1.170353968519452224e+02 6.207833444518445098e+00
-1.130680952637436434e+02 5.794096771399140700e+00
-1.091007936755421071e+02 5.394626880111543343e+00
-1.051334920873405849e+02 5.009423770655645036e+00
-1.011661904991390628e+02 4.638487443031446666e+00
-9.719888891093752648e+01 4.281817897238949122e+00
-9.323158732273600435e+01 3.939415133278150183e+00
-8.926428573453448223e+01 3.611279151149052069e+00
-8.529698414633296011e+01 3.297409950851653004e+00
-8.132968255813142378e+01 2.997807532385954321e+00
-7.736238096992990165e+01 2.712471895751955575e+00
-7.339507938172837953e+01 2.441403040949656766e+00
-6.942777779352684320e+01 2.184600967979057895e+00
-6.546047620532532108e+01 1.942065676840158961e+00
-6.149317461712374211e+01 1.713797167532956411e+00
-5.752587302892221288e+01 1.499795440057457574e+00
-5.355857144072069076e+01 1.300060494413658674e+00
-4.959126985251916153e+01 1.114592330601559489e+00
-4.562396826431763230e+01 9.433909486211601303e-01
-4.165666667611611018e+01 7.864563484724608200e-01
-3.768936508791458095e+01 6.437885301554614470e-01
-3.372206349971305883e+01 5.153874936701617893e-01
-2.975476191151152960e+01 4.012532390165622909e-01
-2.578746032331000393e+01 3.013857661946626187e-01
-2.182015873510847825e+01 2.157850752044628284e-01
-1.785285714690694903e+01 1.444511660459629754e-01
-1.388555555870537006e+01 8.738403871916231025e-02
-9.918253970503842609e+00 4.458369322406247753e-02
-5.950952382302316934e+00 1.605012956066254742e-02
-1.983650794100790371e+00 1.783347728962537699e-03
1.983650794100736192e+00 1.783347728962440338e-03
5.950952382302262755e+00 1.605012956066225946e-02
9.918253970503789319e+00 4.458369322406198487e-02
1.388555555870531499e+01 8.738403871916163024e-02
1.785285714690684244e+01 1.444511660459611990e-01
2.182015873510836812e+01 2.157850752044606912e-01
2.578746032330989379e+01 3.013857661946600652e-01
2.975476191151142302e+01 4.012532390165593488e-01
3.372206349971294514e+01 5.153874936701585696e-01
3.768936508791453122e+01 6.437885301554595596e-01
4.165666667611605334e+01 7.864563484724587106e-01
4.562396826431758257e+01 9.433909486211579098e-01
4.959126985251910469e+01 1.114592330601557046e+00
5.355857144072063392e+01 1.300060494413656009e+00
5.752587302892216314e+01 1.499795440057454909e+00
6.149317461712368527e+01 1.713797167532953525e+00
6.546047620532520739e+01 1.942065676840152522e+00
6.942777779352674372e+01 2.184600967979051234e+00
7.339507938172826584e+01 2.441403040949649661e+00
7.736238096992978797e+01 2.712471895751948026e+00
8.132968255813132430e+01 2.997807532385946327e+00
8.529698414633284642e+01 3.297409950851645011e+00
8.926428573453442539e+01 3.611279151149047184e+00
9.323158732273594751e+01 3.939415133278145742e+00
9.719888891093748384e+01 4.281817897238943793e+00
1.011661904991389491e+02 4.638487443031436896e+00
1.051334920873405281e+02 5.009423770655640595e+00
1.091007936755420076e+02 5.394626880111532685e+00
1.130680952637435865e+02 5.794096771399136259e+00
1.170353968519451655e+02 6.207833444518438881e+00
1.210026984401466450e+02 6.635836899469430783e+00
1.249700000283482240e+02 7.078107136252135057e+00
1.289373016165496892e+02 7.534644154866525945e+00
1.329046032047512824e+02 8.005447955312630981e+00
1.368719047929527335e+02 8.490518537590421744e+00
1.408392063811543267e+02 8.989855901699925766e+00
1.448065079693558062e+02 9.503460047641116404e+00
1.487738095575573709e+02 1.003133097541402030e+01
1.527411111457588504e+02 1.057346868501860904e+01
1.567084127339604436e+02 1.112987317645491459e+01
1.606757143221618946e+02 1.170054444972290320e+01
1.646430159103634878e+02 1.228548250482260684e+01
1.686103174985650526e+02 1.288468734175401487e+01
1.725776190867665321e+02 1.349815896051710240e+01
1.765449206749681252e+02 1.412589736111190852e+01
1.805122222631695763e+02 1.476790254353839416e+01
1.844795238513711695e+02 1.542417450779660371e+01
1.884468254395726490e+02 1.609471325388648566e+01
1.924141270277742137e+02 1.677951878180809686e+01
1.963814286159756932e+02 1.747859109156138402e+01
2.003487302041772864e+02 1.819193018314638977e+01
2.043160317923787375e+02 1.891953605656307502e+01
2.082833333805803306e+02 1.966140871181147887e+01
2.122506349687818101e+02 2.041754814889156577e+01
2.162179365569833749e+02 2.118795436780337127e+01
2.201852381451849681e+02 2.197262736854687759e+01
2.241525397333864476e+02 2.277156715112206342e+01
2.281198413215880123e+02 2.358477371552897139e+01
2.320871429097894918e+02 2.441224706176755532e+01
2.360544444979910566e+02 2.525398718983786495e+01
2.400217460861925360e+02 2.610999409973984697e+01
2.439890476743941292e+02 2.698026779147355469e+01
2.479563492625955803e+02 2.786480826503893837e+01
2.519236508507971735e+02 2.876361552043604775e+01
2.558909524389986530e+02 2.967668955766482597e+01
2.598582540272002461e+02 3.060403037672533344e+01
2.638255556154016972e+02 3.154563797761751687e+01
2.677928572036032620e+02 3.250151236034142244e+01
2.717601587918048835e+02 3.347165352489702883e+01
2.757274603800063346e+02 3.445606147128431473e+01
2.796947619682078994e+02 3.545473619950332989e+01
2.836620635564094073e+02 3.646767770955400323e+01
2.876293651446109720e+02 3.749488600143641293e+01
2.915966667328124231e+02 3.853636107515049503e+01
2.955639683210140447e+02 3.959210293069630637e+01
2.995312699092154958e+02 4.066211156807378302e+01
3.034985714974170605e+02 4.174638698728298891e+01
3.074658730856185684e+02 4.284492918832386721e+01
3.114331746738201332e+02 4.395773817119647475e+01
3.154004762620215843e+02 4.508481393590076891e+01
3.193677778502231490e+02 4.622615648243677100e+01
3.233350794384247706e+02 4.738176581080448102e+01
3.273023810266262217e+02 4.855164192100385634e+01
3.312696826148277864e+02 4.973578481303496091e+01
3.352369842030292943e+02 5.093419448689773787e+01
3.392042857912308591e+02 5.214687094259225830e+01
3.431715873794323102e+02 5.337381418011843692e+01
3.471388889676339318e+02 5.461502419947634479e+01
3.511061905558353828e+02 5.587050100066592506e+01
3.550734921440369476e+02 5.714024458368722748e+01
3.590407937322384555e+02 5.842425494854020940e+01
3.630080953204400203e+02 5.972253209522492767e+01
3.669753969086415850e+02 6.103507602374132546e+01
3.709426984968430929e+02 6.236188673408940275e+01
3.749100000850446577e+02 6.370296422626921640e+01
3.788773016732461087e+02 6.505830850028068824e+01
3.828446032614477303e+02 6.642791955612389643e+01
3.868119048496491814e+02 6.781179739379876992e+01
3.907792064378507462e+02 6.920994201330539397e+01
3.947465080260523678e+02 7.062235341464369753e+01
