-3.558997162963361802e+02 7.062235341464371174e+01
-3.523228347255187032e+02 6.920994201330540818e+01
-3.487459531547012830e+02 6.781179739379884097e+01
-3.451690715838838059e+02 6.642791955612393906e+01
-3.415921900130663857e+02 6.505830850028073087e+01
-3.380153084422489655e+02 6.370296422626924482e+01
-3.344384268714314885e+02 6.236188673408944538e+01
-3.308615453006140115e+02 6.103507602374133967e+01
-3.272846637297965344e+02 5.972253209522494188e+01
-3.237077821589791142e+02 5.842425494854025914e+01
-3.201309005881616940e+02 5.714024458368725590e+01
-3.165540190173442738e+02 5.587050100066597480e+01
-3.129771374465267968e+02 5.461502419947638032e+01
-3.094002558757093198e+02 5.337381418011847245e+01
-3.058233743048918427e+02 5.214687094259226541e+01
-3.022464927340744794e+02 5.093419448689778761e+01
-2.986696111632570023e+02 4.973578481303498222e+01
-2.950927295924395253e+02 4.855164192100388476e+01
-2.915158480216221051e+02 4.738176581080450234e+01
-2.879389664508046280e+02 4.622615648243680653e+01
-2.843620848799872078e+02 4.508481393590079733e+01
-2.807852033091697308e+02 4.395773817119649607e+01
-2.772083217383523106e+02 4.284492918832390984e+01
-2.736314401675348336e+02 4.174638698728301733e+01
-2.700545585967174134e+02 4.066211156807382565e+01
-2.664776770258999363e+02 3.959210293069632769e+01
-2.629007954550825161e+02 3.853636107515052345e+01
-2.593239138842650391e+02 3.749488600143642714e+01
-2.557470323134476189e+02 3.646767770955403876e+01
-2.521701507426301418e+02 3.545473619950333699e+01
-2.485932691718127501e+02 3.445606147128434316e+01
-2.450163876009952730e+02 3.347165352489704304e+01
-2.414395060301777960e+02 3.250151236034145086e+01
-2.378626244593603474e+02 3.154563797761754174e+01
-2.342857428885428988e+02 3.060403037672535120e+01
-2.307088613177254501e+02 2.967668955766485794e+01
-2.271319797469080015e+02 2.876361552043605840e+01
-2.235550981760905529e+02 2.786480826503896324e+01
-2.199782166052731327e+02 2.698026779147356891e+01
-2.164013350344556557e+02 2.610999409973986829e+01
-2.128244534636382070e+02 2.525398718983787560e+01
-2.092475718928207868e+02 2.441224706176758019e+01
-2.056706903220033098e+02 2.358477371552897495e+01
-2.020938087511858612e+02 2.277156715112208119e+01
-1.985169271803684410e+02 2.197262736854688825e+01
-1.949400456095509639e+02 2.118795436780338903e+01
-1.913631640387335153e+02 2.041754814889159420e+01
-1.877862824679160667e+02 1.966140871181148952e+01
-1.842094008970986181e+02 1.891953605656309279e+01
-1.806325193262811979e+02 1.819193018314640042e+01
-1.770556377554637209e+02 1.747859109156139823e+01
-1.734787561846462722e+02 1.677951878180810397e+01
-1.699018746138288236e+02 1.609471325388650342e+01
-1.663249930430113750e+02 1.542417450779660726e+01
-1.627481114721939264e+02 1.476790254353841370e+01
-1.591712299013764778e+02 1.412589736111191030e+01
-1.555943483305590291e+02 1.349815896051711483e+01
-1.520174667597415805e+02 1.288468734175401842e+01
-1.484405851889241319e+02 1.228548250482261750e+01
-1.448637036181066833e+02 1.170054444972292274e+01
-1.412868220472892631e+02 1.112987317645492702e+01
-1.377099404764717860e+02 1.057346868501862502e+01
-1.341330589056543374e+02 1.003133097541402741e+01
-1.305561773348368888e+02 9.503460047641127062e+00
-1.269792957640194402e+02 8.989855901699932872e+00
-1.234024141932020058e+02 8.490518537590434178e+00
-1.198255326223845429e+02 8.005447955312632757e+00
-1.162486510515670943e+02 7.534644154866536603e+00
-1.126717694807496315e+02 7.078107136252135945e+00
-1.090948879099322255e+02 6.635836899469442329e+00
-1.055180063391147485e+02 6.207833444518441546e+00
-1.019411247682972856e+02 5.794096771399140700e+00
-9.836424319747982281e+01 5.394626880111540679e+00
-9.478736162666241682e+01 5.009423770655645924e+00
-9.121048005584493978e+01 4.638487443031445778e+00
-8.763359848502747695e+01 4.281817897238944681e+00
-8.405671691421007097e+01 3.939415133278150183e+00
-8.047983534339260814e+01 3.611279151149049849e+00
-7.690295377257513110e+01 3.297409950851649452e+00
-7.332607220175772511e+01 2.997807532385953877e+00
-6.974919063094026228e+01 2.712471895751953355e+00
-6.617230906012279945e+01 2.441403040949652770e+00
-6.259542748930537925e+01 2.184600967979056119e+00
-5.901854591848791642e+01 1.942065676840155852e+00
-5.544166434767044649e+01 1.713797167532955967e+00
-5.186478277685304050e+01 1.499795440057458906e+00
-4.828790120603557057e+01 1.300060494413658674e+00
-4.471101963521810774e+01 1.114592330601558157e+00
-4.113413806440069465e+01 9.433909486211606854e-01
-3.755725649358323182e+01 7.864563484724602649e-01
-3.398037492276576188e+01 6.437885301554602258e-01
-3.040349335194829550e+01 5.153874936701600129e-01
-2.682661178113088596e+01 4.012532390165616247e-01
-2.324973021031341958e+01 3.013857661946614530e-01
-1.967284863949595319e+01 2.157850752044613574e-01
-1.609596706867854365e+01 1.444511660459623648e-01
-1.251908549786107550e+01 8.738403871916226862e-02
-8.942203927043610889e+00 4.458369322406222773e-02
-5.365322356226198686e+00 1.605012956066259253e-02
-1.788440785408732969e+00 1.783347728962510377e-03
1.788440785408732969e+00 1.783347728962510377e-03
5.365322356226144507e+00 1.605012956066226640e-02
8.942203927043610889e+00 4.458369322406222773e-02
1.251908549786107550e+01 8.738403871916226862e-02
1.609596706867854365e+01 1.444511660459623648e-01
1.967284863949595319e+01 2.157850752044613574e-01
2.324973021031341958e+01 3.013857661946614530e-01
2.682661178113088596e+01 4.012532390165616247e-01
3.040349335194829550e+01 5.153874936701600129e-01
3.398037492276576188e+01 6.437885301554602258e-01
3.755725649358323182e+01 7.864563484724602649e-01
4.113413806440063780e+01 9.433909486211581319e-01
4.471101963521810774e+01 1.114592330601558157e+00
4.828790120603557057e+01 1.300060494413658674e+00
5.186478277685298366e+01 1.499795440057455798e+00
5.544166434767044649e+01 1.713797167532955967e+00
5.901854591848791642e+01 1.942065676840155852e+00
6.259542748930532952e+01 2.184600967979052566e+00
6.617230906012279945e+01 2.441403040949652770e+00
6.974919063094026228e+01 2.712471895751953355e+00
7.332607220175766827e+01 2.997807532385949436e+00
7.690295377257513110e+01 3.297409950851649452e+00
8.047983534339260814e+01 3.611279151149049849e+00
8.405671691421007097e+01 3.939415133278150183e+00
8.763359848502747695e+01 4.281817897238944681e+00
9.121048005584493978e+01 4.638487443031445778e+00
9.478736162666241682e+01 5.009423770655645924e+00
9.836424319747982281e+01 5.394626880111540679e+00
1.019411247682972856e+02 5.794096771399140700e+00
1.055180063391147485e+02 6.207833444518441546e+00
1.090948879099321687e+02 6.635836899469435224e+00
1.126717694807496315e+02 7.078107136252135945e+00
1.162486510515670943e+02 7.534644154866536603e+00
1.198255326223845145e+02 8.005447955312629205e+00
1.234024141932019774e+02 8.490518537590430626e+00
1.269792957640194402e+02 8.989855901699932872e+00
1.305561773348369172e+02 9.503460047641130615e+00
1.341330589056543658e+02 1.003133097541403274e+01
1.377099404764717292e+02 1.057346868501861614e+01
1.412868220472892062e+02 1.112987317645491814e+01
1.448637036181066549e+02 1.170054444972291741e+01
1.484405851889241319e+02 1.228548250482261750e+01
1.520174667597415805e+02 1.288468734175401842e+01
1.555943483305590576e+02 1.349815896051712016e+01
1.591712299013765346e+02 1.412589736111192096e+01
1.627481114721938695e+02 1.476790254353840126e+01
1.663249930430113466e+02 1.542417450779660371e+01
1.699018746138288236e+02 1.609471325388650342e+01
1.734787561846462722e+02 1.677951878180810397e+01
1.770556377554637493e+02 1.747859109156140178e+01
1.806325193262812263e+02 1.819193018314640398e+01
1.842094008970985612e+02 1.891953605656308568e+01
1.877862824679160383e+02 1.966140871181148597e+01
1.913631640387335153e+02 2.041754814889158709e+01
1.949400456095509639e+02 2.118795436780338903e+01
1.985169271803684410e+02 2.197262736854688825e+01
2.020938087511858896e+02 2.277156715112208829e+01
2.056706903220032530e+02 2.358477371552896429e+01
2.092475718928207300e+02 2.441224706176756598e+01
2.128244534636381786e+02 2.525398718983786850e+01
2.164013350344556557e+02 2.610999409973986829e+01
2.199782166052731327e+02 2.698026779147356891e+01
2.235550981760905813e+02 2.786480826503897035e+01
2.271319797469080584e+02 2.876361552043606906e+01
2.307088613177254217e+02 2.967668955766484729e+01
2.342857428885428703e+02 3.060403037672534765e+01
2.378626244593603474e+02 3.154563797761754174e+01
2.414395060301777960e+02 3.250151236034145086e+01
2.450163876009952730e+02 3.347165352489704304e+01
2.485932691718127501e+02 3.445606147128434316e+01
2.521701507426300850e+02 3.545473619950332278e+01
2.557470323134475620e+02 3.646767770955402455e+01
2.593239138842650391e+02 3.749488600143642714e+01
2.629007954550825161e+02 3.853636107515052345e+01
2.664776770258999363e+02 3.959210293069632769e+01
2.700545585967174134e+02 4.066211156807382565e+01
2.736314401675347767e+02 4.174638698728299602e+01
2.772083217383522538e+02 4.284492918832388852e+01
2.807852033091697308e+02 4.395773817119649607e+01
2.843620848799872078e+02 4.508481393590079733e+01
2.879389664508046280e+02 4.622615648243680653e+01
2.915158480216221051e+02 4.738176581080450234e+01
2.950927295924395821e+02 4.855164192100390608e+01
2.986696111632569455e+02 4.973578481303496801e+01
3.022464927340744225e+02 5.093419448689776630e+01
3.058233743048918427e+02 5.214687094259226541e+01
3.094002558757093198e+02 5.337381418011847245e+01
3.129771374465267968e+02 5.461502419947638032e+01
3.165540190173442738e+02 5.587050100066597480e+01
3.201309005881616372e+02 5.714024458368724169e+01
3.237077821589791142e+02 5.842425494854023782e+01
3.272846637297965344e+02 5.972253209522494188e+01
3.308615453006140115e+02 6.103507602374133967e+01
3.344384268714314885e+02 6.236188673408944538e+01
3.380153084422489655e+02 6.370296422626924482e+01
3.415921900130664426e+02 6.505830850028074508e+01
3.451690715838837491e+02 6.642791955612391064e+01
3.487459531547012261e+02 6.781179739379879834e+01
3.523228347255187032e+02 6.920994201330540818e+01
3.558997162963361802e+02 7.062235341464371174e+01
