-7.958159588114972394e+02 8.827794176830462902e+01
-7.918269063863770043e+02 8.739516789568358490e+01
-7.878378539612567693e+02 8.651683007267372716e+01
-7.838488015361364205e+02 8.564292829927498474e+01
-7.798597491110160718e+02 8.477346257548744290e+01
-7.758706966858958367e+02 8.390843290131107324e+01
-7.718816442607756017e+02 8.304783927674583310e+01
-7.678925918356552529e+02 8.219168170179177935e+01
-7.639035394105349042e+02 8.133996017644885512e+01
-7.599144869854146691e+02 8.049267470071711728e+01
-7.559254345602944340e+02 7.964982527459652317e+01
-7.519363821351740853e+02 7.881141189808711545e+01
-7.479473297100538502e+02 7.797743457118886568e+01
-7.439582772849336152e+02 7.714789329390175965e+01
-7.399692248598132664e+02 7.632278806622581158e+01
-7.359801724346929177e+02 7.550211888816103567e+01
-7.319911200095726826e+02 7.468588575970741772e+01
-7.280020675844524476e+02 7.387408868086497193e+01
-7.240130151593320988e+02 7.306672765163366989e+01
-7.200239627342117501e+02 7.226380267201351160e+01
-7.160349103090915150e+02 7.146531374200455389e+01
-7.120458578839712800e+02 7.067126086160672571e+01
-7.080568054588509312e+02 6.988164403082009812e+01
-7.040677530337306962e+02 6.909646324964461428e+01
-7.000787006086104611e+02 6.831571851808028839e+01
-6.960896481834901124e+02 6.753940983612709203e+01
-6.921005957583697636e+02 6.676753720378509627e+01
-6.881115433332495286e+02 6.600010062105424424e+01
-6.841224909081292935e+02 6.523710008793456439e+01
-6.801334384830088311e+02 6.447853560442601406e+01
-6.761443860578885960e+02 6.372440717052865722e+01
-6.721553336327683610e+02 6.297471478624246544e+01
-6.681662812076481259e+02 6.222945845156743161e+01
-6.641772287825277772e+02 6.148863816650354863e+01
-6.601881763574075421e+02 6.075225393105083072e+01
-6.561991239322873071e+02 6.002030574520927075e+01
-6.522100715071669583e+02 5.929279360897886164e+01
-6.482210190820466096e+02 5.856971752235963180e+01
-6.442319666569263745e+02 5.785107748535155281e+01
-6.402429142318061395e+02 5.713687349795463177e+01
-6.362538618066856770e+02 5.642710556016886869e+01
-6.322648093815654420e+02 5.572177367199427778e+01
-6.282757569564452069e+02 5.502087783343085192e+01
-6.242867045313249719e+02 5.432441804447858402e+01
-6.202976521062046231e+02 5.363239430513747408e+01
-6.163085996810843881e+02 5.294480661540752919e+01
-6.123195472559641530e+02 5.226165497528874226e+01
-6.083304948308438043e+02 5.158293938478109908e+01
-6.043414424057234555e+02 5.090865984388463517e+01
-6.003523899806032205e+02 5.023881635259932921e+01
-5.963633375554828717e+02 4.957340891092517410e+01
-5.923742851303625230e+02 4.891243751886219115e+01
-5.883852327052422879e+02 4.825590217641038038e+01
-5.843961802801220529e+02 4.760380288356972045e+01
-5.804071278550018178e+02 4.695613964034021848e+01
-5.764180754298814691e+02 4.631291244672188157e+01
-5.724290230047612340e+02 4.567412130271470971e+01
-5.684399705796408853e+02 4.503976620831867450e+01
-5.644509181545206502e+02 4.440984716353381856e+01
-5.604618657294003015e+02 4.378436416836013478e+01
-5.564728133042800664e+02 4.316331722279759475e+01
-5.524837608791597177e+02 4.254670632684621268e+01
-5.484947084540393689e+02 4.193453148050599566e+01
-5.445056560289191339e+02 4.132679268377694370e+01
-5.405166036037988988e+02 4.072348993665906391e+01
-5.365275511786786637e+02 4.012462323915233497e+01
-5.325384987535583150e+02 3.953019259125676399e+01
-5.285494463284380799e+02 3.894019799297236517e+01
-5.245603939033177312e+02 3.835463944429910299e+01
-5.205713414781974961e+02 3.777351694523701298e+01
-5.165822890530771474e+02 3.719683049578608802e+01
-5.125932366279567987e+02 3.662458009594632102e+01
-5.086041842028365068e+02 3.605676574571771908e+01
-5.046151317777162717e+02 3.549338744510027510e+01
-5.006260793525959798e+02 3.493444519409400328e+01
-4.966370269274757447e+02 3.437993899269888232e+01
-4.926479745023554528e+02 3.382986884091492641e+01
-4.886589220772352178e+02 3.328423473874212135e+01
-4.846698696521148690e+02 3.274303668618048135e+01
-4.806808172269945771e+02 3.220627468322999931e+01
-4.766917648018742852e+02 3.167394872989068944e+01
-4.727027123767540502e+02 3.114605882616253751e+01
-4.687136599516337014e+02 3.062260497204554355e+01
-4.647246075265134095e+02 3.010358716753971109e+01
-4.607355551013931176e+02 2.958900541264502948e+01
-4.567465026762728257e+02 2.907885970736152359e+01
-4.527574502511525907e+02 2.857315005168917921e+01
-4.487683978260322419e+02 2.807187644562798212e+01
-4.447793454009120069e+02 2.757503888917796075e+01
-4.407902929757917150e+02 2.708263738233909379e+01
-4.368012405506714231e+02 2.659467192511138123e+01
-4.328121881255511312e+02 2.611114251749484083e+01
-4.288231357004308961e+02 2.563204915948945839e+01
-4.248340832753105474e+02 2.515739185109523035e+01
-4.208450308501902555e+02 2.468717059231217092e+01
-4.168559784250699636e+02 2.422138538314026235e+01
-4.128669259999496717e+02 2.376003622357952949e+01
-4.088778735748294366e+02 2.330312311362995104e+01
-4.048888211497090879e+02 2.285064605329152698e+01
-4.008997687245888528e+02 2.240260504256427154e+01
-3.969107162994685041e+02 2.195900008144817050e+01
-3.929216638743482690e+02 2.151983116994324163e+01
-3.889326114492279771e+02 2.108509830804946361e+01
-3.849435590241076852e+02 2.065480149576684710e+01
-3.809545065989873933e+02 2.022894073309539564e+01
-3.769654541738671014e+02 1.980751602003510925e+01
-3.729764017487468095e+02 1.939052735658597371e+01
-3.689873493236265176e+02 1.897797474274800678e+01
-3.649982968985062826e+02 1.856985817852119780e+01
-3.610092444733859338e+02 1.816617766390554678e+01
-3.570201920482656988e+02 1.776693319890106437e+01
-3.530311396231453500e+02 1.737212478350772926e+01
-3.490420871980251150e+02 1.698175241772556987e+01
-3.450530347729048231e+02 1.659581610155456843e+01
-3.410639823477845312e+02 1.621431583499472140e+01
-3.370749299226642393e+02 1.583725161804604120e+01
-3.330858774975439474e+02 1.546462345070851896e+01
-3.290968250724236555e+02 1.509643133298216000e+01
-3.251077726473033636e+02 1.473267526486696255e+01
-3.211187202221830717e+02 1.437335524636292128e+01
-3.171296677970627798e+02 1.401847127747004507e+01
-3.131406153719425447e+02 1.366802335818833036e+01
-3.091515629468221960e+02 1.332201148851777361e+01
-3.051625105217019609e+02 1.298043566845838015e+01
-3.011734580965816690e+02 1.264329589801014819e+01
-2.971844056714614339e+02 1.231059217717307774e+01
-2.931953532463410284e+02 1.198232450594715992e+01
-2.892063008212207933e+02 1.165849288433240893e+01
-2.852172483961005014e+02 1.133909731232882123e+01
-2.812281959709802095e+02 1.102413778993639504e+01
-2.772391435458599744e+02 1.071361431715512857e+01
-2.732500911207395689e+02 1.040752689398501474e+01
-2.692610386956193338e+02 1.010587552042607129e+01
-2.652719862704990419e+02 9.808660196478289350e+00
-2.612829338453788068e+02 9.515880922141665366e+00
-2.572938814202585149e+02 9.227537697416204665e+00
-2.533048289951381378e+02 8.943630522301896590e+00
-2.493157765700178743e+02 8.664159396798757129e+00
-2.453267241448976108e+02 8.389124320906779175e+00
-2.413376717197773473e+02 8.118525294625960953e+00
-2.373486192946570839e+02 7.852362317956304238e+00
-2.333595668695368204e+02 7.590635390897809032e+00
-2.293705144444164432e+02 7.333344513450467339e+00
-2.253814620192961797e+02 7.080489685614293371e+00
-2.213924095941759163e+02 6.832070907389280912e+00
-2.174033571690556244e+02 6.588088178775429071e+00
-2.134143047439353609e+02 6.348541499772737851e+00
-2.094252523188149837e+02 6.113430870381201032e+00
-2.054361998936947202e+02 5.882756290600832827e+00
-2.014471474685744568e+02 5.656517760431625241e+00
-1.974580950434541933e+02 5.434715279873577387e+00
-1.934690426183339298e+02 5.217348848926691929e+00
-1.894799901932136663e+02 5.004418467590966202e+00
-1.854909377680932892e+02 4.795924135866395766e+00
-1.815018853429730257e+02 4.591865853752992166e+00
-1.775128329178527622e+02 4.392243621250750074e+00
-1.735237804927324703e+02 4.197057438359668602e+00
-1.695347280676122068e+02 4.006307305079747749e+00
-1.655456756424918296e+02 3.819993221410983519e+00
-1.615566232173715662e+02 3.638115187353384794e+00
-1.575675707922513027e+02 3.460673202906947132e+00
-1.535785183671310392e+02 3.287667268071670090e+00
-1.495894659420107757e+02 3.119097382847554112e+00
-1.456004135168903986e+02 2.954963547234595200e+00
-1.416113610917701351e+02 2.795265761232801349e+00
-1.376223086666498716e+02 2.640004024842168562e+00
-1.336332562415296081e+02 2.489178338062696394e+00
-1.296442038164093162e+02 2.342788700894384846e+00
-1.256551513912889533e+02 2.200835113337230808e+00
-1.216660989661686898e+02 2.063317575391242276e+00
-1.176770465410484121e+02 1.930236087056413474e+00
-1.136879941159281486e+02 1.801590648332746403e+00
-1.096989416908078852e+02 1.677381259220239951e+00
-1.057098892656876217e+02 1.557607919718894340e+00
-1.017208368405672445e+02 1.442270629828706907e+00
-9.773178441544698103e+01 1.331369389549683202e+00
-9.374273199032670334e+01 1.224904198881820783e+00
-8.975367956520643986e+01 1.122875057825118761e+00
-8.576462714008617638e+01 1.025281966379578247e+00
-8.177557471496579922e+01 9.321249245451960208e-01
-7.778652228984553574e+01 8.434039323219773010e-01
-7.379746986472525805e+01 7.591189897099194228e-01
-6.980841743960499457e+01 6.792700967090223862e-01
-6.581936501448473109e+01 6.038572533192863023e-01
-6.183031258936446051e+01 5.328804595407111711e-01
-5.784126016424409045e+01 4.663397153732953826e-01
-5.385220773912381986e+01 4.042350208170421566e-01
-4.986315531400355638e+01 3.465663758719499388e-01
-4.587410288888328580e+01 2.933337805380186736e-01
-4.188505046376302232e+01 2.445372348152483055e-01
-3.789599803864264516e+01 2.001767387036377521e-01
-3.390694561352237457e+01 1.602522922031893171e-01
-2.991789318840211109e+01 1.247638953139018209e-01
-2.592884076328184406e+01 9.371154803577524950e-02
-2.193978833816157703e+01 6.709525036880958915e-02
-1.795073591304119986e+01 4.491500231300432633e-02
-1.396168348792093461e+01 2.717080386836064065e-02
-9.972631062800667578e+00 1.386265503487787813e-02
-5.983578637680400547e+00 4.990555812556036162e-03
-1.994526212560133516e+00 5.545062013951150689e-04
1.994526212560241873e+00 5.545062013951754590e-04
5.983578637680508905e+00 4.990555812556217441e-03
9.972631062800775936e+00 1.386265503487817997e-02
1.396168348792104297e+01 2.717080386836106740e-02
1.795073591304131000e+01 4.491500231300486756e-02
2.193978833816157703e+01 6.709525036880958915e-02
2.592884076328195064e+01 9.371154803577604053e-02
2.991789318840221767e+01 1.247638953139027090e-01
3.390694561352248826e+01 1.602522922031903441e-01
3.789599803864275174e+01 2.001767387036388623e-01
4.188505046376302232e+01 2.445372348152483055e-01
4.587410288888339238e+01 2.933337805380200614e-01
4.986315531400366297e+01 3.465663758719514931e-01
5.385220773912392644e+01 4.042350208170438775e-01
5.784126016424419703e+01 4.663397153732971034e-01
6.183031258936446051e+01 5.328804595407111711e-01
6.581936501448473109e+01 6.038572533192863023e-01
6.980841743960510826e+01 6.792700967090244957e-01
7.379746986472537174e+01 7.591189897099215322e-01
7.778652228984563521e+01 8.434039323219796325e-01
8.177557471496591290e+01 9.321249245451984633e-01
8.576462714008617638e+01 1.025281966379578247e+00
8.975367956520655355e+01 1.122875057825121647e+00
9.374273199032681703e+01 1.224904198881823669e+00
9.773178441544708051e+01 1.331369389549686311e+00
1.017208368405673440e+02 1.442270629828710016e+00
1.057098892656876217e+02 1.557607919718894340e+00
1.096989416908079988e+02 1.677381259220243059e+00
1.136879941159282623e+02 1.801590648332749955e+00
1.176770465410485258e+02 1.930236087056417471e+00
1.216660989661687893e+02 2.063317575391245384e+00
1.256551513912890670e+02 2.200835113337235249e+00
1.296442038164094299e+02 2.342788700894389287e+00
1.336332562415296934e+02 2.489178338062700391e+00
1.376223086666499569e+02 2.640004024842172115e+00
1.416113610917702488e+02 2.795265761232805790e+00
1.456004135168905123e+02 2.954963547234599641e+00
1.495894659420107757e+02 3.119097382847554112e+00
1.535785183671311529e+02 3.287667268071674975e+00
1.575675707922514164e+02 3.460673202906951573e+00
1.615566232173716799e+02 3.638115187353389235e+00
1.655456756424919433e+02 3.819993221410988404e+00
1.695347280676122068e+02 4.006307305079747749e+00
1.735237804927325840e+02 4.197057438359673931e+00
1.775128329178528475e+02 4.392243621250755403e+00
1.815018853429731109e+02 4.591865853752997495e+00
1.854909377680934028e+02 4.795924135866401095e+00
1.894799901932136663e+02 5.004418467590966202e+00
1.934690426183339298e+02 5.217348848926691929e+00
1.974580950434541933e+02 5.434715279873577387e+00
2.014471474685744568e+02 5.656517760431625241e+00
2.054361998936949476e+02 5.882756290600844373e+00
2.094252523188152111e+02 6.113430870381214355e+00
2.134143047439354746e+02 6.348541499772744956e+00
2.174033571690557380e+02 6.588088178775435289e+00
2.213924095941760015e+02 6.832070907389288017e+00
2.253814620192962650e+02 7.080489685614300477e+00
2.293705144444165569e+02 7.333344513450473556e+00
2.333595668695368204e+02 7.590635390897809032e+00
2.373486192946570839e+02 7.852362317956304238e+00
2.413376717197773473e+02 8.118525294625960953e+00
2.453267241448976108e+02 8.389124320906779175e+00
2.493157765700181017e+02 8.664159396798773116e+00
2.533048289951383651e+02 8.943630522301912578e+00
2.572938814202586286e+02 9.227537697416211770e+00
2.612829338453789205e+02 9.515880922141674247e+00
2.652719862704991556e+02 9.808660196478296456e+00
2.692610386956194475e+02 1.010587552042607840e+01
2.732500911207396825e+02 1.040752689398502540e+01
2.772391435458599744e+02 1.071361431715512857e+01
2.812281959709802095e+02 1.102413778993639504e+01
2.852172483961005014e+02 1.133909731232882123e+01
2.892063008212209638e+02 1.165849288433242847e+01
2.931953532463412557e+02 1.198232450594717591e+01
2.971844056714614908e+02 1.231059217717308485e+01
3.011734580965817827e+02 1.264329589801015707e+01
3.051625105217020746e+02 1.298043566845838903e+01
3.091515629468223096e+02 1.332201148851778250e+01
3.131406153719426015e+02 1.366802335818833569e+01
3.171296677970628366e+02 1.401847127747005040e+01
3.211187202221831285e+02 1.437335524636292661e+01
3.251077726473033636e+02 1.473267526486696255e+01
3.290968250724236555e+02 1.509643133298216000e+01
3.330858774975441179e+02 1.546462345070853850e+01
3.370749299226644098e+02 1.583725161804605719e+01
3.410639823477846448e+02 1.621431583499473916e+01
3.450530347729049367e+02 1.659581610155457909e+01
3.490420871980252286e+02 1.698175241772558053e+01
3.530311396231454637e+02 1.737212478350774347e+01
3.570201920482657556e+02 1.776693319890106793e+01
3.610092444733859907e+02 1.816617766390555033e+01
3.649982968985062826e+02 1.856985817852119780e+01
3.689873493236265176e+02 1.897797474274800678e+01
3.729764017487468095e+02 1.939052735658597371e+01
3.769654541738672719e+02 1.980751602003512346e+01
3.809545065989875638e+02 2.022894073309541341e+01
3.849435590241077989e+02 2.065480149576686486e+01
3.889326114492280908e+02 2.108509830804947782e+01
3.929216638743483827e+02 2.151983116994325229e+01
3.969107162994686178e+02 2.195900008144818116e+01
4.008997687245889097e+02 2.240260504256427865e+01
4.048888211497091447e+02 2.285064605329153054e+01
4.088778735748294366e+02 2.330312311362995104e+01
4.128669259999496717e+02 2.376003622357952949e+01
4.168559784250699636e+02 2.422138538314026235e+01
4.208450308501904260e+02 2.468717059231218869e+01
4.248340832753107179e+02 2.515739185109524811e+01
4.288231357004309530e+02 2.563204915948947260e+01
4.328121881255512449e+02 2.611114251749485504e+01
4.368012405506715368e+02 2.659467192511139189e+01
4.407902929757917718e+02 2.708263738233910090e+01
4.447793454009120637e+02 2.757503888917796431e+01
4.487683978260322988e+02 2.807187644562798923e+01
4.527574502511525907e+02 2.857315005168917921e+01
4.567465026762728257e+02 2.907885970736152359e+01
4.607355551013933450e+02 2.958900541264506145e+01
4.647246075265135801e+02 3.010358716753973241e+01
4.687136599516338720e+02 3.062260497204555421e+01
4.727027123767541070e+02 3.114605882616255172e+01
4.766917648018743989e+02 3.167394872989070365e+01
4.806808172269946908e+02 3.220627468323002063e+01
4.846698696521149259e+02 3.274303668618049556e+01
4.886589220772352178e+02 3.328423473874212135e+01
4.926479745023554528e+02 3.382986884091492641e+01
4.966370269274757447e+02 3.437993899269888232e+01
5.006260793525959798e+02 3.493444519409400328e+01
5.046151317777164991e+02 3.549338744510031063e+01
5.086041842028367341e+02 3.605676574571774751e+01
5.125932366279570260e+02 3.662458009594634945e+01
5.165822890530772611e+02 3.719683049578611644e+01
5.205713414781974961e+02 3.777351694523702719e+01
5.245603939033178449e+02 3.835463944429911720e+01
5.285494463284380799e+02 3.894019799297236517e+01
5.325384987535583150e+02 3.953019259125676399e+01
5.365275511786786637e+02 4.012462323915233497e+01
5.405166036037988988e+02 4.072348993665906391e+01
5.445056560289193612e+02 4.132679268377698634e+01
5.484947084540395963e+02 4.193453148050603829e+01
5.524837608791599450e+02 4.254670632684624110e+01
5.564728133042801801e+02 4.316331722279760896e+01
5.604618657294004151e+02 4.378436416836014899e+01
5.644509181545206502e+02 4.440984716353384698e+01
5.684399705796409989e+02 4.503976620831868871e+01
5.724290230047612340e+02 4.567412130271470971e+01
5.764180754298814691e+02 4.631291244672188157e+01
5.804071278550018178e+02 4.695613964034021848e+01
5.843961802801220529e+02 4.760380288356972045e+01
5.883852327052425153e+02 4.825590217641040880e+01
5.923742851303627504e+02 4.891243751886223379e+01
5.963633375554830991e+02 4.957340891092521673e+01
6.003523899806033342e+02 5.023881635259935763e+01
6.043414424057235692e+02 5.090865984388465648e+01
6.083304948308438043e+02 5.158293938478112040e+01
6.123195472559641530e+02 5.226165497528874226e+01
6.163085996810843881e+02 5.294480661540752919e+01
6.202976521062046231e+02 5.363239430513747408e+01
6.242867045313249719e+02 5.432441804447858402e+01
6.282757569564452069e+02 5.502087783343085192e+01
6.322648093815656694e+02 5.572177367199432041e+01
6.362538618066859044e+02 5.642710556016891132e+01
6.402429142318062532e+02 5.713687349795466019e+01
6.442319666569264882e+02 5.785107748535157413e+01
6.482210190820467233e+02 5.856971752235964601e+01
6.522100715071669583e+02 5.929279360897888296e+01
6.561991239322873071e+02 6.002030574520927075e+01
6.601881763574075421e+02 6.075225393105083072e+01
6.641772287825277772e+02 6.148863816650354863e+01
6.681662812076481259e+02 6.222945845156743161e+01
6.721553336327683610e+02 6.297471478624246544e+01
6.761443860578888234e+02 6.372440717052869985e+01
6.801334384830090585e+02 6.447853560442605669e+01
6.841224909081294072e+02 6.523710008793459281e+01
6.881115433332496423e+02 6.600010062105427266e+01
6.921005957583698773e+02 6.676753720378511048e+01
6.960896481834901124e+02 6.753940983612712046e+01
7.000787006086104611e+02 6.831571851808028839e+01
7.040677530337306962e+02 6.909646324964461428e+01
7.080568054588509312e+02 6.988164403082009812e+01
7.120458578839712800e+02 7.067126086160672571e+01
7.160349103090917424e+02 7.146531374200459652e+01
7.200239627342119775e+02 7.226380267201355423e+01
7.240130151593322125e+02 7.306672765163369831e+01
7.280020675844525613e+02 7.387408868086498615e+01
7.319911200095727963e+02 7.468588575970743193e+01
7.359801724346930314e+02 7.550211888816106409e+01
7.399692248598132664e+02 7.632278806622584000e+01
7.439582772849336152e+02 7.714789329390175965e+01
7.479473297100538502e+02 7.797743457118886568e+01
7.519363821351740853e+02 7.881141189808711545e+01
7.559254345602944340e+02 7.964982527459652317e+01
7.599144869854148965e+02 8.049267470071715991e+01
7.639035394105351315e+02 8.133996017644889776e+01
7.678925918356553666e+02 8.219168170179180777e+01
7.718816442607757153e+02 8.304783927674587574e+01
7.758706966858959504e+02 8.390843290131110166e+01
7.798597491110161855e+02 8.477346257548747133e+01
7.838488015361364205e+02 8.564292829927501316e+01
7.878378539612567693e+02 8.651683007267372716e+01
7.918269063863770043e+02 8.739516789568358490e+01
7.958159588114972394e+02 8.827794176830462902e+01
