0.000000000000000000e+00 0.000000000000000000e+00 1.817381609191211683e-05
0.000000000000000000e+00 1.250000000000000026e-03 1.817381609191211683e-05
0.000000000000000000e+00 2.500000000000000052e-03 1.817381609191211683e-05
0.000000000000000000e+00 3.749999999999999861e-03 1.817381609191211683e-05
0.000000000000000000e+00 5.000000000000000104e-03 1.817381609191211683e-05
0.000000000000000000e+00 6.250000000000000347e-03 1.817381609191211683e-05
0.000000000000000000e+00 7.499999999999999722e-03 1.817381609191211683e-05
0.000000000000000000e+00 8.750000000000000833e-03 1.817381609191211683e-05
0.000000000000000000e+00 1.000000000000000021e-02 1.817381609191211683e-05
0.000000000000000000e+00 1.124999999999999958e-02 1.817381609191211683e-05
0.000000000000000000e+00 1.250000000000000069e-02 1.817381609191211683e-05
0.000000000000000000e+00 1.375000000000000007e-02 1.817381609191211683e-05
0.000000000000000000e+00 1.499999999999999944e-02 1.817381609191211683e-05
0.000000000000000000e+00 1.625000000000000056e-02 1.817381609191211683e-05
0.000000000000000000e+00 1.750000000000000167e-02 1.817381609191211683e-05
0.000000000000000000e+00 1.874999999999999931e-02 1.817381609191211683e-05
0.000000000000000000e+00 2.000000000000000042e-02 1.817381609191211683e-05
0.000000000000000000e+00 2.125000000000000153e-02 1.817381609191211683e-05
0.000000000000000000e+00 2.249999999999999917e-02 1.817381609191211683e-05
0.000000000000000000e+00 2.375000000000000028e-02 1.817381609191211683e-05
0.000000000000000000e+00 2.500000000000000139e-02 1.817381609191211683e-05
0.000000000000000000e+00 2.624999999999999903e-02 1.817381609191211683e-05
0.000000000000000000e+00 2.750000000000000014e-02 1.817381609191211683e-05
0.000000000000000000e+00 2.875000000000000125e-02 1.817381609191211683e-05
0.000000000000000000e+00 2.999999999999999889e-02 1.817381609191211683e-05
1.295906969605789853e-03 0.000000000000000000e+00 9.740490759238280743e-06
1.295906969605789853e-03 1.250000000000000026e-03 1.817381609191211683e-05
1.295906969605789853e-03 2.500000000000000052e-03 1.817381609191211683e-05
1.295906969605789853e-03 3.749999999999999861e-03 1.817381609191211683e-05
1.295906969605789853e-03 5.000000000000000104e-03 1.817381609191211683e-05
1.295906969605789853e-03 6.250000000000000347e-03 1.817381609191211683e-05
1.295906969605789853e-03 7.499999999999999722e-03 1.817381609191211683e-05
1.295906969605789853e-03 8.750000000000000833e-03 1.817381609191211683e-05
1.295906969605789853e-03 1.000000000000000021e-02 1.817381609191211683e-05
1.295906969605789853e-03 1.124999999999999958e-02 1.817381609191211683e-05
1.295906969605789853e-03 1.250000000000000069e-02 1.817381609191211683e-05
1.295906969605789853e-03 1.375000000000000007e-02 1.817381609191211683e-05
1.295906969605789853e-03 1.499999999999999944e-02 1.817381609191211683e-05
1.295906969605789853e-03 1.625000000000000056e-02 1.817381609191211683e-05
1.295906969605789853e-03 1.750000000000000167e-02 1.817381609191211683e-05
1.295906969605789853e-03 1.874999999999999931e-02 1.817381609191211683e-05
1.295906969605789853e-03 2.000000000000000042e-02 1.817381609191211683e-05
1.295906969605789853e-03 2.125000000000000153e-02 1.817381609191211683e-05
1.295906969605789853e-03 2.249999999999999917e-02 1.817381609191211683e-05
1.295906969605789853e-03 2.375000000000000028e-02 1.817381609191211683e-05
1.295906969605789853e-03 2.500000000000000139e-02 1.817381609191211683e-05
1.295906969605789853e-03 2.624999999999999903e-02 1.817381609191211683e-05
1.295906969605789853e-03 2.750000000000000014e-02 1.817381609191211683e-05
1.295906969605789853e-03 2.875000000000000125e-02 1.817381609191211683e-05
1.295906969605789853e-03 2.999999999999999889e-02 9.740490759238280743e-06
2.591813939211579706e-03 0.000000000000000000e+00 9.740490759238280743e-06
2.591813939211579706e-03 1.250000000000000026e-03 1.817381609191211683e-05
2.591813939211579706e-03 2.500000000000000052e-03 1.817381609191211683e-05
2.591813939211579706e-03 3.749999999999999861e-03 1.817381609191211683e-05
2.591813939211579706e-03 5.000000000000000104e-03 1.817381609191211683e-05
2.591813939211579706e-03 6.250000000000000347e-03 1.817381609191211683e-05
2.591813939211579706e-03 7.499999999999999722e-03 1.817381609191211683e-05
2.591813939211579706e-03 8.750000000000000833e-03 1.817381609191211683e-05
2.591813939211579706e-03 1.000000000000000021e-02 1.817381609191211683e-05
2.591813939211579706e-03 1.124999999999999958e-02 1.817381609191211683e-05
2.591813939211579706e-03 1.250000000000000069e-02 1.817381609191211683e-05
2.591813939211579706e-03 1.375000000000000007e-02 1.817381609191211683e-05
2.591813939211579706e-03 1.499999999999999944e-02 1.817381609191211683e-05
2.591813939211579706e-03 1.625000000000000056e-02 1.817381609191211683e-05
2.591813939211579706e-03 1.750000000000000167e-02 1.817381609191211683e-05
2.591813939211579706e-03 1.874999999999999931e-02 1.817381609191211683e-05
2.591813939211579706e-03 2.000000000000000042e-02 1.817381609191211683e-05
2.591813939211579706e-03 2.125000000000000153e-02 1.817381609191211683e-05
2.591813939211579706e-03 2.249999999999999917e-02 1.817381609191211683e-05
2.591813939211579706e-03 2.375000000000000028e-02 1.817381609191211683e-05
2.591813939211579706e-03 2.500000000000000139e-02 1.817381609191211683e-05
2.591813939211579706e-03 2.624999999999999903e-02 1.817381609191211683e-05
2.591813939211579706e-03 2.750000000000000014e-02 1.817381609191211683e-05
2.591813939211579706e-03 2.875000000000000125e-02 1.817381609191211683e-05
2.591813939211579706e-03 2.999999999999999889e-02 9.740490759238280743e-06
3.887720908817369342e-03 0.000000000000000000e+00 9.740490759238280743e-06
3.887720908817369342e-03 1.250000000000000026e-03 1.817381609191211683e-05
3.887720908817369342e-03 2.500000000000000052e-03 1.817381609191211683e-05
3.887720908817369342e-03 3.749999999999999861e-03 1.817381609191211683e-05
3.887720908817369342e-03 5.000000000000000104e-03 1.817381609191211683e-05
3.887720908817369342e-03 6.250000000000000347e-03 1.817381609191211683e-05
3.887720908817369342e-03 7.499999999999999722e-03 1.817381609191211683e-05
3.887720908817369342e-03 8.750000000000000833e-03 1.817381609191211683e-05
3.887720908817369342e-03 1.000000000000000021e-02 1.817381609191211683e-05
3.887720908817369342e-03 1.124999999999999958e-02 1.817381609191211683e-05
3.887720908817369342e-03 1.250000000000000069e-02 1.817381609191211683e-05
3.887720908817369342e-03 1.375000000000000007e-02 1.817381609191211683e-05
3.887720908817369342e-03 1.499999999999999944e-02 1.817381609191211683e-05
3.887720908817369342e-03 1.625000000000000056e-02 1.817381609191211683e-05
3.887720908817369342e-03 1.750000000000000167e-02 1.817381609191211683e-05
3.887720908817369342e-03 1.874999999999999931e-02 1.817381609191211683e-05
3.887720908817369342e-03 2.000000000000000042e-02 1.817381609191211683e-05
3.887720908817369342e-03 2.125000000000000153e-02 1.817381609191211683e-05
3.887720908817369342e-03 2.249999999999999917e-02 1.817381609191211683e-05
3.887720908817369342e-03 2.375000000000000028e-02 1.817381609191211683e-05
3.887720908817369342e-03 2.500000000000000139e-02 1.817381609191211683e-05
3.887720908817369342e-03 2.624999999999999903e-02 1.817381609191211683e-05
3.887720908817369342e-03 2.750000000000000014e-02 1.817381609191211683e-05
3.887720908817369342e-03 2.875000000000000125e-02 1.817381609191211683e-05
3.887720908817369342e-03 2.999999999999999889e-02 9.740490759238280743e-06
5.183627878423159412e-03 0.000000000000000000e+00 9.740490759238280743e-06
5.183627878423159412e-03 1.250000000000000026e-03 9.740490759238280743e-06
5.183627878423159412e-03 2.500000000000000052e-03 1.817381609191211683e-05
5.183627878423159412e-03 3.749999999999999861e-03 1.817381609191211683e-05
5.183627878423159412e-03 5.000000000000000104e-03 1.817381609191211683e-05
5.183627878423159412e-03 6.250000000000000347e-03 1.817381609191211683e-05
5.183627878423159412e-03 7.499999999999999722e-03 1.817381609191211683e-05
5.183627878423159412e-03 8.750000000000000833e-03 1.817381609191211683e-05
5.183627878423159412e-03 1.000000000000000021e-02 1.817381609191211683e-05
5.183627878423159412e-03 1.124999999999999958e-02 1.817381609191211683e-05
5.183627878423159412e-03 1.250000000000000069e-02 1.817381609191211683e-05
5.183627878423159412e-03 1.375000000000000007e-02 1.817381609191211683e-05
5.183627878423159412e-03 1.499999999999999944e-02 1.817381609191211683e-05
5.183627878423159412e-03 1.625000000000000056e-02 1.817381609191211683e-05
5.183627878423159412e-03 1.750000000000000167e-02 1.817381609191211683e-05
5.183627878423159412e-03 1.874999999999999931e-02 1.817381609191211683e-05
5.183627878423159412e-03 2.000000000000000042e-02 1.817381609191211683e-05
5.183627878423159412e-03 2.125000000000000153e-02 1.817381609191211683e-05
5.183627878423159412e-03 2.249999999999999917e-02 1.817381609191211683e-05
5.183627878423159412e-03 2.375000000000000028e-02 1.817381609191211683e-05
5.183627878423159412e-03 2.500000000000000139e-02 1.817381609191211683e-05
5.183627878423159412e-03 2.624999999999999903e-02 1.817381609191211683e-05
5.183627878423159412e-03 2.750000000000000014e-02 1.817381609191211683e-05
5.183627878423159412e-03 2.875000000000000125e-02 9.740490759238280743e-06
5.183627878423159412e-03 2.999999999999999889e-02 9.740490759238280743e-06
6.479534848028949481e-03 0.000000000000000000e+00 9.740490759238280743e-06
6.479534848028949481e-03 1.250000000000000026e-03 9.740490759238280743e-06
6.479534848028949481e-03 2.500000000000000052e-03 1.817381609191211683e-05
6.479534848028949481e-03 3.749999999999999861e-03 1.817381609191211683e-05
6.479534848028949481e-03 5.000000000000000104e-03 1.817381609191211683e-05
6.479534848028949481e-03 6.250000000000000347e-03 1.817381609191211683e-05
6.479534848028949481e-03 7.499999999999999722e-03 1.817381609191211683e-05
6.479534848028949481e-03 8.750000000000000833e-03 1.817381609191211683e-05
6.479534848028949481e-03 1.000000000000000021e-02 1.817381609191211683e-05
6.479534848028949481e-03 1.124999999999999958e-02 1.817381609191211683e-05
6.479534848028949481e-03 1.250000000000000069e-02 1.817381609191211683e-05
6.479534848028949481e-03 1.375000000000000007e-02 1.817381609191211683e-05
6.479534848028949481e-03 1.499999999999999944e-02 1.817381609191211683e-05
6.479534848028949481e-03 1.625000000000000056e-02 1.817381609191211683e-05
6.479534848028949481e-03 1.750000000000000167e-02 1.817381609191211683e-05
6.479534848028949481e-03 1.874999999999999931e-02 1.817381609191211683e-05
6.479534848028949481e-03 2.000000000000000042e-02 1.817381609191211683e-05
6.479534848028949481e-03 2.125000000000000153e-02 1.817381609191211683e-05
6.479534848028949481e-03 2.249999999999999917e-02 1.817381609191211683e-05
6.479534848028949481e-03 2.375000000000000028e-02 1.817381609191211683e-05
6.479534848028949481e-03 2.500000000000000139e-02 1.817381609191211683e-05
6.479534848028949481e-03 2.624999999999999903e-02 1.817381609191211683e-05
6.479534848028949481e-03 2.750000000000000014e-02 1.817381609191211683e-05
6.479534848028949481e-03 2.875000000000000125e-02 9.740490759238280743e-06
6.479534848028949481e-03 2.999999999999999889e-02 9.740490759238280743e-06
7.775441817634738684e-03 0.000000000000000000e+00 9.740490759238280743e-06
7.775441817634738684e-03 1.250000000000000026e-03 9.740490759238280743e-06
7.775441817634738684e-03 2.500000000000000052e-03 1.817381609191211683e-05
7.775441817634738684e-03 3.749999999999999861e-03 1.817381609191211683e-05
7.775441817634738684e-03 5.000000000000000104e-03 1.817381609191211683e-05
7.775441817634738684e-03 6.250000000000000347e-03 1.817381609191211683e-05
7.775441817634738684e-03 7.499999999999999722e-03 1.817381609191211683e-05
7.775441817634738684e-03 8.750000000000000833e-03 1.817381609191211683e-05
7.775441817634738684e-03 1.000000000000000021e-02 1.817381609191211683e-05
7.775441817634738684e-03 1.124999999999999958e-02 1.817381609191211683e-05
7.775441817634738684e-03 1.250000000000000069e-02 1.817381609191211683e-05
7.775441817634738684e-03 1.375000000000000007e-02 1.817381609191211683e-05
7.775441817634738684e-03 1.499999999999999944e-02 1.817381609191211683e-05
7.775441817634738684e-03 1.625000000000000056e-02 1.817381609191211683e-05
7.775441817634738684e-03 1.750000000000000167e-02 1.817381609191211683e-05
7.775441817634738684e-03 1.874999999999999931e-02 1.817381609191211683e-05
7.775441817634738684e-03 2.000000000000000042e-02 1.817381609191211683e-05
7.775441817634738684e-03 2.125000000000000153e-02 1.817381609191211683e-05
7.775441817634738684e-03 2.249999999999999917e-02 1.817381609191211683e-05
7.775441817634738684e-03 2.375000000000000028e-02 1.817381609191211683e-05
7.775441817634738684e-03 2.500000000000000139e-02 1.817381609191211683e-05
7.775441817634738684e-03 2.624999999999999903e-02 1.817381609191211683e-05
7.775441817634738684e-03 2.750000000000000014e-02 1.817381609191211683e-05
7.775441817634738684e-03 2.875000000000000125e-02 9.740490759238280743e-06
7.775441817634738684e-03 2.999999999999999889e-02 9.740490759238280743e-06
9.071348787240529621e-03 0.000000000000000000e+00 9.740490759238280743e-06
9.071348787240529621e-03 1.250000000000000026e-03 9.740490759238280743e-06
9.071348787240529621e-03 2.500000000000000052e-03 9.740490759238280743e-06
9.071348787240529621e-03 3.749999999999999861e-03 1.817381609191211683e-05
9.071348787240529621e-03 5.000000000000000104e-03 1.817381609191211683e-05
9.071348787240529621e-03 6.250000000000000347e-03 1.817381609191211683e-05
9.071348787240529621e-03 7.499999999999999722e-03 1.817381609191211683e-05
9.071348787240529621e-03 8.750000000000000833e-03 1.817381609191211683e-05
9.071348787240529621e-03 1.000000000000000021e-02 1.817381609191211683e-05
9.071348787240529621e-03 1.124999999999999958e-02 1.817381609191211683e-05
9.071348787240529621e-03 1.250000000000000069e-02 1.817381609191211683e-05
9.071348787240529621e-03 1.375000000000000007e-02 1.817381609191211683e-05
9.071348787240529621e-03 1.499999999999999944e-02 1.817381609191211683e-05
9.071348787240529621e-03 1.625000000000000056e-02 1.817381609191211683e-05
9.071348787240529621e-03 1.750000000000000167e-02 1.817381609191211683e-05
9.071348787240529621e-03 1.874999999999999931e-02 1.817381609191211683e-05
9.071348787240529621e-03 2.000000000000000042e-02 1.817381609191211683e-05
9.071348787240529621e-03 2.125000000000000153e-02 1.817381609191211683e-05
9.071348787240529621e-03 2.249999999999999917e-02 1.817381609191211683e-05
9.071348787240529621e-03 2.375000000000000028e-02 1.817381609191211683e-05
9.071348787240529621e-03 2.500000000000000139e-02 1.817381609191211683e-05
9.071348787240529621e-03 2.624999999999999903e-02 1.817381609191211683e-05
9.071348787240529621e-03 2.750000000000000014e-02 9.740490759238280743e-06
9.071348787240529621e-03 2.875000000000000125e-02 9.740490759238280743e-06
9.071348787240529621e-03 2.999999999999999889e-02 9.740490759238280743e-06
1.036725575684631882e-02 0.000000000000000000e+00 9.740490759238280743e-06
1.036725575684631882e-02 1.250000000000000026e-03 9.740490759238280743e-06
1.036725575684631882e-02 2.500000000000000052e-03 9.740490759238280743e-06
1.036725575684631882e-02 3.749999999999999861e-03 1.817381609191211683e-05
1.036725575684631882e-02 5.000000000000000104e-03 1.817381609191211683e-05
1.036725575684631882e-02 6.250000000000000347e-03 1.817381609191211683e-05
1.036725575684631882e-02 7.499999999999999722e-03 1.817381609191211683e-05
1.036725575684631882e-02 8.750000000000000833e-03 1.817381609191211683e-05
1.036725575684631882e-02 1.000000000000000021e-02 1.817381609191211683e-05
1.036725575684631882e-02 1.124999999999999958e-02 1.817381609191211683e-05
1.036725575684631882e-02 1.250000000000000069e-02 1.817381609191211683e-05
1.036725575684631882e-02 1.375000000000000007e-02 1.817381609191211683e-05
1.036725575684631882e-02 1.499999999999999944e-02 1.817381609191211683e-05
1.036725575684631882e-02 1.625000000000000056e-02 1.817381609191211683e-05
1.036725575684631882e-02 1.750000000000000167e-02 1.817381609191211683e-05
1.036725575684631882e-02 1.874999999999999931e-02 1.817381609191211683e-05
1.036725575684631882e-02 2.000000000000000042e-02 1.817381609191211683e-05
1.036725575684631882e-02 2.125000000000000153e-02 1.817381609191211683e-05
1.036725575684631882e-02 2.249999999999999917e-02 1.817381609191211683e-05
1.036725575684631882e-02 2.375000000000000028e-02 1.817381609191211683e-05
1.036725575684631882e-02 2.500000000000000139e-02 1.817381609191211683e-05
1.036725575684631882e-02 2.624999999999999903e-02 1.817381609191211683e-05
1.036725575684631882e-02 2.750000000000000014e-02 9.740490759238280743e-06
1.036725575684631882e-02 2.875000000000000125e-02 9.740490759238280743e-06
1.036725575684631882e-02 2.999999999999999889e-02 9.740490759238280743e-06
1.166316272645210803e-02 0.000000000000000000e+00 9.740490759238280743e-06
1.166316272645210803e-02 1.250000000000000026e-03 9.740490759238280743e-06
1.166316272645210803e-02 2.500000000000000052e-03 9.740490759238280743e-06
1.166316272645210803e-02 3.749999999999999861e-03 1.817381609191211683e-05
1.166316272645210803e-02 5.000000000000000104e-03 1.817381609191211683e-05
1.166316272645210803e-02 6.250000000000000347e-03 1.817381609191211683e-05
1.166316272645210803e-02 7.499999999999999722e-03 1.817381609191211683e-05
1.166316272645210803e-02 8.750000000000000833e-03 1.817381609191211683e-05
1.166316272645210803e-02 1.000000000000000021e-02 1.817381609191211683e-05
1.166316272645210803e-02 1.124999999999999958e-02 1.817381609191211683e-05
1.166316272645210803e-02 1.250000000000000069e-02 1.817381609191211683e-05
1.166316272645210803e-02 1.375000000000000007e-02 1.817381609191211683e-05
1.166316272645210803e-02 1.499999999999999944e-02 1.817381609191211683e-05
1.166316272645210803e-02 1.625000000000000056e-02 1.817381609191211683e-05
1.166316272645210803e-02 1.750000000000000167e-02 1.817381609191211683e-05
1.166316272645210803e-02 1.874999999999999931e-02 1.817381609191211683e-05
1.166316272645210803e-02 2.000000000000000042e-02 1.817381609191211683e-05
1.166316272645210803e-02 2.125000000000000153e-02 1.817381609191211683e-05
1.166316272645210803e-02 2.249999999999999917e-02 1.817381609191211683e-05
1.166316272645210803e-02 2.375000000000000028e-02 1.817381609191211683e-05
1.166316272645210803e-02 2.500000000000000139e-02 1.817381609191211683e-05
1.166316272645210803e-02 2.624999999999999903e-02 1.817381609191211683e-05
1.166316272645210803e-02 2.750000000000000014e-02 9.740490759238280743e-06
1.166316272645210803e-02 2.875000000000000125e-02 9.740490759238280743e-06
1.166316272645210803e-02 2.999999999999999889e-02 9.740490759238280743e-06
1.295906969605789896e-02 0.000000000000000000e+00 9.740490759238280743e-06
1.295906969605789896e-02 1.250000000000000026e-03 9.740490759238280743e-06
1.295906969605789896e-02 2.500000000000000052e-03 9.740490759238280743e-06
1.295906969605789896e-02 3.749999999999999861e-03 9.740490759238280743e-06
1.295906969605789896e-02 5.000000000000000104e-03 1.817381609191211683e-05
1.295906969605789896e-02 6.250000000000000347e-03 1.817381609191211683e-05
1.295906969605789896e-02 7.499999999999999722e-03 1.817381609191211683e-05
1.295906969605789896e-02 8.750000000000000833e-03 1.817381609191211683e-05
1.295906969605789896e-02 1.000000000000000021e-02 1.817381609191211683e-05
1.295906969605789896e-02 1.124999999999999958e-02 1.817381609191211683e-05
1.295906969605789896e-02 1.250000000000000069e-02 1.817381609191211683e-05
1.295906969605789896e-02 1.375000000000000007e-02 1.817381609191211683e-05
1.295906969605789896e-02 1.499999999999999944e-02 1.817381609191211683e-05
1.295906969605789896e-02 1.625000000000000056e-02 1.817381609191211683e-05
1.295906969605789896e-02 1.750000000000000167e-02 1.817381609191211683e-05
1.295906969605789896e-02 1.874999999999999931e-02 1.817381609191211683e-05
1.295906969605789896e-02 2.000000000000000042e-02 1.817381609191211683e-05
1.295906969605789896e-02 2.125000000000000153e-02 1.817381609191211683e-05
1.295906969605789896e-02 2.249999999999999917e-02 1.817381609191211683e-05
1.295906969605789896e-02 2.375000000000000028e-02 1.817381609191211683e-05
1.295906969605789896e-02 2.500000000000000139e-02 1.817381609191211683e-05
1.295906969605789896e-02 2.624999999999999903e-02 9.740490759238280743e-06
1.295906969605789896e-02 2.750000000000000014e-02 9.740490759238280743e-06
1.295906969605789896e-02 2.875000000000000125e-02 9.740490759238280743e-06
1.295906969605789896e-02 2.999999999999999889e-02 9.740490759238280743e-06
1.425497666566368817e-02 0.000000000000000000e+00 9.740490759238280743e-06
1.425497666566368817e-02 1.250000000000000026e-03 9.740490759238280743e-06
1.425497666566368817e-02 2.500000000000000052e-03 9.740490759238280743e-06
1.425497666566368817e-02 3.749999999999999861e-03 9.740490759238280743e-06
1.425497666566368817e-02 5.000000000000000104e-03 1.817381609191211683e-05
1.425497666566368817e-02 6.250000000000000347e-03 1.817381609191211683e-05
1.425497666566368817e-02 7.499999999999999722e-03 1.817381609191211683e-05
1.425497666566368817e-02 8.750000000000000833e-03 1.817381609191211683e-05
1.425497666566368817e-02 1.000000000000000021e-02 1.817381609191211683e-05
1.425497666566368817e-02 1.124999999999999958e-02 1.817381609191211683e-05
1.425497666566368817e-02 1.250000000000000069e-02 1.817381609191211683e-05
1.425497666566368817e-02 1.375000000000000007e-02 1.817381609191211683e-05
1.425497666566368817e-02 1.499999999999999944e-02 1.817381609191211683e-05
1.425497666566368817e-02 1.625000000000000056e-02 1.817381609191211683e-05
1.425497666566368817e-02 1.750000000000000167e-02 1.817381609191211683e-05
1.425497666566368817e-02 1.874999999999999931e-02 1.817381609191211683e-05
1.425497666566368817e-02 2.000000000000000042e-02 1.817381609191211683e-05
1.425497666566368817e-02 2.125000000000000153e-02 1.817381609191211683e-05
1.425497666566368817e-02 2.249999999999999917e-02 1.817381609191211683e-05
1.425497666566368817e-02 2.375000000000000028e-02 1.817381609191211683e-05
1.425497666566368817e-02 2.500000000000000139e-02 1.817381609191211683e-05
1.425497666566368817e-02 2.624999999999999903e-02 9.740490759238280743e-06
1.425497666566368817e-02 2.750000000000000014e-02 9.740490759238280743e-06
1.425497666566368817e-02 2.875000000000000125e-02 9.740490759238280743e-06
1.425497666566368817e-02 2.999999999999999889e-02 9.740490759238280743e-06
1.555088363526947737e-02 0.000000000000000000e+00 9.740490759238280743e-06
1.555088363526947737e-02 1.250000000000000026e-03 9.740490759238280743e-06
1.555088363526947737e-02 2.500000000000000052e-03 9.740490759238280743e-06
1.555088363526947737e-02 3.749999999999999861e-03 9.740490759238280743e-06
1.555088363526947737e-02 5.000000000000000104e-03 1.817381609191211683e-05
1.555088363526947737e-02 6.250000000000000347e-03 1.817381609191211683e-05
1.555088363526947737e-02 7.499999999999999722e-03 1.817381609191211683e-05
1.555088363526947737e-02 8.750000000000000833e-03 1.817381609191211683e-05
1.555088363526947737e-02 1.000000000000000021e-02 1.817381609191211683e-05
1.555088363526947737e-02 1.124999999999999958e-02 1.817381609191211683e-05
1.555088363526947737e-02 1.250000000000000069e-02 1.817381609191211683e-05
1.555088363526947737e-02 1.375000000000000007e-02 1.817381609191211683e-05
1.555088363526947737e-02 1.499999999999999944e-02 1.817381609191211683e-05
1.555088363526947737e-02 1.625000000000000056e-02 1.817381609191211683e-05
1.555088363526947737e-02 1.750000000000000167e-02 1.817381609191211683e-05
1.555088363526947737e-02 1.874999999999999931e-02 1.817381609191211683e-05
1.555088363526947737e-02 2.000000000000000042e-02 1.817381609191211683e-05
1.555088363526947737e-02 2.125000000000000153e-02 1.817381609191211683e-05
1.555088363526947737e-02 2.249999999999999917e-02 1.817381609191211683e-05
1.555088363526947737e-02 2.375000000000000028e-02 1.817381609191211683e-05
1.555088363526947737e-02 2.500000000000000139e-02 1.817381609191211683e-05
1.555088363526947737e-02 2.624999999999999903e-02 9.740490759238280743e-06
1.555088363526947737e-02 2.750000000000000014e-02 9.740490759238280743e-06
1.555088363526947737e-02 2.875000000000000125e-02 9.740490759238280743e-06
1.555088363526947737e-02 2.999999999999999889e-02 9.740490759238280743e-06
1.684679060487526830e-02 0.000000000000000000e+00 9.740490759238280743e-06
1.684679060487526830e-02 1.250000000000000026e-03 9.740490759238280743e-06
1.684679060487526830e-02 2.500000000000000052e-03 9.740490759238280743e-06
1.684679060487526830e-02 3.749999999999999861e-03 9.740490759238280743e-06
1.684679060487526830e-02 5.000000000000000104e-03 9.740490759238280743e-06
1.684679060487526830e-02 6.250000000000000347e-03 1.817381609191211683e-05
1.684679060487526830e-02 7.499999999999999722e-03 1.817381609191211683e-05
1.684679060487526830e-02 8.750000000000000833e-03 1.817381609191211683e-05
1.684679060487526830e-02 1.000000000000000021e-02 1.817381609191211683e-05
1.684679060487526830e-02 1.124999999999999958e-02 1.817381609191211683e-05
1.684679060487526830e-02 1.250000000000000069e-02 1.817381609191211683e-05
1.684679060487526830e-02 1.375000000000000007e-02 1.817381609191211683e-05
1.684679060487526830e-02 1.499999999999999944e-02 1.817381609191211683e-05
1.684679060487526830e-02 1.625000000000000056e-02 1.817381609191211683e-05
1.684679060487526830e-02 1.750000000000000167e-02 1.817381609191211683e-05
1.684679060487526830e-02 1.874999999999999931e-02 1.817381609191211683e-05
1.684679060487526830e-02 2.000000000000000042e-02 1.817381609191211683e-05
1.684679060487526830e-02 2.125000000000000153e-02 1.817381609191211683e-05
1.684679060487526830e-02 2.249999999999999917e-02 1.817381609191211683e-05
1.684679060487526830e-02 2.375000000000000028e-02 1.817381609191211683e-05
1.684679060487526830e-02 2.500000000000000139e-02 9.740490759238280743e-06
1.684679060487526830e-02 2.624999999999999903e-02 9.740490759238280743e-06
1.684679060487526830e-02 2.750000000000000014e-02 9.740490759238280743e-06
1.684679060487526830e-02 2.875000000000000125e-02 9.740490759238280743e-06
1.684679060487526830e-02 2.999999999999999889e-02 9.740490759238280743e-06
1.814269757448105924e-02 0.000000000000000000e+00 9.740490759238280743e-06
1.814269757448105924e-02 1.250000000000000026e-03 9.740490759238280743e-06
1.814269757448105924e-02 2.500000000000000052e-03 9.740490759238280743e-06
1.814269757448105924e-02 3.749999999999999861e-03 9.740490759238280743e-06
1.814269757448105924e-02 5.000000000000000104e-03 9.740490759238280743e-06
1.814269757448105924e-02 6.250000000000000347e-03 1.817381609191211683e-05
1.814269757448105924e-02 7.499999999999999722e-03 1.817381609191211683e-05
1.814269757448105924e-02 8.750000000000000833e-03 1.817381609191211683e-05
1.814269757448105924e-02 1.000000000000000021e-02 1.817381609191211683e-05
1.814269757448105924e-02 1.124999999999999958e-02 1.817381609191211683e-05
1.814269757448105924e-02 1.250000000000000069e-02 1.817381609191211683e-05
1.814269757448105924e-02 1.375000000000000007e-02 1.817381609191211683e-05
1.814269757448105924e-02 1.499999999999999944e-02 1.817381609191211683e-05
1.814269757448105924e-02 1.625000000000000056e-02 1.817381609191211683e-05
1.814269757448105924e-02 1.750000000000000167e-02 1.817381609191211683e-05
1.814269757448105924e-02 1.874999999999999931e-02 1.817381609191211683e-05
1.814269757448105924e-02 2.000000000000000042e-02 1.817381609191211683e-05
1.814269757448105924e-02 2.125000000000000153e-02 1.817381609191211683e-05
1.814269757448105924e-02 2.249999999999999917e-02 1.817381609191211683e-05
1.814269757448105924e-02 2.375000000000000028e-02 1.817381609191211683e-05
1.814269757448105924e-02 2.500000000000000139e-02 9.740490759238280743e-06
1.814269757448105924e-02 2.624999999999999903e-02 9.740490759238280743e-06
1.814269757448105924e-02 2.750000000000000014e-02 9.740490759238280743e-06
1.814269757448105924e-02 2.875000000000000125e-02 9.740490759238280743e-06
1.814269757448105924e-02 2.999999999999999889e-02 9.740490759238280743e-06
1.943860454408684671e-02 0.000000000000000000e+00 9.740490759238280743e-06
1.943860454408684671e-02 1.250000000000000026e-03 9.740490759238280743e-06
1.943860454408684671e-02 2.500000000000000052e-03 9.740490759238280743e-06
1.943860454408684671e-02 3.749999999999999861e-03 9.740490759238280743e-06
1.943860454408684671e-02 5.000000000000000104e-03 9.740490759238280743e-06
1.943860454408684671e-02 6.250000000000000347e-03 1.817381609191211683e-05
1.943860454408684671e-02 7.499999999999999722e-03 1.817381609191211683e-05
1.943860454408684671e-02 8.750000000000000833e-03 1.817381609191211683e-05
1.943860454408684671e-02 1.000000000000000021e-02 1.817381609191211683e-05
1.943860454408684671e-02 1.124999999999999958e-02 1.817381609191211683e-05
1.943860454408684671e-02 1.250000000000000069e-02 1.817381609191211683e-05
1.943860454408684671e-02 1.375000000000000007e-02 1.817381609191211683e-05
1.943860454408684671e-02 1.499999999999999944e-02 1.817381609191211683e-05
1.943860454408684671e-02 1.625000000000000056e-02 1.817381609191211683e-05
1.943860454408684671e-02 1.750000000000000167e-02 1.817381609191211683e-05
1.943860454408684671e-02 1.874999999999999931e-02 1.817381609191211683e-05
1.943860454408684671e-02 2.000000000000000042e-02 1.817381609191211683e-05
1.943860454408684671e-02 2.125000000000000153e-02 1.817381609191211683e-05
1.943860454408684671e-02 2.249999999999999917e-02 1.817381609191211683e-05
1.943860454408684671e-02 2.375000000000000028e-02 1.817381609191211683e-05
1.943860454408684671e-02 2.500000000000000139e-02 9.740490759238280743e-06
1.943860454408684671e-02 2.624999999999999903e-02 9.740490759238280743e-06
1.943860454408684671e-02 2.750000000000000014e-02 9.740490759238280743e-06
1.943860454408684671e-02 2.875000000000000125e-02 9.740490759238280743e-06
1.943860454408684671e-02 2.999999999999999889e-02 9.740490759238280743e-06
2.073451151369263765e-02 0.000000000000000000e+00 9.740490759238280743e-06
2.073451151369263765e-02 1.250000000000000026e-03 9.740490759238280743e-06
2.073451151369263765e-02 2.500000000000000052e-03 9.740490759238280743e-06
2.073451151369263765e-02 3.749999999999999861e-03 9.740490759238280743e-06
2.073451151369263765e-02 5.000000000000000104e-03 9.740490759238280743e-06
2.073451151369263765e-02 6.250000000000000347e-03 9.740490759238280743e-06
2.073451151369263765e-02 7.499999999999999722e-03 1.817381609191211683e-05
2.073451151369263765e-02 8.750000000000000833e-03 1.817381609191211683e-05
2.073451151369263765e-02 1.000000000000000021e-02 1.817381609191211683e-05
2.073451151369263765e-02 1.124999999999999958e-02 1.817381609191211683e-05
2.073451151369263765e-02 1.250000000000000069e-02 1.817381609191211683e-05
2.073451151369263765e-02 1.375000000000000007e-02 1.817381609191211683e-05
2.073451151369263765e-02 1.499999999999999944e-02 1.817381609191211683e-05
2.073451151369263765e-02 1.625000000000000056e-02 1.817381609191211683e-05
2.073451151369263765e-02 1.750000000000000167e-02 1.817381609191211683e-05
2.073451151369263765e-02 1.874999999999999931e-02 1.817381609191211683e-05
2.073451151369263765e-02 2.000000000000000042e-02 1.817381609191211683e-05
2.073451151369263765e-02 2.125000000000000153e-02 1.817381609191211683e-05
2.073451151369263765e-02 2.249999999999999917e-02 1.817381609191211683e-05
2.073451151369263765e-02 2.375000000000000028e-02 9.740490759238280743e-06
2.073451151369263765e-02 2.500000000000000139e-02 9.740490759238280743e-06
2.073451151369263765e-02 2.624999999999999903e-02 9.740490759238280743e-06
2.073451151369263765e-02 2.750000000000000014e-02 9.740490759238280743e-06
2.073451151369263765e-02 2.875000000000000125e-02 9.740490759238280743e-06
2.073451151369263765e-02 2.999999999999999889e-02 9.740490759238280743e-06
2.203041848329842858e-02 0.000000000000000000e+00 9.740490759238280743e-06
2.203041848329842858e-02 1.250000000000000026e-03 9.740490759238280743e-06
2.203041848329842858e-02 2.500000000000000052e-03 9.740490759238280743e-06
2.203041848329842858e-02 3.749999999999999861e-03 9.740490759238280743e-06
2.203041848329842858e-02 5.000000000000000104e-03 9.740490759238280743e-06
2.203041848329842858e-02 6.250000000000000347e-03 9.740490759238280743e-06
2.203041848329842858e-02 7.499999999999999722e-03 1.817381609191211683e-05
2.203041848329842858e-02 8.750000000000000833e-03 1.817381609191211683e-05
2.203041848329842858e-02 1.000000000000000021e-02 1.817381609191211683e-05
2.203041848329842858e-02 1.124999999999999958e-02 1.817381609191211683e-05
2.203041848329842858e-02 1.250000000000000069e-02 1.817381609191211683e-05
2.203041848329842858e-02 1.375000000000000007e-02 1.817381609191211683e-05
2.203041848329842858e-02 1.499999999999999944e-02 1.817381609191211683e-05
2.203041848329842858e-02 1.625000000000000056e-02 1.817381609191211683e-05
2.203041848329842858e-02 1.750000000000000167e-02 1.817381609191211683e-05
2.203041848329842858e-02 1.874999999999999931e-02 1.817381609191211683e-05
2.203041848329842858e-02 2.000000000000000042e-02 1.817381609191211683e-05
2.203041848329842858e-02 2.125000000000000153e-02 1.817381609191211683e-05
2.203041848329842858e-02 2.249999999999999917e-02 1.817381609191211683e-05
2.203041848329842858e-02 2.375000000000000028e-02 9.740490759238280743e-06
2.203041848329842858e-02 2.500000000000000139e-02 9.740490759238280743e-06
2.203041848329842858e-02 2.624999999999999903e-02 9.740490759238280743e-06
2.203041848329842858e-02 2.750000000000000014e-02 9.740490759238280743e-06
2.203041848329842858e-02 2.875000000000000125e-02 9.740490759238280743e-06
2.203041848329842858e-02 2.999999999999999889e-02 9.740490759238280743e-06
2.332632545290421605e-02 0.000000000000000000e+00 9.740490759238280743e-06
2.332632545290421605e-02 1.250000000000000026e-03 9.740490759238280743e-06
2.332632545290421605e-02 2.500000000000000052e-03 9.740490759238280743e-06
2.332632545290421605e-02 3.749999999999999861e-03 9.740490759238280743e-06
2.332632545290421605e-02 5.000000000000000104e-03 9.740490759238280743e-06
2.332632545290421605e-02 6.250000000000000347e-03 9.740490759238280743e-06
2.332632545290421605e-02 7.499999999999999722e-03 9.740490759238280743e-06
2.332632545290421605e-02 8.750000000000000833e-03 9.740490759238280743e-06
2.332632545290421605e-02 1.000000000000000021e-02 9.740490759238280743e-06
2.332632545290421605e-02 1.124999999999999958e-02 9.740490759238280743e-06
2.332632545290421605e-02 1.250000000000000069e-02 9.740490759238280743e-06
2.332632545290421605e-02 1.375000000000000007e-02 9.740490759238280743e-06
2.332632545290421605e-02 1.499999999999999944e-02 9.740490759238280743e-06
2.332632545290421605e-02 1.625000000000000056e-02 9.740490759238280743e-06
2.332632545290421605e-02 1.750000000000000167e-02 9.740490759238280743e-06
2.332632545290421605e-02 1.874999999999999931e-02 9.740490759238280743e-06
2.332632545290421605e-02 2.000000000000000042e-02 9.740490759238280743e-06
2.332632545290421605e-02 2.125000000000000153e-02 9.740490759238280743e-06
2.332632545290421605e-02 2.249999999999999917e-02 9.740490759238280743e-06
2.332632545290421605e-02 2.375000000000000028e-02 9.740490759238280743e-06
2.332632545290421605e-02 2.500000000000000139e-02 9.740490759238280743e-06
2.332632545290421605e-02 2.624999999999999903e-02 9.740490759238280743e-06
2.332632545290421605e-02 2.750000000000000014e-02 9.740490759238280743e-06
2.332632545290421605e-02 2.875000000000000125e-02 9.740490759238280743e-06
2.332632545290421605e-02 2.999999999999999889e-02 9.740490759238280743e-06
2.462223242251000699e-02 0.000000000000000000e+00 9.740490759238280743e-06
2.462223242251000699e-02 1.250000000000000026e-03 9.740490759238280743e-06
2.462223242251000699e-02 2.500000000000000052e-03 9.740490759238280743e-06
2.462223242251000699e-02 3.749999999999999861e-03 9.740490759238280743e-06
2.462223242251000699e-02 5.000000000000000104e-03 9.740490759238280743e-06
2.462223242251000699e-02 6.250000000000000347e-03 9.740490759238280743e-06
2.462223242251000699e-02 7.499999999999999722e-03 9.740490759238280743e-06
2.462223242251000699e-02 8.750000000000000833e-03 9.740490759238280743e-06
2.462223242251000699e-02 1.000000000000000021e-02 9.740490759238280743e-06
2.462223242251000699e-02 1.124999999999999958e-02 9.740490759238280743e-06
2.462223242251000699e-02 1.250000000000000069e-02 9.740490759238280743e-06
2.462223242251000699e-02 1.375000000000000007e-02 9.740490759238280743e-06
2.462223242251000699e-02 1.499999999999999944e-02 9.740490759238280743e-06
2.462223242251000699e-02 1.625000000000000056e-02 9.740490759238280743e-06
2.462223242251000699e-02 1.750000000000000167e-02 9.740490759238280743e-06
2.462223242251000699e-02 1.874999999999999931e-02 9.740490759238280743e-06
2.462223242251000699e-02 2.000000000000000042e-02 9.740490759238280743e-06
2.462223242251000699e-02 2.125000000000000153e-02 9.740490759238280743e-06
2.462223242251000699e-02 2.249999999999999917e-02 9.740490759238280743e-06
2.462223242251000699e-02 2.375000000000000028e-02 9.740490759238280743e-06
2.462223242251000699e-02 2.500000000000000139e-02 9.740490759238280743e-06
2.462223242251000699e-02 2.624999999999999903e-02 9.740490759238280743e-06
2.462223242251000699e-02 2.750000000000000014e-02 9.740490759238280743e-06
2.462223242251000699e-02 2.875000000000000125e-02 9.740490759238280743e-06
2.462223242251000699e-02 2.999999999999999889e-02 9.740490759238280743e-06
2.591813939211579793e-02 0.000000000000000000e+00 9.740490759238280743e-06
2.591813939211579793e-02 1.250000000000000026e-03 9.740490759238280743e-06
2.591813939211579793e-02 2.500000000000000052e-03 9.740490759238280743e-06
2.591813939211579793e-02 3.749999999999999861e-03 9.740490759238280743e-06
2.591813939211579793e-02 5.000000000000000104e-03 9.740490759238280743e-06
2.591813939211579793e-02 6.250000000000000347e-03 9.740490759238280743e-06
2.591813939211579793e-02 7.499999999999999722e-03 9.740490759238280743e-06
2.591813939211579793e-02 8.750000000000000833e-03 9.740490759238280743e-06
2.591813939211579793e-02 1.000000000000000021e-02 9.740490759238280743e-06
2.591813939211579793e-02 1.124999999999999958e-02 9.740490759238280743e-06
2.591813939211579793e-02 1.250000000000000069e-02 9.740490759238280743e-06
2.591813939211579793e-02 1.375000000000000007e-02 9.740490759238280743e-06
2.591813939211579793e-02 1.499999999999999944e-02 9.740490759238280743e-06
2.591813939211579793e-02 1.625000000000000056e-02 9.740490759238280743e-06
2.591813939211579793e-02 1.750000000000000167e-02 9.740490759238280743e-06
2.591813939211579793e-02 1.874999999999999931e-02 9.740490759238280743e-06
2.591813939211579793e-02 2.000000000000000042e-02 9.740490759238280743e-06
2.591813939211579793e-02 2.125000000000000153e-02 9.740490759238280743e-06
2.591813939211579793e-02 2.249999999999999917e-02 9.740490759238280743e-06
2.591813939211579793e-02 2.375000000000000028e-02 9.740490759238280743e-06
2.591813939211579793e-02 2.500000000000000139e-02 9.740490759238280743e-06
2.591813939211579793e-02 2.624999999999999903e-02 9.740490759238280743e-06
2.591813939211579793e-02 2.750000000000000014e-02 9.740490759238280743e-06
2.591813939211579793e-02 2.875000000000000125e-02 9.740490759238280743e-06
2.591813939211579793e-02 2.999999999999999889e-02 9.740490759238280743e-06
2.721404636172158539e-02 0.000000000000000000e+00 9.740490759238280743e-06
2.721404636172158539e-02 1.250000000000000026e-03 9.740490759238280743e-06
2.721404636172158539e-02 2.500000000000000052e-03 9.740490759238280743e-06
2.721404636172158539e-02 3.749999999999999861e-03 9.740490759238280743e-06
2.721404636172158539e-02 5.000000000000000104e-03 9.740490759238280743e-06
2.721404636172158539e-02 6.250000000000000347e-03 9.740490759238280743e-06
2.721404636172158539e-02 7.499999999999999722e-03 9.740490759238280743e-06
2.721404636172158539e-02 8.750000000000000833e-03 9.740490759238280743e-06
2.721404636172158539e-02 1.000000000000000021e-02 9.740490759238280743e-06
2.721404636172158539e-02 1.124999999999999958e-02 9.740490759238280743e-06
2.721404636172158539e-02 1.250000000000000069e-02 9.740490759238280743e-06
2.721404636172158539e-02 1.375000000000000007e-02 9.740490759238280743e-06
2.721404636172158539e-02 1.499999999999999944e-02 9.740490759238280743e-06
2.721404636172158539e-02 1.625000000000000056e-02 9.740490759238280743e-06
2.721404636172158539e-02 1.750000000000000167e-02 9.740490759238280743e-06
2.721404636172158539e-02 1.874999999999999931e-02 9.740490759238280743e-06
2.721404636172158539e-02 2.000000000000000042e-02 9.740490759238280743e-06
2.721404636172158539e-02 2.125000000000000153e-02 9.740490759238280743e-06
2.721404636172158539e-02 2.249999999999999917e-02 9.740490759238280743e-06
2.721404636172158539e-02 2.375000000000000028e-02 9.740490759238280743e-06
2.721404636172158539e-02 2.500000000000000139e-02 9.740490759238280743e-06
2.721404636172158539e-02 2.624999999999999903e-02 9.740490759238280743e-06
2.721404636172158539e-02 2.750000000000000014e-02 9.740490759238280743e-06
2.721404636172158539e-02 2.875000000000000125e-02 9.740490759238280743e-06
2.721404636172158539e-02 2.999999999999999889e-02 9.740490759238280743e-06
2.850995333132737633e-02 0.000000000000000000e+00 9.740490759238280743e-06
2.850995333132737633e-02 1.250000000000000026e-03 9.740490759238280743e-06
2.850995333132737633e-02 2.500000000000000052e-03 9.740490759238280743e-06
2.850995333132737633e-02 3.749999999999999861e-03 9.740490759238280743e-06
2.850995333132737633e-02 5.000000000000000104e-03 9.740490759238280743e-06
2.850995333132737633e-02 6.250000000000000347e-03 9.740490759238280743e-06
2.850995333132737633e-02 7.499999999999999722e-03 9.740490759238280743e-06
2.850995333132737633e-02 8.750000000000000833e-03 9.740490759238280743e-06
2.850995333132737633e-02 1.000000000000000021e-02 9.740490759238280743e-06
2.850995333132737633e-02 1.124999999999999958e-02 9.740490759238280743e-06
2.850995333132737633e-02 1.250000000000000069e-02 9.740490759238280743e-06
2.850995333132737633e-02 1.375000000000000007e-02 9.740490759238280743e-06
2.850995333132737633e-02 1.499999999999999944e-02 9.740490759238280743e-06
2.850995333132737633e-02 1.625000000000000056e-02 9.740490759238280743e-06
2.850995333132737633e-02 1.750000000000000167e-02 9.740490759238280743e-06
2.850995333132737633e-02 1.874999999999999931e-02 9.740490759238280743e-06
2.850995333132737633e-02 2.000000000000000042e-02 9.740490759238280743e-06
2.850995333132737633e-02 2.125000000000000153e-02 9.740490759238280743e-06
2.850995333132737633e-02 2.249999999999999917e-02 9.740490759238280743e-06
2.850995333132737633e-02 2.375000000000000028e-02 9.740490759238280743e-06
2.850995333132737633e-02 2.500000000000000139e-02 9.740490759238280743e-06
2.850995333132737633e-02 2.624999999999999903e-02 9.740490759238280743e-06
2.850995333132737633e-02 2.750000000000000014e-02 9.740490759238280743e-06
2.850995333132737633e-02 2.875000000000000125e-02 9.740490759238280743e-06
2.850995333132737633e-02 2.999999999999999889e-02 9.740490759238280743e-06
2.980586030093316727e-02 0.000000000000000000e+00 9.740490759238280743e-06
2.980586030093316727e-02 1.250000000000000026e-03 9.740490759238280743e-06
2.980586030093316727e-02 2.500000000000000052e-03 9.740490759238280743e-06
2.980586030093316727e-02 3.749999999999999861e-03 9.740490759238280743e-06
2.980586030093316727e-02 5.000000000000000104e-03 9.740490759238280743e-06
2.980586030093316727e-02 6.250000000000000347e-03 9.740490759238280743e-06
2.980586030093316727e-02 7.499999999999999722e-03 9.740490759238280743e-06
2.980586030093316727e-02 8.750000000000000833e-03 9.740490759238280743e-06
2.980586030093316727e-02 1.000000000000000021e-02 9.740490759238280743e-06
2.980586030093316727e-02 1.124999999999999958e-02 9.740490759238280743e-06
2.980586030093316727e-02 1.250000000000000069e-02 9.740490759238280743e-06
2.980586030093316727e-02 1.375000000000000007e-02 9.740490759238280743e-06
2.980586030093316727e-02 1.499999999999999944e-02 9.740490759238280743e-06
2.980586030093316727e-02 1.625000000000000056e-02 9.740490759238280743e-06
2.980586030093316727e-02 1.750000000000000167e-02 9.740490759238280743e-06
2.980586030093316727e-02 1.874999999999999931e-02 9.740490759238280743e-06
2.980586030093316727e-02 2.000000000000000042e-02 9.740490759238280743e-06
2.980586030093316727e-02 2.125000000000000153e-02 9.740490759238280743e-06
2.980586030093316727e-02 2.249999999999999917e-02 9.740490759238280743e-06
2.980586030093316727e-02 2.375000000000000028e-02 9.740490759238280743e-06
2.980586030093316727e-02 2.500000000000000139e-02 9.740490759238280743e-06
2.980586030093316727e-02 2.624999999999999903e-02 9.740490759238280743e-06
2.980586030093316727e-02 2.750000000000000014e-02 9.740490759238280743e-06
2.980586030093316727e-02 2.875000000000000125e-02 9.740490759238280743e-06
2.980586030093316727e-02 2.999999999999999889e-02 9.740490759238280743e-06
3.110176727053895473e-02 0.000000000000000000e+00 9.740490759238280743e-06
3.110176727053895473e-02 1.250000000000000026e-03 9.740490759238280743e-06
3.110176727053895473e-02 2.500000000000000052e-03 9.740490759238280743e-06
3.110176727053895473e-02 3.749999999999999861e-03 9.740490759238280743e-06
3.110176727053895473e-02 5.000000000000000104e-03 9.740490759238280743e-06
3.110176727053895473e-02 6.250000000000000347e-03 9.740490759238280743e-06
3.110176727053895473e-02 7.499999999999999722e-03 9.740490759238280743e-06
3.110176727053895473e-02 8.750000000000000833e-03 9.740490759238280743e-06
3.110176727053895473e-02 1.000000000000000021e-02 9.740490759238280743e-06
3.110176727053895473e-02 1.124999999999999958e-02 9.740490759238280743e-06
3.110176727053895473e-02 1.250000000000000069e-02 9.740490759238280743e-06
3.110176727053895473e-02 1.375000000000000007e-02 9.740490759238280743e-06
3.110176727053895473e-02 1.499999999999999944e-02 9.740490759238280743e-06
3.110176727053895473e-02 1.625000000000000056e-02 9.740490759238280743e-06
3.110176727053895473e-02 1.750000000000000167e-02 9.740490759238280743e-06
3.110176727053895473e-02 1.874999999999999931e-02 9.740490759238280743e-06
3.110176727053895473e-02 2.000000000000000042e-02 9.740490759238280743e-06
3.110176727053895473e-02 2.125000000000000153e-02 9.740490759238280743e-06
3.110176727053895473e-02 2.249999999999999917e-02 9.740490759238280743e-06
3.110176727053895473e-02 2.375000000000000028e-02 9.740490759238280743e-06
3.110176727053895473e-02 2.500000000000000139e-02 9.740490759238280743e-06
3.110176727053895473e-02 2.624999999999999903e-02 9.740490759238280743e-06
3.110176727053895473e-02 2.750000000000000014e-02 9.740490759238280743e-06
3.110176727053895473e-02 2.875000000000000125e-02 9.740490759238280743e-06
3.110176727053895473e-02 2.999999999999999889e-02 9.740490759238280743e-06
