0.000000000000000000e+00 0.000000000000000000e+00 0.000000000000000000e+00
0.000000000000000000e+00 1.250000000000000026e-03 0.000000000000000000e+00
0.000000000000000000e+00 2.500000000000000052e-03 0.000000000000000000e+00
0.000000000000000000e+00 3.749999999999999861e-03 0.000000000000000000e+00
0.000000000000000000e+00 5.000000000000000104e-03 0.000000000000000000e+00
0.000000000000000000e+00 6.250000000000000347e-03 0.000000000000000000e+00
0.000000000000000000e+00 7.499999999999999722e-03 0.000000000000000000e+00
0.000000000000000000e+00 8.750000000000000833e-03 0.000000000000000000e+00
0.000000000000000000e+00 1.000000000000000021e-02 0.000000000000000000e+00
0.000000000000000000e+00 1.124999999999999958e-02 0.000000000000000000e+00
0.000000000000000000e+00 1.250000000000000069e-02 0.000000000000000000e+00
0.000000000000000000e+00 1.375000000000000007e-02 0.000000000000000000e+00
0.000000000000000000e+00 1.499999999999999944e-02 0.000000000000000000e+00
0.000000000000000000e+00 1.625000000000000056e-02 0.000000000000000000e+00
0.000000000000000000e+00 1.750000000000000167e-02 0.000000000000000000e+00
0.000000000000000000e+00 1.874999999999999931e-02 0.000000000000000000e+00
0.000000000000000000e+00 2.000000000000000042e-02 0.000000000000000000e+00
0.000000000000000000e+00 2.125000000000000153e-02 0.000000000000000000e+00
0.000000000000000000e+00 2.249999999999999917e-02 0.000000000000000000e+00
0.000000000000000000e+00 2.375000000000000028e-02 0.000000000000000000e+00
0.000000000000000000e+00 2.500000000000000139e-02 0.000000000000000000e+00
0.000000000000000000e+00 2.624999999999999903e-02 0.000000000000000000e+00
0.000000000000000000e+00 2.750000000000000014e-02 0.000000000000000000e+00
0.000000000000000000e+00 2.875000000000000125e-02 0.000000000000000000e+00
0.000000000000000000e+00 2.999999999999999889e-02 0.000000000000000000e+00
1.295906969605789853e-03 0.000000000000000000e+00 0.000000000000000000e+00
1.295906969605789853e-03 1.250000000000000026e-03 6.410238207895425876e+04
1.295906969605789853e-03 2.500000000000000052e-03 1.270212101833355991e+05
1.295906969605789853e-03 3.749999999999999861e-03 1.876071957191545516e+05
1.295906969605789853e-03 5.000000000000000104e-03 2.447765032767874072e+05
1.295906969605789853e-03 6.250000000000000347e-03 2.975363832205872750e+05
1.295906969605789853e-03 7.499999999999999722e-03 3.450037901729887817e+05
1.295906969605789853e-03 8.750000000000000833e-03 3.864166866443233448e+05
1.295906969605789853e-03 1.000000000000000021e-02 4.211387618840610376e+05
1.295906969605789853e-03 1.124999999999999958e-02 4.486590247737530153e+05
1.295906969605789853e-03 1.250000000000000069e-02 4.685880958536757389e+05
1.295906969605789853e-03 1.375000000000000007e-02 4.806530579907718929e+05
1.295906969605789853e-03 1.499999999999999944e-02 4.846925067177902674e+05
1.295906969605789853e-03 1.625000000000000056e-02 4.806530579907720094e+05
1.295906969605789853e-03 1.750000000000000167e-02 4.685880958536762046e+05
1.295906969605789853e-03 1.874999999999999931e-02 4.486590247737537720e+05
1.295906969605789853e-03 2.000000000000000042e-02 4.211387618840616196e+05
1.295906969605789853e-03 2.125000000000000153e-02 3.864166866443238105e+05
1.295906969605789853e-03 2.249999999999999917e-02 3.450037901729892474e+05
1.295906969605789853e-03 2.375000000000000028e-02 2.975363832205877407e+05
1.295906969605789853e-03 2.500000000000000139e-02 2.447765032767878147e+05
1.295906969605789853e-03 2.624999999999999903e-02 1.876071957191548427e+05
1.295906969605789853e-03 2.750000000000000014e-02 1.270212101833357883e+05
1.295906969605789853e-03 2.875000000000000125e-02 6.410238207895434607e+04
1.295906969605789853e-03 2.999999999999999889e-02 0.000000000000000000e+00
2.591813939211579706e-03 0.000000000000000000e+00 0.000000000000000000e+00
2.591813939211579706e-03 1.250000000000000026e-03 1.294768478742414154e+05
2.591813939211579706e-03 2.500000000000000052e-03 2.565497593710517976e+05
2.591813939211579706e-03 3.749999999999999861e-03 3.788866366534647532e+05
2.591813939211579706e-03 5.000000000000000104e-03 4.942922589969874825e+05
2.591813939211579706e-03 6.250000000000000347e-03 6.007611159851137782e+05
2.591813939211579706e-03 7.499999999999999722e-03 6.965149677222998580e+05
2.591813939211579706e-03 8.750000000000000833e-03 7.800246674082748359e+05
2.591813939211579706e-03 1.000000000000000021e-02 8.500180311006112024e+05
2.591813939211579706e-03 1.124999999999999958e-02 9.054770618918749969e+05
2.591813939211579706e-03 1.250000000000000069e-02 9.456285353643003618e+05
2.591813939211579706e-03 1.375000000000000007e-02 9.699319371468649479e+05
2.591813939211579706e-03 1.499999999999999944e-02 9.780682117670397274e+05
2.591813939211579706e-03 1.625000000000000056e-02 9.699319371468651807e+05
2.591813939211579706e-03 1.750000000000000167e-02 9.456285353643010603e+05
2.591813939211579706e-03 1.874999999999999931e-02 9.054770618918760447e+05
2.591813939211579706e-03 2.000000000000000042e-02 8.500180311006121337e+05
2.591813939211579706e-03 2.125000000000000153e-02 7.800246674082756508e+05
2.591813939211579706e-03 2.249999999999999917e-02 6.965149677223009057e+05
2.591813939211579706e-03 2.375000000000000028e-02 6.007611159851148259e+05
2.591813939211579706e-03 2.500000000000000139e-02 4.942922589969882974e+05
2.591813939211579706e-03 2.624999999999999903e-02 3.788866366534653353e+05
2.591813939211579706e-03 2.750000000000000014e-02 2.565497593710521469e+05
2.591813939211579706e-03 2.875000000000000125e-02 1.294768478742415900e+05
2.591813939211579706e-03 2.999999999999999889e-02 0.000000000000000000e+00
3.887720908817369342e-03 0.000000000000000000e+00 0.000000000000000000e+00
3.887720908817369342e-03 1.250000000000000026e-03 1.974350642939424724e+05
3.887720908817369342e-03 2.500000000000000052e-03 3.911685977501032175e+05
3.887720908817369342e-03 3.749999999999999861e-03 5.776157898365939036e+05
3.887720908817369342e-03 5.000000000000000104e-03 7.534132493997798301e+05
3.887720908817369342e-03 6.250000000000000347e-03 9.155023355284213321e+05
3.887720908817369342e-03 7.499999999999999722e-03 1.061186158907888457e+06
3.887720908817369342e-03 8.750000000000000833e-03 1.188160005007131258e+06
3.887720908817369342e-03 1.000000000000000021e-02 1.294518800146002788e+06
3.887720908817369342e-03 1.124999999999999958e-02 1.378747660380637273e+06
3.887720908817369342e-03 1.250000000000000069e-02 1.439702481047909940e+06
3.887720908817369342e-03 1.375000000000000007e-02 1.476587243272061693e+06
3.887720908817369342e-03 1.499999999999999944e-02 1.488933651426274097e+06
3.887720908817369342e-03 1.625000000000000056e-02 1.476587243272061925e+06
3.887720908817369342e-03 1.750000000000000167e-02 1.439702481047910871e+06
3.887720908817369342e-03 1.874999999999999931e-02 1.378747660380638670e+06
3.887720908817369342e-03 2.000000000000000042e-02 1.294518800146004185e+06
3.887720908817369342e-03 2.125000000000000153e-02 1.188160005007132655e+06
3.887720908817369342e-03 2.249999999999999917e-02 1.061186158907890087e+06
3.887720908817369342e-03 2.375000000000000028e-02 9.155023355284226127e+05
3.887720908817369342e-03 2.500000000000000139e-02 7.534132493997808779e+05
3.887720908817369342e-03 2.624999999999999903e-02 5.776157898365946021e+05
3.887720908817369342e-03 2.750000000000000014e-02 3.911685977501036832e+05
3.887720908817369342e-03 2.875000000000000125e-02 1.974350642939427053e+05
3.887720908817369342e-03 2.999999999999999889e-02 0.000000000000000000e+00
5.183627878423159412e-03 0.000000000000000000e+00 0.000000000000000000e+00
5.183627878423159412e-03 1.250000000000000026e-03 2.693716857592987362e+05
5.183627878423159412e-03 2.500000000000000052e-03 5.336187952451128513e+05
5.183627878423159412e-03 3.749999999999999861e-03 7.877912746761104790e+05
5.183627878423159412e-03 5.000000000000000104e-03 1.027267998463462107e+06
5.183627878423159412e-03 6.250000000000000347e-03 1.247875930150286295e+06
5.183627878423159412e-03 7.499999999999999722e-03 1.445966832163967891e+06
5.183627878423159412e-03 8.750000000000000833e-03 1.618452397714119637e+06
5.183627878423159412e-03 1.000000000000000021e-02 1.762804821440109983e+06
5.183627878423159412e-03 1.124999999999999958e-02 1.877033194717688020e+06
5.183627878423159412e-03 1.250000000000000069e-02 1.959646923603219446e+06
5.183627878423159412e-03 1.375000000000000007e-02 2.009616370370859280e+06
5.183627878423159412e-03 1.499999999999999944e-02 2.026338928060565144e+06
5.183627878423159412e-03 1.625000000000000056e-02 2.009616370370860677e+06
5.183627878423159412e-03 1.750000000000000167e-02 1.959646923603220843e+06
5.183627878423159412e-03 1.874999999999999931e-02 1.877033194717690116e+06
5.183627878423159412e-03 2.000000000000000042e-02 1.762804821440112311e+06
5.183627878423159412e-03 2.125000000000000153e-02 1.618452397714122199e+06
5.183627878423159412e-03 2.249999999999999917e-02 1.445966832163970219e+06
5.183627878423159412e-03 2.375000000000000028e-02 1.247875930150287459e+06
5.183627878423159412e-03 2.500000000000000139e-02 1.027267998463463155e+06
5.183627878423159412e-03 2.624999999999999903e-02 7.877912746761112940e+05
5.183627878423159412e-03 2.750000000000000014e-02 5.336187952451134333e+05
5.183627878423159412e-03 2.875000000000000125e-02 2.693716857592989691e+05
5.183627878423159412e-03 2.999999999999999889e-02 0.000000000000000000e+00
6.479534848028949481e-03 0.000000000000000000e+00 0.000000000000000000e+00
6.479534848028949481e-03 1.250000000000000026e-03 3.468162013897334109e+05
6.479534848028949481e-03 2.500000000000000052e-03 6.868972043098016875e+05
6.479534848028949481e-03 3.749999999999999861e-03 1.013761756495156442e+06
6.479534848028949481e-03 5.000000000000000104e-03 1.321402923753676703e+06
6.479534848028949481e-03 6.250000000000000347e-03 1.604450826447239146e+06
6.479534848028949481e-03 7.499999999999999722e-03 1.858268118984152330e+06
6.479534848028949481e-03 8.750000000000000833e-03 2.078982288982771337e+06
6.479534848028949481e-03 1.000000000000000021e-02 2.263468169724516105e+06
6.479534848028949481e-03 1.124999999999999958e-02 2.409298146295333281e+06
6.479534848028949481e-03 1.250000000000000069e-02 2.514677437943747733e+06
6.479534848028949481e-03 1.375000000000000007e-02 2.578379251166887581e+06
6.479534848028949481e-03 1.499999999999999944e-02 2.599691012004913297e+06
6.479534848028949481e-03 1.625000000000000056e-02 2.578379251166888513e+06
6.479534848028949481e-03 1.750000000000000167e-02 2.514677437943749595e+06
6.479534848028949481e-03 1.874999999999999931e-02 2.409298146295336541e+06
6.479534848028949481e-03 2.000000000000000042e-02 2.263468169724519830e+06
6.479534848028949481e-03 2.125000000000000153e-02 2.078982288982774597e+06
6.479534848028949481e-03 2.249999999999999917e-02 1.858268118984155357e+06
6.479534848028949481e-03 2.375000000000000028e-02 1.604450826447240543e+06
6.479534848028949481e-03 2.500000000000000139e-02 1.321402923753677867e+06
6.479534848028949481e-03 2.624999999999999903e-02 1.013761756495157140e+06
6.479534848028949481e-03 2.750000000000000014e-02 6.868972043098022696e+05
6.479534848028949481e-03 2.875000000000000125e-02 3.468162013897335855e+05
6.479534848028949481e-03 2.999999999999999889e-02 0.000000000000000000e+00
7.775441817634738684e-03 0.000000000000000000e+00 0.000000000000000000e+00
7.775441817634738684e-03 1.250000000000000026e-03 4.314997077916898998e+05
7.775441817634738684e-03 2.500000000000000052e-03 8.543806535573105793e+05
7.775441817634738684e-03 3.749999999999999861e-03 1.260393530881826300e+06
7.775441817634738684e-03 5.000000000000000104e-03 1.641970687813105993e+06
7.775441817634738684e-03 6.250000000000000347e-03 1.992442780181023059e+06
7.775441817634738684e-03 7.499999999999999722e-03 2.306148639236366842e+06
7.775441817634738684e-03 8.750000000000000833e-03 2.578450342620315962e+06
7.775441817634738684e-03 1.000000000000000021e-02 2.805678880691480357e+06
7.775441817634738684e-03 1.124999999999999958e-02 2.985039490762344562e+06
7.775441817634738684e-03 1.250000000000000069e-02 3.114502902731499635e+06
7.775441817634738684e-03 1.375000000000000007e-02 3.192702956844653934e+06
7.775441817634738684e-03 1.499999999999999944e-02 3.218854853606053628e+06
7.775441817634738684e-03 1.625000000000000056e-02 3.192702956844653934e+06
7.775441817634738684e-03 1.750000000000000167e-02 3.114502902731500566e+06
7.775441817634738684e-03 1.874999999999999931e-02 2.985039490762347821e+06
7.775441817634738684e-03 2.000000000000000042e-02 2.805678880691483617e+06
7.775441817634738684e-03 2.125000000000000153e-02 2.578450342620318756e+06
7.775441817634738684e-03 2.249999999999999917e-02 2.306148639236370102e+06
7.775441817634738684e-03 2.375000000000000028e-02 1.992442780181025621e+06
7.775441817634738684e-03 2.500000000000000139e-02 1.641970687813107390e+06
7.775441817634738684e-03 2.624999999999999903e-02 1.260393530881827464e+06
7.775441817634738684e-03 2.750000000000000014e-02 8.543806535573112778e+05
7.775441817634738684e-03 2.875000000000000125e-02 4.314997077916900744e+05
7.775441817634738684e-03 2.999999999999999889e-02 0.000000000000000000e+00
9.071348787240529621e-03 0.000000000000000000e+00 0.000000000000000000e+00
9.071348787240529621e-03 1.250000000000000026e-03 5.254466589235469000e+05
9.071348787240529621e-03 2.500000000000000052e-03 1.039993901403705473e+06
9.071348787240529621e-03 3.749999999999999861e-03 1.533288815574663226e+06
9.071348787240529621e-03 5.000000000000000104e-03 1.995970172754394822e+06
9.071348787240529621e-03 6.250000000000000347e-03 2.419951078511341009e+06
9.071348787240529621e-03 7.499999999999999722e-03 2.798530342661998235e+06
9.071348787240529621e-03 8.750000000000000833e-03 3.126363030697673094e+06
9.071348787240529621e-03 1.000000000000000021e-02 3.399338036809202749e+06
9.071348787240529621e-03 1.124999999999999958e-02 3.614410339721305761e+06
9.071348787240529621e-03 1.250000000000000069e-02 3.769426220404830761e+06
9.071348787240529621e-03 1.375000000000000007e-02 3.862968017842684872e+06
9.071348787240529621e-03 1.499999999999999944e-02 3.894234808263463899e+06
9.071348787240529621e-03 1.625000000000000056e-02 3.862968017842686269e+06
9.071348787240529621e-03 1.750000000000000167e-02 3.769426220404832158e+06
9.071348787240529621e-03 1.874999999999999931e-02 3.614410339721308555e+06
9.071348787240529621e-03 2.000000000000000042e-02 3.399338036809206940e+06
9.071348787240529621e-03 2.125000000000000153e-02 3.126363030697676353e+06
9.071348787240529621e-03 2.249999999999999917e-02 2.798530342662001960e+06
9.071348787240529621e-03 2.375000000000000028e-02 2.419951078511343338e+06
9.071348787240529621e-03 2.500000000000000139e-02 1.995970172754395753e+06
9.071348787240529621e-03 2.624999999999999903e-02 1.533288815574663924e+06
9.071348787240529621e-03 2.750000000000000014e-02 1.039993901403705822e+06
9.071348787240529621e-03 2.875000000000000125e-02 5.254466589235470165e+05
9.071348787240529621e-03 2.999999999999999889e-02 0.000000000000000000e+00
1.036725575684631882e-02 0.000000000000000000e+00 0.000000000000000000e+00
1.036725575684631882e-02 1.250000000000000026e-03 6.311083019689415814e+05
1.036725575684631882e-02 2.500000000000000052e-03 1.248449150001312140e+06
1.036725575684631882e-02 3.749999999999999861e-03 1.839087548850501888e+06
1.036725575684631882e-02 5.000000000000000104e-03 2.391564899760940112e+06
1.036725575684631882e-02 6.250000000000000347e-03 2.896257057575216517e+06
1.036725575684631882e-02 7.499999999999999722e-03 3.345454461999681778e+06
1.036725575684631882e-02 8.750000000000000833e-03 3.733236750878915191e+06
1.036725575684631882e-02 1.000000000000000021e-02 4.055231013651688118e+06
1.036725575684631882e-02 1.124999999999999958e-02 4.308329826443706639e+06
1.036725575684631882e-02 1.250000000000000069e-02 4.490421877788336948e+06
1.036725575684631882e-02 1.375000000000000007e-02 4.600166251355749555e+06
1.036725575684631882e-02 1.499999999999999944e-02 4.636825850561579689e+06
1.036725575684631882e-02 1.625000000000000056e-02 4.600166251355750486e+06
1.036725575684631882e-02 1.750000000000000167e-02 4.490421877788339742e+06
1.036725575684631882e-02 1.874999999999999931e-02 4.308329826443709433e+06
1.036725575684631882e-02 2.000000000000000042e-02 4.055231013651692308e+06
1.036725575684631882e-02 2.125000000000000153e-02 3.733236750878918916e+06
1.036725575684631882e-02 2.249999999999999917e-02 3.345454461999684572e+06
1.036725575684631882e-02 2.375000000000000028e-02 2.896257057575217914e+06
1.036725575684631882e-02 2.500000000000000139e-02 2.391564899760941043e+06
1.036725575684631882e-02 2.624999999999999903e-02 1.839087548850502819e+06
1.036725575684631882e-02 2.750000000000000014e-02 1.248449150001312606e+06
1.036725575684631882e-02 2.875000000000000125e-02 6.311083019689416979e+05
1.036725575684631882e-02 2.999999999999999889e-02 0.000000000000000000e+00
1.166316272645210803e-02 0.000000000000000000e+00 0.000000000000000000e+00
1.166316272645210803e-02 1.250000000000000026e-03 7.515672033940352267e+05
1.166316272645210803e-02 2.500000000000000052e-03 1.485604188825543271e+06
1.166316272645210803e-02 3.749999999999999861e-03 2.185901773370499723e+06
1.166316272645210803e-02 5.000000000000000104e-03 2.838519148449953645e+06
1.166316272645210803e-02 6.250000000000000347e-03 3.432208793102851138e+06
1.166316272645210803e-02 7.499999999999999722e-03 3.958387542567871511e+06
1.166316272645210803e-02 8.750000000000000833e-03 4.410819436208882369e+06
1.166316272645210803e-02 1.000000000000000021e-02 4.785172814572155476e+06
1.166316272645210803e-02 1.124999999999999958e-02 5.078567374637999572e+06
1.166316272645210803e-02 1.250000000000000069e-02 5.289176813406796195e+06
1.166316272645210803e-02 1.375000000000000007e-02 5.415915994453140534e+06
1.166316272645210803e-02 1.499999999999999944e-02 5.458220361394125037e+06
1.166316272645210803e-02 1.625000000000000056e-02 5.415915994453141466e+06
1.166316272645210803e-02 1.750000000000000167e-02 5.289176813406798989e+06
1.166316272645210803e-02 1.874999999999999931e-02 5.078567374638002366e+06
1.166316272645210803e-02 2.000000000000000042e-02 4.785172814572159201e+06
1.166316272645210803e-02 2.125000000000000153e-02 4.410819436208885163e+06
1.166316272645210803e-02 2.249999999999999917e-02 3.958387542567871977e+06
1.166316272645210803e-02 2.375000000000000028e-02 3.432208793102852069e+06
1.166316272645210803e-02 2.500000000000000139e-02 2.838519148449954111e+06
1.166316272645210803e-02 2.624999999999999903e-02 2.185901773370500188e+06
1.166316272645210803e-02 2.750000000000000014e-02 1.485604188825543504e+06
1.166316272645210803e-02 2.875000000000000125e-02 7.515672033940352267e+05
1.166316272645210803e-02 2.999999999999999889e-02 0.000000000000000000e+00
1.295906969605789896e-02 0.000000000000000000e+00 0.000000000000000000e+00
1.295906969605789896e-02 1.250000000000000026e-03 8.908675816701903241e+05
1.295906969605789896e-02 2.500000000000000052e-03 1.759022332999149337e+06
1.295906969605789896e-02 3.749999999999999861e-03 2.583962683175208047e+06
1.295906969605789896e-02 5.000000000000000104e-03 3.348808917044701520e+06
1.295906969605789896e-02 6.250000000000000347e-03 4.040721233328846283e+06
1.295906969605789896e-02 7.499999999999999722e-03 4.650583737822754309e+06
1.295906969605789896e-02 8.750000000000000833e-03 5.172320903456759639e+06
1.295906969605789896e-02 1.000000000000000021e-02 5.602129146863594651e+06
1.295906969605789896e-02 1.124999999999999958e-02 5.937782364519832656e+06
1.295906969605789896e-02 1.250000000000000069e-02 6.178075495255226269e+06
1.295906969605789896e-02 1.375000000000000007e-02 6.322416268935276195e+06
1.295906969605789896e-02 1.499999999999999944e-02 6.370552332573277876e+06
1.295906969605789896e-02 1.625000000000000056e-02 6.322416268935279921e+06
1.295906969605789896e-02 1.750000000000000167e-02 6.178075495255229063e+06
1.295906969605789896e-02 1.874999999999999931e-02 5.937782364519837312e+06
1.295906969605789896e-02 2.000000000000000042e-02 5.602129146863600239e+06
1.295906969605789896e-02 2.125000000000000153e-02 5.172320903456762433e+06
1.295906969605789896e-02 2.249999999999999917e-02 4.650583737822757103e+06
1.295906969605789896e-02 2.375000000000000028e-02 4.040721233328847680e+06
1.295906969605789896e-02 2.500000000000000139e-02 3.348808917044702452e+06
1.295906969605789896e-02 2.624999999999999903e-02 2.583962683175208978e+06
1.295906969605789896e-02 2.750000000000000014e-02 1.759022332999149105e+06
1.295906969605789896e-02 2.875000000000000125e-02 8.908675816701898584e+05
1.295906969605789896e-02 2.999999999999999889e-02 0.000000000000000000e+00
1.425497666566368817e-02 0.000000000000000000e+00 0.000000000000000000e+00
1.425497666566368817e-02 1.250000000000000026e-03 1.054579708163689822e+06
1.425497666566368817e-02 2.500000000000000052e-03 2.078887312043565791e+06
1.425497666566368817e-02 3.749999999999999861e-03 3.046612744335335214e+06
1.425497666566368817e-02 5.000000000000000104e-03 3.937488054372857790e+06
1.425497666566368817e-02 6.250000000000000347e-03 4.737420804643813521e+06
1.425497666566368817e-02 7.499999999999999722e-03 5.437497040170668624e+06
1.425497666566368817e-02 8.750000000000000833e-03 6.032627568893773481e+06
1.425497666566368817e-02 1.000000000000000021e-02 6.520283293231458403e+06
1.425497666566368817e-02 1.124999999999999958e-02 6.899490368126591668e+06
1.425497666566368817e-02 1.250000000000000069e-02 7.170103762721336447e+06
1.425497666566368817e-02 1.375000000000000007e-02 7.332317358004830778e+06
1.425497666566368817e-02 1.499999999999999944e-02 7.386357578377461061e+06
1.425497666566368817e-02 1.625000000000000056e-02 7.332317358004834503e+06
1.425497666566368817e-02 1.750000000000000167e-02 7.170103762721341103e+06
1.425497666566368817e-02 1.874999999999999931e-02 6.899490368126598187e+06
1.425497666566368817e-02 2.000000000000000042e-02 6.520283293231464922e+06
1.425497666566368817e-02 2.125000000000000153e-02 6.032627568893779069e+06
1.425497666566368817e-02 2.249999999999999917e-02 5.437497040170673281e+06
1.425497666566368817e-02 2.375000000000000028e-02 4.737420804643816315e+06
1.425497666566368817e-02 2.500000000000000139e-02 3.937488054372859187e+06
1.425497666566368817e-02 2.624999999999999903e-02 3.046612744335335214e+06
1.425497666566368817e-02 2.750000000000000014e-02 2.078887312043565791e+06
1.425497666566368817e-02 2.875000000000000125e-02 1.054579708163689822e+06
1.425497666566368817e-02 2.999999999999999889e-02 0.000000000000000000e+00
1.555088363526947737e-02 0.000000000000000000e+00 0.000000000000000000e+00
1.555088363526947737e-02 1.250000000000000026e-03 1.250828289897827432e+06
1.555088363526947737e-02 2.500000000000000052e-03 2.459566804543487728e+06
1.555088363526947737e-02 3.749999999999999861e-03 3.591861310690879822e+06
1.555088363526947737e-02 5.000000000000000104e-03 4.623912247597112320e+06
1.555088363526947737e-02 6.250000000000000347e-03 5.541446149945186451e+06
1.555088363526947737e-02 7.499999999999999722e-03 6.337205979719892144e+06
1.555088363526947737e-02 8.750000000000000833e-03 7.008448145408723503e+06
1.555088363526947737e-02 1.000000000000000021e-02 7.554998039266050793e+06
1.555088363526947737e-02 1.124999999999999958e-02 7.977914850554383360e+06
1.555088363526947737e-02 1.250000000000000069e-02 8.278640125737002119e+06
1.555088363526947737e-02 1.375000000000000007e-02 8.458483181696681306e+06
1.555088363526947737e-02 1.499999999999999944e-02 8.518327673170246184e+06
1.555088363526947737e-02 1.625000000000000056e-02 8.458483181696683168e+06
1.555088363526947737e-02 1.750000000000000167e-02 8.278640125737006776e+06
1.555088363526947737e-02 1.874999999999999931e-02 7.977914850554391742e+06
1.555088363526947737e-02 2.000000000000000042e-02 7.554998039266058244e+06
1.555088363526947737e-02 2.125000000000000153e-02 7.008448145408730954e+06
1.555088363526947737e-02 2.249999999999999917e-02 6.337205979719898663e+06
1.555088363526947737e-02 2.375000000000000028e-02 5.541446149945190176e+06
1.555088363526947737e-02 2.500000000000000139e-02 4.623912247597115114e+06
1.555088363526947737e-02 2.624999999999999903e-02 3.591861310690881219e+06
1.555088363526947737e-02 2.750000000000000014e-02 2.459566804543488659e+06
1.555088363526947737e-02 2.875000000000000125e-02 1.250828289897827897e+06
1.555088363526947737e-02 2.999999999999999889e-02 0.000000000000000000e+00
1.684679060487526830e-02 0.000000000000000000e+00 0.000000000000000000e+00
1.684679060487526830e-02 1.250000000000000026e-03 1.492314958675450413e+06
1.684679060487526830e-02 2.500000000000000052e-03 2.922408311206683517e+06
1.684679060487526830e-02 3.749999999999999861e-03 4.244851657175024971e+06
1.684679060487526830e-02 5.000000000000000104e-03 5.433419340320507064e+06
1.684679060487526830e-02 6.250000000000000347e-03 6.476354258618650958e+06
1.684679060487526830e-02 7.499999999999999722e-03 7.370746494577380829e+06
1.684679060487526830e-02 8.750000000000000833e-03 8.118287965622849762e+06
1.684679060487526830e-02 1.000000000000000021e-02 8.722593612465970218e+06
1.684679060487526830e-02 1.124999999999999958e-02 9.187670786125140265e+06
1.684679060487526830e-02 1.250000000000000069e-02 9.517100688215708360e+06
1.684679060487526830e-02 1.375000000000000007e-02 9.713623452811757103e+06
1.684679060487526830e-02 1.499999999999999944e-02 9.778939477173149586e+06
1.684679060487526830e-02 1.625000000000000056e-02 9.713623452811757103e+06
1.684679060487526830e-02 1.750000000000000167e-02 9.517100688215712085e+06
1.684679060487526830e-02 1.874999999999999931e-02 9.187670786125145853e+06
1.684679060487526830e-02 2.000000000000000042e-02 8.722593612465975806e+06
1.684679060487526830e-02 2.125000000000000153e-02 8.118287965622855350e+06
1.684679060487526830e-02 2.249999999999999917e-02 7.370746494577386416e+06
1.684679060487526830e-02 2.375000000000000028e-02 6.476354258618653752e+06
1.684679060487526830e-02 2.500000000000000139e-02 5.433419340320508927e+06
1.684679060487526830e-02 2.624999999999999903e-02 4.244851657175027765e+06
1.684679060487526830e-02 2.750000000000000014e-02 2.922408311206685379e+06
1.684679060487526830e-02 2.875000000000000125e-02 1.492314958675451344e+06
1.684679060487526830e-02 2.999999999999999889e-02 0.000000000000000000e+00
1.814269757448105924e-02 0.000000000000000000e+00 0.000000000000000000e+00
1.814269757448105924e-02 1.250000000000000026e-03 1.800677404714265838e+06
1.814269757448105924e-02 2.500000000000000052e-03 3.500952036234019790e+06
1.814269757448105924e-02 3.749999999999999861e-03 5.041731555254555307e+06
1.814269757448105924e-02 5.000000000000000104e-03 6.399452516946146265e+06
1.814269757448105924e-02 6.250000000000000347e-03 7.570916030279943720e+06
1.814269757448105924e-02 7.499999999999999722e-03 8.562122199709648266e+06
1.814269757448105924e-02 8.750000000000000833e-03 9.382077638127472252e+06
1.814269757448105924e-02 1.000000000000000021e-02 1.003983193740528822e+07
1.814269757448105924e-02 1.124999999999999958e-02 1.054322039822819456e+07
1.814269757448105924e-02 1.250000000000000069e-02 1.089840983134507574e+07
1.814269757448105924e-02 1.375000000000000007e-02 1.110978471773984842e+07
1.814269757448105924e-02 1.499999999999999944e-02 1.117995459659850411e+07
1.814269757448105924e-02 1.625000000000000056e-02 1.110978471773985215e+07
1.814269757448105924e-02 1.750000000000000167e-02 1.089840983134508692e+07
1.814269757448105924e-02 1.874999999999999931e-02 1.054322039822820574e+07
1.814269757448105924e-02 2.000000000000000042e-02 1.003983193740529753e+07
1.814269757448105924e-02 2.125000000000000153e-02 9.382077638127477840e+06
1.814269757448105924e-02 2.249999999999999917e-02 8.562122199709653854e+06
1.814269757448105924e-02 2.375000000000000028e-02 7.570916030279950239e+06
1.814269757448105924e-02 2.500000000000000139e-02 6.399452516946150921e+06
1.814269757448105924e-02 2.624999999999999903e-02 5.041731555254558101e+06
1.814269757448105924e-02 2.750000000000000014e-02 3.500952036234022118e+06
1.814269757448105924e-02 2.875000000000000125e-02 1.800677404714266770e+06
1.814269757448105924e-02 2.999999999999999889e-02 0.000000000000000000e+00
1.943860454408684671e-02 0.000000000000000000e+00 0.000000000000000000e+00
1.943860454408684671e-02 1.250000000000000026e-03 2.216952743277893867e+06
1.943860454408684671e-02 2.500000000000000052e-03 4.250921095300853252e+06
1.943860454408684671e-02 3.749999999999999861e-03 6.035362775974498130e+06
1.943860454408684671e-02 5.000000000000000104e-03 7.565675184031785466e+06
1.943860454408684671e-02 6.250000000000000347e-03 8.859218380618739873e+06
1.943860454408684671e-02 7.499999999999999722e-03 9.937558176709894091e+06
1.943860454408684671e-02 8.750000000000000833e-03 1.082020108188667148e+07
1.943860454408684671e-02 1.000000000000000021e-02 1.152298265305532701e+07
1.943860454408684671e-02 1.124999999999999958e-02 1.205805431334685907e+07
1.943860454408684671e-02 1.250000000000000069e-02 1.243429083768247068e+07
1.943860454408684671e-02 1.375000000000000007e-02 1.265771311336949654e+07
1.943860454408684671e-02 1.499999999999999944e-02 1.273180687629001215e+07
1.943860454408684671e-02 1.625000000000000056e-02 1.265771311336950585e+07
1.943860454408684671e-02 1.750000000000000167e-02 1.243429083768248372e+07
1.943860454408684671e-02 1.874999999999999931e-02 1.205805431334687211e+07
1.943860454408684671e-02 2.000000000000000042e-02 1.152298265305533819e+07
1.943860454408684671e-02 2.125000000000000153e-02 1.082020108188668080e+07
1.943860454408684671e-02 2.249999999999999917e-02 9.937558176709903404e+06
1.943860454408684671e-02 2.375000000000000028e-02 8.859218380618745461e+06
1.943860454408684671e-02 2.500000000000000139e-02 7.565675184031788260e+06
1.943860454408684671e-02 2.624999999999999903e-02 6.035362775974499993e+06
1.943860454408684671e-02 2.750000000000000014e-02 4.250921095300855115e+06
1.943860454408684671e-02 2.875000000000000125e-02 2.216952743277894333e+06
1.943860454408684671e-02 2.999999999999999889e-02 0.000000000000000000e+00
2.073451151369263765e-02 0.000000000000000000e+00 0.000000000000000000e+00
2.073451151369263765e-02 1.250000000000000026e-03 2.829899690791574307e+06
2.073451151369263765e-02 2.500000000000000052e-03 5.269081400591798127e+06
2.073451151369263765e-02 3.749999999999999861e-03 7.302132118388838135e+06
2.073451151369263765e-02 5.000000000000000104e-03 8.986377380493398756e+06
2.073451151369263765e-02 6.250000000000000347e-03 1.037882132843890600e+07
2.073451151369263765e-02 7.499999999999999722e-03 1.152332915626799129e+07
2.073451151369263765e-02 8.750000000000000833e-03 1.245163947291914746e+07
2.073451151369263765e-02 1.000000000000000021e-02 1.318638796737832576e+07
2.073451151369263765e-02 1.124999999999999958e-02 1.374360421976956353e+07
2.073451151369263765e-02 1.250000000000000069e-02 1.413441658613199368e+07
2.073451151369263765e-02 1.375000000000000007e-02 1.436613978246660531e+07
2.073451151369263765e-02 1.499999999999999944e-02 1.444293109679355845e+07
2.073451151369263765e-02 1.625000000000000056e-02 1.436613978246661276e+07
2.073451151369263765e-02 1.750000000000000167e-02 1.413441658613200858e+07
2.073451151369263765e-02 1.874999999999999931e-02 1.374360421976958029e+07
2.073451151369263765e-02 2.000000000000000042e-02 1.318638796737833880e+07
2.073451151369263765e-02 2.125000000000000153e-02 1.245163947291916050e+07
2.073451151369263765e-02 2.249999999999999917e-02 1.152332915626800060e+07
2.073451151369263765e-02 2.375000000000000028e-02 1.037882132843891345e+07
2.073451151369263765e-02 2.500000000000000139e-02 8.986377380493402481e+06
2.073451151369263765e-02 2.624999999999999903e-02 7.302132118388840929e+06
2.073451151369263765e-02 2.750000000000000014e-02 5.269081400591799989e+06
2.073451151369263765e-02 2.875000000000000125e-02 2.829899690791575238e+06
2.073451151369263765e-02 2.999999999999999889e-02 0.000000000000000000e+00
2.203041848329842858e-02 0.000000000000000000e+00 0.000000000000000000e+00
2.203041848329842858e-02 1.250000000000000026e-03 3.862790292735467199e+06
2.203041848329842858e-02 2.500000000000000052e-03 6.723751263304315507e+06
2.203041848329842858e-02 3.749999999999999861e-03 8.943797536425402388e+06
2.203041848329842858e-02 5.000000000000000104e-03 1.072070760585856438e+07
2.203041848329842858e-02 6.250000000000000347e-03 1.216490599814646319e+07
2.203041848329842858e-02 7.499999999999999722e-03 1.334146920338837244e+07
2.203041848329842858e-02 8.750000000000000833e-03 1.429111809481899440e+07
2.203041848329842858e-02 1.000000000000000021e-02 1.504060492114530131e+07
2.203041848329842858e-02 1.124999999999999958e-02 1.560800500946369022e+07
2.203041848329842858e-02 1.250000000000000069e-02 1.600553136168552749e+07
2.203041848329842858e-02 1.375000000000000007e-02 1.624108722583922558e+07
2.203041848329842858e-02 1.499999999999999944e-02 1.631912591417692415e+07
2.203041848329842858e-02 1.625000000000000056e-02 1.624108722583923489e+07
2.203041848329842858e-02 1.750000000000000167e-02 1.600553136168554425e+07
2.203041848329842858e-02 1.874999999999999931e-02 1.560800500946370512e+07
2.203041848329842858e-02 2.000000000000000042e-02 1.504060492114531994e+07
2.203041848329842858e-02 2.125000000000000153e-02 1.429111809481901117e+07
2.203041848329842858e-02 2.249999999999999917e-02 1.334146920338838175e+07
2.203041848329842858e-02 2.375000000000000028e-02 1.216490599814646691e+07
2.203041848329842858e-02 2.500000000000000139e-02 1.072070760585856624e+07
2.203041848329842858e-02 2.624999999999999903e-02 8.943797536425404251e+06
2.203041848329842858e-02 2.750000000000000014e-02 6.723751263304317370e+06
2.203041848329842858e-02 2.875000000000000125e-02 3.862790292735468131e+06
2.203041848329842858e-02 2.999999999999999889e-02 0.000000000000000000e+00
2.332632545290421605e-02 0.000000000000000000e+00 0.000000000000000000e+00
2.332632545290421605e-02 1.250000000000000026e-03 7.472316422249705531e+06
2.332632545290421605e-02 2.500000000000000052e-03 1.141061322885824740e+07
2.332632545290421605e-02 3.749999999999999861e-03 1.397474412570190988e+07
2.332632545290421605e-02 5.000000000000000104e-03 1.587825765187388472e+07
2.332632545290421605e-02 6.250000000000000347e-03 1.738113196703627706e+07
2.332632545290421605e-02 7.499999999999999722e-03 1.859257298795221373e+07
2.332632545290421605e-02 8.750000000000000833e-03 1.956669378401037306e+07
2.332632545290421605e-02 1.000000000000000021e-02 2.033450525453504175e+07
2.332632545290421605e-02 1.124999999999999958e-02 2.091554540497424826e+07
2.332632545290421605e-02 1.250000000000000069e-02 2.132258956487094611e+07
2.332632545290421605e-02 1.375000000000000007e-02 2.156378461457414180e+07
2.332632545290421605e-02 1.499999999999999944e-02 2.164369246036067978e+07
2.332632545290421605e-02 1.625000000000000056e-02 2.156378461457415298e+07
2.332632545290421605e-02 1.750000000000000167e-02 2.132258956487095356e+07
2.332632545290421605e-02 1.874999999999999931e-02 2.091554540497425944e+07
2.332632545290421605e-02 2.000000000000000042e-02 2.033450525453505293e+07
2.332632545290421605e-02 2.125000000000000153e-02 1.956669378401038051e+07
2.332632545290421605e-02 2.249999999999999917e-02 1.859257298795221001e+07
2.332632545290421605e-02 2.375000000000000028e-02 1.738113196703627706e+07
2.332632545290421605e-02 2.500000000000000139e-02 1.587825765187388472e+07
2.332632545290421605e-02 2.624999999999999903e-02 1.397474412570190616e+07
2.332632545290421605e-02 2.750000000000000014e-02 1.141061322885824554e+07
2.332632545290421605e-02 2.875000000000000125e-02 7.472316422249706462e+06
2.332632545290421605e-02 2.999999999999999889e-02 0.000000000000000000e+00
2.462223242251000699e-02 0.000000000000000000e+00 0.000000000000000000e+00
2.462223242251000699e-02 1.250000000000000026e-03 4.630049133685082197e+06
2.462223242251000699e-02 2.500000000000000052e-03 8.049222999125982635e+06
2.462223242251000699e-02 3.749999999999999861e-03 1.053291949779346958e+07
2.462223242251000699e-02 5.000000000000000104e-03 1.239760150412614830e+07
2.462223242251000699e-02 6.250000000000000347e-03 1.384187577413155697e+07
2.462223242251000699e-02 7.499999999999999722e-03 1.497962124142730981e+07
2.462223242251000699e-02 8.750000000000000833e-03 1.587699952930688858e+07
2.462223242251000699e-02 1.000000000000000021e-02 1.657409340727187321e+07
2.462223242251000699e-02 1.124999999999999958e-02 1.709613312675682455e+07
2.462223242251000699e-02 1.250000000000000069e-02 1.745924600621206313e+07
2.462223242251000699e-02 1.375000000000000007e-02 1.767345869365833700e+07
2.462223242251000699e-02 1.499999999999999944e-02 1.774427701315618679e+07
2.462223242251000699e-02 1.625000000000000056e-02 1.767345869365833700e+07
2.462223242251000699e-02 1.750000000000000167e-02 1.745924600621207058e+07
2.462223242251000699e-02 1.874999999999999931e-02 1.709613312675682828e+07
2.462223242251000699e-02 2.000000000000000042e-02 1.657409340727188438e+07
2.462223242251000699e-02 2.125000000000000153e-02 1.587699952930689789e+07
2.462223242251000699e-02 2.249999999999999917e-02 1.497962124142731167e+07
2.462223242251000699e-02 2.375000000000000028e-02 1.384187577413155697e+07
2.462223242251000699e-02 2.500000000000000139e-02 1.239760150412614644e+07
2.462223242251000699e-02 2.624999999999999903e-02 1.053291949779346772e+07
2.462223242251000699e-02 2.750000000000000014e-02 8.049222999125981703e+06
2.462223242251000699e-02 2.875000000000000125e-02 4.630049133685082197e+06
2.462223242251000699e-02 2.999999999999999889e-02 0.000000000000000000e+00
2.591813939211579793e-02 0.000000000000000000e+00 0.000000000000000000e+00
2.591813939211579793e-02 1.250000000000000026e-03 3.089230485685792752e+06
2.591813939211579793e-02 2.500000000000000052e-03 5.693283767688762397e+06
2.591813939211579793e-02 3.749999999999999861e-03 7.756411596278777346e+06
2.591813939211579793e-02 5.000000000000000104e-03 9.368799557447070256e+06
2.591813939211579793e-02 6.250000000000000347e-03 1.063207671363575011e+07
2.591813939211579793e-02 7.499999999999999722e-03 1.162501611993615329e+07
2.591813939211579793e-02 8.750000000000000833e-03 1.240257094221239164e+07
2.591813939211579793e-02 1.000000000000000021e-02 1.300182975541245751e+07
2.591813939211579793e-02 1.124999999999999958e-02 1.344753540337453969e+07
2.591813939211579793e-02 1.250000000000000069e-02 1.375594036190500483e+07
2.591813939211579793e-02 1.375000000000000007e-02 1.393725302783851698e+07
2.591813939211579793e-02 1.499999999999999944e-02 1.399709261411117017e+07
2.591813939211579793e-02 1.625000000000000056e-02 1.393725302783851698e+07
2.591813939211579793e-02 1.750000000000000167e-02 1.375594036190500855e+07
2.591813939211579793e-02 1.874999999999999931e-02 1.344753540337454155e+07
2.591813939211579793e-02 2.000000000000000042e-02 1.300182975541246682e+07
2.591813939211579793e-02 2.125000000000000153e-02 1.240257094221239723e+07
2.591813939211579793e-02 2.249999999999999917e-02 1.162501611993615888e+07
2.591813939211579793e-02 2.375000000000000028e-02 1.063207671363575011e+07
2.591813939211579793e-02 2.500000000000000139e-02 9.368799557447068393e+06
2.591813939211579793e-02 2.624999999999999903e-02 7.756411596278776415e+06
2.591813939211579793e-02 2.750000000000000014e-02 5.693283767688761465e+06
2.591813939211579793e-02 2.875000000000000125e-02 3.089230485685792286e+06
2.591813939211579793e-02 2.999999999999999889e-02 0.000000000000000000e+00
2.721404636172158539e-02 0.000000000000000000e+00 0.000000000000000000e+00
2.721404636172158539e-02 1.250000000000000026e-03 2.069880257040632889e+06
2.721404636172158539e-02 2.500000000000000052e-03 3.918731169915538747e+06
2.721404636172158539e-02 3.749999999999999861e-03 5.464358867884621024e+06
2.721404636172158539e-02 5.000000000000000104e-03 6.715221875779380091e+06
2.721404636172158539e-02 6.250000000000000347e-03 7.712836644897826016e+06
2.721404636172158539e-02 7.499999999999999722e-03 8.501906331968039274e+06
2.721404636172158539e-02 8.750000000000000833e-03 9.119774891280667856e+06
2.721404636172158539e-02 1.000000000000000021e-02 9.594605033155819401e+06
2.721404636172158539e-02 1.124999999999999958e-02 9.946508449910260737e+06
2.721404636172158539e-02 1.250000000000000069e-02 1.018923350342209078e+07
2.721404636172158539e-02 1.375000000000000007e-02 1.033160661823271960e+07
2.721404636172158539e-02 1.499999999999999944e-02 1.037853938005717844e+07
2.721404636172158539e-02 1.625000000000000056e-02 1.033160661823272146e+07
2.721404636172158539e-02 1.750000000000000167e-02 1.018923350342209637e+07
2.721404636172158539e-02 1.874999999999999931e-02 9.946508449910264462e+06
2.721404636172158539e-02 2.000000000000000042e-02 9.594605033155826852e+06
2.721404636172158539e-02 2.125000000000000153e-02 9.119774891280675307e+06
2.721404636172158539e-02 2.249999999999999917e-02 8.501906331968044862e+06
2.721404636172158539e-02 2.375000000000000028e-02 7.712836644897826947e+06
2.721404636172158539e-02 2.500000000000000139e-02 6.715221875779380091e+06
2.721404636172158539e-02 2.624999999999999903e-02 5.464358867884620093e+06
2.721404636172158539e-02 2.750000000000000014e-02 3.918731169915538281e+06
2.721404636172158539e-02 2.875000000000000125e-02 2.069880257040632423e+06
2.721404636172158539e-02 2.999999999999999889e-02 0.000000000000000000e+00
2.850995333132737633e-02 0.000000000000000000e+00 0.000000000000000000e+00
2.850995333132737633e-02 1.250000000000000026e-03 1.288092349663006840e+06
2.850995333132737633e-02 2.500000000000000052e-03 2.470082859046500176e+06
2.850995333132737633e-02 3.749999999999999861e-03 3.489119204588547349e+06
2.850995333132737633e-02 5.000000000000000104e-03 4.333835380705926567e+06
2.850995333132737633e-02 6.250000000000000347e-03 5.017740813511298969e+06
2.850995333132737633e-02 7.499999999999999722e-03 5.562803502294197679e+06
2.850995333132737633e-02 8.750000000000000833e-03 5.990716519864501432e+06
2.850995333132737633e-02 1.000000000000000021e-02 6.319501945136114955e+06
2.850995333132737633e-02 1.124999999999999958e-02 6.562826392446112819e+06
2.850995333132737633e-02 1.250000000000000069e-02 6.730384900554692373e+06
2.850995333132737633e-02 1.375000000000000007e-02 6.828539492312392220e+06
2.850995333132737633e-02 1.499999999999999944e-02 6.860872803244093433e+06
2.850995333132737633e-02 1.625000000000000056e-02 6.828539492312395014e+06
2.850995333132737633e-02 1.750000000000000167e-02 6.730384900554696098e+06
2.850995333132737633e-02 1.874999999999999931e-02 6.562826392446117476e+06
2.850995333132737633e-02 2.000000000000000042e-02 6.319501945136119612e+06
2.850995333132737633e-02 2.125000000000000153e-02 5.990716519864504226e+06
2.850995333132737633e-02 2.249999999999999917e-02 5.562803502294199541e+06
2.850995333132737633e-02 2.375000000000000028e-02 5.017740813511298969e+06
2.850995333132737633e-02 2.500000000000000139e-02 4.333835380705925636e+06
2.850995333132737633e-02 2.624999999999999903e-02 3.489119204588546418e+06
2.850995333132737633e-02 2.750000000000000014e-02 2.470082859046499245e+06
2.850995333132737633e-02 2.875000000000000125e-02 1.288092349663006607e+06
2.850995333132737633e-02 2.999999999999999889e-02 0.000000000000000000e+00
2.980586030093316727e-02 0.000000000000000000e+00 0.000000000000000000e+00
2.980586030093316727e-02 1.250000000000000026e-03 6.203426916531161405e+05
2.980586030093316727e-02 2.500000000000000052e-03 1.196577670320366044e+06
2.980586030093316727e-02 3.749999999999999861e-03 1.701238845318744890e+06
2.980586030093316727e-02 5.000000000000000104e-03 2.125288259563357104e+06
2.980586030093316727e-02 6.250000000000000347e-03 2.471873152192549314e+06
2.980586030093316727e-02 7.499999999999999722e-03 2.749613129783170298e+06
2.980586030093316727e-02 8.750000000000000833e-03 2.968200476649252698e+06
2.980586030093316727e-02 1.000000000000000021e-02 3.136252309331031051e+06
2.980586030093316727e-02 1.124999999999999958e-02 3.260577560319728218e+06
2.980586030093316727e-02 1.250000000000000069e-02 3.346131621378840413e+06
2.980586030093316727e-02 1.375000000000000007e-02 3.396217073710668366e+06
2.980586030093316727e-02 1.499999999999999944e-02 3.412709906389818992e+06
2.980586030093316727e-02 1.625000000000000056e-02 3.396217073710668832e+06
2.980586030093316727e-02 1.750000000000000167e-02 3.346131621378841810e+06
2.980586030093316727e-02 1.874999999999999931e-02 3.260577560319730546e+06
2.980586030093316727e-02 2.000000000000000042e-02 3.136252309331032913e+06
2.980586030093316727e-02 2.125000000000000153e-02 2.968200476649254560e+06
2.980586030093316727e-02 2.249999999999999917e-02 2.749613129783172626e+06
2.980586030093316727e-02 2.375000000000000028e-02 2.471873152192549780e+06
2.980586030093316727e-02 2.500000000000000139e-02 2.125288259563356638e+06
2.980586030093316727e-02 2.624999999999999903e-02 1.701238845318744425e+06
2.980586030093316727e-02 2.750000000000000014e-02 1.196577670320365811e+06
2.980586030093316727e-02 2.875000000000000125e-02 6.203426916531161405e+05
2.980586030093316727e-02 2.999999999999999889e-02 0.000000000000000000e+00
3.110176727053895473e-02 0.000000000000000000e+00 0.000000000000000000e+00
3.110176727053895473e-02 1.250000000000000026e-03 0.000000000000000000e+00
3.110176727053895473e-02 2.500000000000000052e-03 0.000000000000000000e+00
3.110176727053895473e-02 3.749999999999999861e-03 0.000000000000000000e+00
3.110176727053895473e-02 5.000000000000000104e-03 0.000000000000000000e+00
3.110176727053895473e-02 6.250000000000000347e-03 0.000000000000000000e+00
3.110176727053895473e-02 7.499999999999999722e-03 0.000000000000000000e+00
3.110176727053895473e-02 8.750000000000000833e-03 0.000000000000000000e+00
3.110176727053895473e-02 1.000000000000000021e-02 0.000000000000000000e+00
3.110176727053895473e-02 1.124999999999999958e-02 0.000000000000000000e+00
3.110176727053895473e-02 1.250000000000000069e-02 0.000000000000000000e+00
3.110176727053895473e-02 1.375000000000000007e-02 0.000000000000000000e+00
3.110176727053895473e-02 1.499999999999999944e-02 0.000000000000000000e+00
3.110176727053895473e-02 1.625000000000000056e-02 0.000000000000000000e+00
3.110176727053895473e-02 1.750000000000000167e-02 0.000000000000000000e+00
3.110176727053895473e-02 1.874999999999999931e-02 0.000000000000000000e+00
3.110176727053895473e-02 2.000000000000000042e-02 0.000000000000000000e+00
3.110176727053895473e-02 2.125000000000000153e-02 0.000000000000000000e+00
3.110176727053895473e-02 2.249999999999999917e-02 0.000000000000000000e+00
3.110176727053895473e-02 2.375000000000000028e-02 0.000000000000000000e+00
3.110176727053895473e-02 2.500000000000000139e-02 0.000000000000000000e+00
3.110176727053895473e-02 2.624999999999999903e-02 0.000000000000000000e+00
3.110176727053895473e-02 2.750000000000000014e-02 0.000000000000000000e+00
3.110176727053895473e-02 2.875000000000000125e-02 0.000000000000000000e+00
3.110176727053895473e-02 2.999999999999999889e-02 0.000000000000000000e+00
