0.000000000000000000e+00 0.000000000000000000e+00 0.000000000000000000e+00
0.000000000000000000e+00 1.250000000000000026e-03 0.000000000000000000e+00
0.000000000000000000e+00 2.500000000000000052e-03 0.000000000000000000e+00
0.000000000000000000e+00 3.749999999999999861e-03 0.000000000000000000e+00
0.000000000000000000e+00 5.000000000000000104e-03 0.000000000000000000e+00
0.000000000000000000e+00 6.250000000000000347e-03 0.000000000000000000e+00
0.000000000000000000e+00 7.499999999999999722e-03 0.000000000000000000e+00
0.000000000000000000e+00 8.750000000000000833e-03 0.000000000000000000e+00
0.000000000000000000e+00 1.000000000000000021e-02 0.000000000000000000e+00
0.000000000000000000e+00 1.124999999999999958e-02 0.000000000000000000e+00
0.000000000000000000e+00 1.250000000000000069e-02 0.000000000000000000e+00
0.000000000000000000e+00 1.375000000000000007e-02 0.000000000000000000e+00
0.000000000000000000e+00 1.499999999999999944e-02 0.000000000000000000e+00
0.000000000000000000e+00 1.625000000000000056e-02 0.000000000000000000e+00
0.000000000000000000e+00 1.750000000000000167e-02 0.000000000000000000e+00
0.000000000000000000e+00 1.874999999999999931e-02 0.000000000000000000e+00
0.000000000000000000e+00 2.000000000000000042e-02 0.000000000000000000e+00
0.000000000000000000e+00 2.125000000000000153e-02 0.000000000000000000e+00
0.000000000000000000e+00 2.249999999999999917e-02 0.000000000000000000e+00
0.000000000000000000e+00 2.375000000000000028e-02 0.000000000000000000e+00
0.000000000000000000e+00 2.500000000000000139e-02 0.000000000000000000e+00
0.000000000000000000e+00 2.624999999999999903e-02 0.000000000000000000e+00
0.000000000000000000e+00 2.750000000000000014e-02 0.000000000000000000e+00
0.000000000000000000e+00 2.875000000000000125e-02 0.000000000000000000e+00
0.000000000000000000e+00 2.999999999999999889e-02 0.000000000000000000e+00
1.295906969605789853e-03 0.000000000000000000e+00 0.000000000000000000e+00
1.295906969605789853e-03 1.250000000000000026e-03 2.518940752134000941e+05
1.295906969605789853e-03 2.500000000000000052e-03 4.321286839753782842e+05
1.295906969605789853e-03 3.749999999999999861e-03 5.691729942390678916e+05
1.295906969605789853e-03 5.000000000000000104e-03 6.766887113980735885e+05
1.295906969605789853e-03 6.250000000000000347e-03 7.622296710983983940e+05
1.295906969605789853e-03 7.499999999999999722e-03 8.304441462554659229e+05
1.295906969605789853e-03 8.750000000000000833e-03 8.844077778971492080e+05
1.295906969605789853e-03 1.000000000000000021e-02 9.262456069536267314e+05
1.295906969605789853e-03 1.124999999999999958e-02 9.574516449586898088e+05
1.295906969605789853e-03 1.250000000000000069e-02 9.790653044605907053e+05
1.295906969605789853e-03 1.375000000000000007e-02 9.917729803126315819e+05
1.295906969605789853e-03 1.499999999999999944e-02 9.959663963222658494e+05
1.295906969605789853e-03 1.625000000000000056e-02 9.917729803126319312e+05
1.295906969605789853e-03 1.750000000000000167e-02 9.790653044605911709e+05
1.295906969605789853e-03 1.874999999999999931e-02 9.574516449586898088e+05
1.295906969605789853e-03 2.000000000000000042e-02 9.262456069536270807e+05
1.295906969605789853e-03 2.125000000000000153e-02 8.844077778971499065e+05
1.295906969605789853e-03 2.249999999999999917e-02 8.304441462554666214e+05
1.295906969605789853e-03 2.375000000000000028e-02 7.622296710983990924e+05
1.295906969605789853e-03 2.500000000000000139e-02 6.766887113980740542e+05
1.295906969605789853e-03 2.624999999999999903e-02 5.691729942390681244e+05
1.295906969605789853e-03 2.750000000000000014e-02 4.321286839753784006e+05
1.295906969605789853e-03 2.875000000000000125e-02 2.518940752134001523e+05
1.295906969605789853e-03 2.999999999999999889e-02 0.000000000000000000e+00
2.591813939211579706e-03 0.000000000000000000e+00 0.000000000000000000e+00
2.591813939211579706e-03 1.250000000000000026e-03 4.634394676574100740e+05
2.591813939211579706e-03 2.500000000000000052e-03 8.200775835377024487e+05
2.591813939211579706e-03 3.749999999999999861e-03 1.100532190805270337e+06
2.591813939211579706e-03 5.000000000000000104e-03 1.324234816427926067e+06
2.591813939211579706e-03 6.250000000000000347e-03 1.503797923783265986e+06
2.591813939211579706e-03 7.499999999999999722e-03 1.647723546906344360e+06
2.591813939211579706e-03 8.750000000000000833e-03 1.761939307152106659e+06
2.591813939211579706e-03 1.000000000000000021e-02 1.850668815968837123e+06
2.591813939211579706e-03 1.124999999999999958e-02 1.916937546642765868e+06
2.591813939211579706e-03 1.250000000000000069e-02 1.962874972856180044e+06
2.591813939211579706e-03 1.375000000000000007e-02 1.989897480520037934e+06
2.591813939211579706e-03 1.499999999999999944e-02 1.998816794323247857e+06
2.591813939211579706e-03 1.625000000000000056e-02 1.989897480520038400e+06
2.591813939211579706e-03 1.750000000000000167e-02 1.962874972856181441e+06
2.591813939211579706e-03 1.874999999999999931e-02 1.916937546642766101e+06
2.591813939211579706e-03 2.000000000000000042e-02 1.850668815968838055e+06
2.591813939211579706e-03 2.125000000000000153e-02 1.761939307152107824e+06
2.591813939211579706e-03 2.249999999999999917e-02 1.647723546906345990e+06
2.591813939211579706e-03 2.375000000000000028e-02 1.503797923783267383e+06
2.591813939211579706e-03 2.500000000000000139e-02 1.324234816427926999e+06
2.591813939211579706e-03 2.624999999999999903e-02 1.100532190805270802e+06
2.591813939211579706e-03 2.750000000000000014e-02 8.200775835377026815e+05
2.591813939211579706e-03 2.875000000000000125e-02 4.634394676574101904e+05
2.591813939211579706e-03 2.999999999999999889e-02 0.000000000000000000e+00
3.887720908817369342e-03 0.000000000000000000e+00 0.000000000000000000e+00
3.887720908817369342e-03 1.250000000000000026e-03 6.567754035081188194e+05
3.887720908817369342e-03 2.500000000000000052e-03 1.183589034043686697e+06
3.887720908817369342e-03 3.749999999999999861e-03 1.608748370053975843e+06
3.887720908817369342e-03 5.000000000000000104e-03 1.953331780893549789e+06
3.887720908817369342e-03 6.250000000000000347e-03 2.232700110532828607e+06
3.887720908817369342e-03 7.499999999999999722e-03 2.458063374225662090e+06
3.887720908817369342e-03 8.750000000000000833e-03 2.637663361005451530e+06
3.887720908817369342e-03 1.000000000000000021e-02 2.777583243593806867e+06
3.887720908817369342e-03 1.124999999999999958e-02 2.882283587352951989e+06
3.887720908817369342e-03 1.250000000000000069e-02 2.954952762801841367e+06
3.887720908817369342e-03 1.375000000000000007e-02 2.997732655454760417e+06
3.887720908817369342e-03 1.499999999999999944e-02 3.011858089776341338e+06
3.887720908817369342e-03 1.625000000000000056e-02 2.997732655454760883e+06
3.887720908817369342e-03 1.750000000000000167e-02 2.954952762801843230e+06
3.887720908817369342e-03 1.874999999999999931e-02 2.882283587352952920e+06
3.887720908817369342e-03 2.000000000000000042e-02 2.777583243593808264e+06
3.887720908817369342e-03 2.125000000000000153e-02 2.637663361005453859e+06
3.887720908817369342e-03 2.249999999999999917e-02 2.458063374225664418e+06
3.887720908817369342e-03 2.375000000000000028e-02 2.232700110532831866e+06
3.887720908817369342e-03 2.500000000000000139e-02 1.953331780893551186e+06
3.887720908817369342e-03 2.624999999999999903e-02 1.608748370053976541e+06
3.887720908817369342e-03 2.750000000000000014e-02 1.183589034043687163e+06
3.887720908817369342e-03 2.875000000000000125e-02 6.567754035081189359e+05
3.887720908817369342e-03 2.999999999999999889e-02 0.000000000000000000e+00
5.183627878423159412e-03 0.000000000000000000e+00 0.000000000000000000e+00
5.183627878423159412e-03 1.250000000000000026e-03 8.422396621339212870e+05
5.183627878423159412e-03 2.500000000000000052e-03 1.535391392433172092e+06
5.183627878423159412e-03 3.749999999999999861e-03 2.105484339587933850e+06
5.183627878423159412e-03 5.000000000000000104e-03 2.573762245834957343e+06
5.183627878423159412e-03 6.250000000000000347e-03 2.956977543311960064e+06
5.183627878423159412e-03 7.499999999999999722e-03 3.268132743747080211e+06
5.183627878423159412e-03 8.750000000000000833e-03 3.517236034920262173e+06
5.183627878423159412e-03 1.000000000000000021e-02 3.711923676951248199e+06
5.183627878423159412e-03 1.124999999999999958e-02 3.857928617632942274e+06
5.183627878423159412e-03 1.250000000000000069e-02 3.959416398197437171e+06
5.183627878423159412e-03 1.375000000000000007e-02 4.019216171617042273e+06
5.183627878423159412e-03 1.499999999999999944e-02 4.038969965075546410e+06
5.183627878423159412e-03 1.625000000000000056e-02 4.019216171617042739e+06
5.183627878423159412e-03 1.750000000000000167e-02 3.959416398197439965e+06
5.183627878423159412e-03 1.874999999999999931e-02 3.857928617632942274e+06
5.183627878423159412e-03 2.000000000000000042e-02 3.711923676951249130e+06
5.183627878423159412e-03 2.125000000000000153e-02 3.517236034920264967e+06
5.183627878423159412e-03 2.249999999999999917e-02 3.268132743747083005e+06
5.183627878423159412e-03 2.375000000000000028e-02 2.956977543311962858e+06
5.183627878423159412e-03 2.500000000000000139e-02 2.573762245834959205e+06
5.183627878423159412e-03 2.624999999999999903e-02 2.105484339587934315e+06
5.183627878423159412e-03 2.750000000000000014e-02 1.535391392433172558e+06
5.183627878423159412e-03 2.875000000000000125e-02 8.422396621339215199e+05
5.183627878423159412e-03 2.999999999999999889e-02 0.000000000000000000e+00
6.479534848028949481e-03 0.000000000000000000e+00 0.000000000000000000e+00
6.479534848028949481e-03 1.250000000000000026e-03 1.025593516537454678e+06
6.479534848028949481e-03 2.500000000000000052e-03 1.884015817719206680e+06
6.479534848028949481e-03 3.749999999999999861e-03 2.599791884373510256e+06
6.479534848028949481e-03 5.000000000000000104e-03 3.194016030739188194e+06
6.479534848028949481e-03 6.250000000000000347e-03 3.684210847897112370e+06
6.479534848028949481e-03 7.499999999999999722e-03 4.084604106749458238e+06
6.479534848028949481e-03 8.750000000000000833e-03 4.406554353608846664e+06
6.479534848028949481e-03 1.000000000000000021e-02 4.658977100236633793e+06
6.479534848028949481e-03 1.124999999999999958e-02 4.848709494691716507e+06
6.479534848028949481e-03 1.250000000000000069e-02 4.980796614116530865e+06
6.479534848028949481e-03 1.375000000000000007e-02 5.058701671623828821e+06
6.479534848028949481e-03 1.499999999999999944e-02 5.084448157056547701e+06
6.479534848028949481e-03 1.625000000000000056e-02 5.058701671623829752e+06
6.479534848028949481e-03 1.750000000000000167e-02 4.980796614116532728e+06
6.479534848028949481e-03 1.874999999999999931e-02 4.848709494691717438e+06
6.479534848028949481e-03 2.000000000000000042e-02 4.658977100236634724e+06
6.479534848028949481e-03 2.125000000000000153e-02 4.406554353608847596e+06
6.479534848028949481e-03 2.249999999999999917e-02 4.084604106749461032e+06
6.479534848028949481e-03 2.375000000000000028e-02 3.684210847897114232e+06
6.479534848028949481e-03 2.500000000000000139e-02 3.194016030739190057e+06
6.479534848028949481e-03 2.624999999999999903e-02 2.599791884373510256e+06
6.479534848028949481e-03 2.750000000000000014e-02 1.884015817719206680e+06
6.479534848028949481e-03 2.875000000000000125e-02 1.025593516537454911e+06
6.479534848028949481e-03 2.999999999999999889e-02 0.000000000000000000e+00
7.775441817634738684e-03 0.000000000000000000e+00 0.000000000000000000e+00
7.775441817634738684e-03 1.250000000000000026e-03 1.210578701295336941e+06
7.775441817634738684e-03 2.500000000000000052e-03 2.235589696692437865e+06
7.775441817634738684e-03 3.749999999999999861e-03 3.098825258428743575e+06
7.775441817634738684e-03 5.000000000000000104e-03 3.821368482163082808e+06
7.775441817634738684e-03 6.250000000000000347e-03 4.421327576448276639e+06
7.775441817634738684e-03 7.499999999999999722e-03 4.913879492868500762e+06
7.775441817634738684e-03 8.750000000000000833e-03 5.311479126373915002e+06
7.775441817634738684e-03 1.000000000000000021e-02 5.624126427574024536e+06
7.775441817634738684e-03 1.124999999999999958e-02 5.859627981882506050e+06
7.775441817634738684e-03 1.250000000000000069e-02 6.023821972945116460e+06
7.775441817634738684e-03 1.375000000000000007e-02 6.120754386885473505e+06
7.775441817634738684e-03 1.499999999999999944e-02 6.152803635990374722e+06
7.775441817634738684e-03 1.625000000000000056e-02 6.120754386885475367e+06
7.775441817634738684e-03 1.750000000000000167e-02 6.023821972945119254e+06
7.775441817634738684e-03 1.874999999999999931e-02 5.859627981882508844e+06
7.775441817634738684e-03 2.000000000000000042e-02 5.624126427574028261e+06
7.775441817634738684e-03 2.125000000000000153e-02 5.311479126373917796e+06
7.775441817634738684e-03 2.249999999999999917e-02 4.913879492868501693e+06
7.775441817634738684e-03 2.375000000000000028e-02 4.421327576448278502e+06
7.775441817634738684e-03 2.500000000000000139e-02 3.821368482163084671e+06
7.775441817634738684e-03 2.624999999999999903e-02 3.098825258428743109e+06
7.775441817634738684e-03 2.750000000000000014e-02 2.235589696692437865e+06
7.775441817634738684e-03 2.875000000000000125e-02 1.210578701295337640e+06
7.775441817634738684e-03 2.999999999999999889e-02 0.000000000000000000e+00
9.071348787240529621e-03 0.000000000000000000e+00 0.000000000000000000e+00
9.071348787240529621e-03 1.250000000000000026e-03 1.399934995930828154e+06
9.071348787240529621e-03 2.500000000000000052e-03 2.594827317697230726e+06
9.071348787240529621e-03 3.749999999999999861e-03 3.608410036820159759e+06
9.071348787240529621e-03 5.000000000000000104e-03 4.462065308918446302e+06
9.071348787240529621e-03 6.250000000000000347e-03 5.174545570398013107e+06
9.071348787240529621e-03 7.499999999999999722e-03 5.761909141312889755e+06
9.071348787240529621e-03 8.750000000000000833e-03 6.237598987942961976e+06
9.071348787240529621e-03 1.000000000000000021e-02 6.612595492371174507e+06
9.071348787240529621e-03 1.124999999999999958e-02 6.895592134814745747e+06
9.071348787240529621e-03 1.250000000000000069e-02 7.093161894380150363e+06
9.071348787240529621e-03 1.375000000000000007e-02 7.209896386270498857e+06
9.071348787240529621e-03 1.499999999999999944e-02 7.248508757971532643e+06
9.071348787240529621e-03 1.625000000000000056e-02 7.209896386270503514e+06
9.071348787240529621e-03 1.750000000000000167e-02 7.093161894380155951e+06
9.071348787240529621e-03 1.874999999999999931e-02 6.895592134814752266e+06
9.071348787240529621e-03 2.000000000000000042e-02 6.612595492371178232e+06
9.071348787240529621e-03 2.125000000000000153e-02 6.237598987942965701e+06
9.071348787240529621e-03 2.249999999999999917e-02 5.761909141312892549e+06
9.071348787240529621e-03 2.375000000000000028e-02 5.174545570398016833e+06
9.071348787240529621e-03 2.500000000000000139e-02 4.462065308918450028e+06
9.071348787240529621e-03 2.624999999999999903e-02 3.608410036820161622e+06
9.071348787240529621e-03 2.750000000000000014e-02 2.594827317697231658e+06
9.071348787240529621e-03 2.875000000000000125e-02 1.399934995930828620e+06
9.071348787240529621e-03 2.999999999999999889e-02 0.000000000000000000e+00
1.036725575684631882e-02 0.000000000000000000e+00 0.000000000000000000e+00
1.036725575684631882e-02 1.250000000000000026e-03 1.595844138431171421e+06
1.036725575684631882e-02 2.500000000000000052e-03 2.965550100510597695e+06
1.036725575684631882e-02 3.749999999999999861e-03 4.133399412650923245e+06
1.036725575684631882e-02 5.000000000000000104e-03 5.121459912499731407e+06
1.036725575684631882e-02 6.250000000000000347e-03 5.949328990633185953e+06
1.036725575684631882e-02 7.499999999999999722e-03 6.634024231040135026e+06
1.036725575684631882e-02 8.750000000000000833e-03 7.189987990875370800e+06
1.036725575684631882e-02 1.000000000000000021e-02 7.629163911039854400e+06
1.036725575684631882e-02 1.124999999999999958e-02 7.961108014978358522e+06
1.036725575684631882e-02 1.250000000000000069e-02 8.193106400433121249e+06
1.036725575684631882e-02 1.375000000000000007e-02 8.330280712176997215e+06
1.036725575684631882e-02 1.499999999999999944e-02 8.375669767684690654e+06
1.036725575684631882e-02 1.625000000000000056e-02 8.330280712177003734e+06
1.036725575684631882e-02 1.750000000000000167e-02 8.193106400433124974e+06
1.036725575684631882e-02 1.874999999999999931e-02 7.961108014978364110e+06
1.036725575684631882e-02 2.000000000000000042e-02 7.629163911039859056e+06
1.036725575684631882e-02 2.125000000000000153e-02 7.189987990875378251e+06
1.036725575684631882e-02 2.249999999999999917e-02 6.634024231040140614e+06
1.036725575684631882e-02 2.375000000000000028e-02 5.949328990633189678e+06
1.036725575684631882e-02 2.500000000000000139e-02 5.121459912499735132e+06
1.036725575684631882e-02 2.624999999999999903e-02 4.133399412650926039e+06
1.036725575684631882e-02 2.750000000000000014e-02 2.965550100510599092e+06
1.036725575684631882e-02 2.875000000000000125e-02 1.595844138431171887e+06
1.036725575684631882e-02 2.999999999999999889e-02 0.000000000000000000e+00
1.166316272645210803e-02 0.000000000000000000e+00 0.000000000000000000e+00
1.166316272645210803e-02 1.250000000000000026e-03 1.800126761242904235e+06
1.166316272645210803e-02 2.500000000000000052e-03 3.350933308052042965e+06
1.166316272645210803e-02 3.749999999999999861e-03 4.677840145332811400e+06
1.166316272645210803e-02 5.000000000000000104e-03 5.804041651156390086e+06
1.166316272645210803e-02 6.250000000000000347e-03 6.750278632190499455e+06
1.166316272645210803e-02 7.499999999999999722e-03 7.534714562550888397e+06
1.166316272645210803e-02 8.750000000000000833e-03 8.172900799764655530e+06
1.166316272645210803e-02 1.000000000000000021e-02 8.677805722932970151e+06
1.166316272645210803e-02 1.124999999999999958e-02 9.059881419792143628e+06
1.166316272645210803e-02 1.250000000000000069e-02 9.327145161105055362e+06
1.166316272645210803e-02 1.375000000000000007e-02 9.485258218239529058e+06
1.166316272645210803e-02 1.499999999999999944e-02 9.537589791650461033e+06
1.166316272645210803e-02 1.625000000000000056e-02 9.485258218239532784e+06
1.166316272645210803e-02 1.750000000000000167e-02 9.327145161105064675e+06
1.166316272645210803e-02 1.874999999999999931e-02 9.059881419792152941e+06
1.166316272645210803e-02 2.000000000000000042e-02 8.677805722932975739e+06
1.166316272645210803e-02 2.125000000000000153e-02 8.172900799764662981e+06
1.166316272645210803e-02 2.249999999999999917e-02 7.534714562550897710e+06
1.166316272645210803e-02 2.375000000000000028e-02 6.750278632190505043e+06
1.166316272645210803e-02 2.500000000000000139e-02 5.804041651156397536e+06
1.166316272645210803e-02 2.624999999999999903e-02 4.677840145332815126e+06
1.166316272645210803e-02 2.750000000000000014e-02 3.350933308052044827e+06
1.166316272645210803e-02 2.875000000000000125e-02 1.800126761242905166e+06
1.166316272645210803e-02 2.999999999999999889e-02 0.000000000000000000e+00
1.295906969605789896e-02 0.000000000000000000e+00 0.000000000000000000e+00
1.295906969605789896e-02 1.250000000000000026e-03 2.014310309031945188e+06
1.295906969605789896e-02 2.500000000000000052e-03 3.753573361879150849e+06
1.295906969605789896e-02 3.749999999999999861e-03 5.244968785513382405e+06
1.295906969605789896e-02 5.000000000000000104e-03 6.513320584388213232e+06
1.295906969605789896e-02 6.250000000000000347e-03 7.580896583475430496e+06
1.295906969605789896e-02 7.499999999999999722e-03 8.467284725947920233e+06
1.295906969605789896e-02 8.750000000000000833e-03 9.189340490454073995e+06
1.295906969605789896e-02 1.000000000000000021e-02 9.761190127062689513e+06
1.295906969605789896e-02 1.124999999999999958e-02 1.019427073209083825e+07
1.295906969605789896e-02 1.250000000000000069e-02 1.049738869475441799e+07
1.295906969605789896e-02 1.375000000000000007e-02 1.067678084782854468e+07
1.295906969605789896e-02 1.499999999999999944e-02 1.073616632329186797e+07
1.295906969605789896e-02 1.625000000000000056e-02 1.067678084782855585e+07
1.295906969605789896e-02 1.750000000000000167e-02 1.049738869475443102e+07
1.295906969605789896e-02 1.874999999999999931e-02 1.019427073209084570e+07
1.295906969605789896e-02 2.000000000000000042e-02 9.761190127062700689e+06
1.295906969605789896e-02 2.125000000000000153e-02 9.189340490454085171e+06
1.295906969605789896e-02 2.249999999999999917e-02 8.467284725947925821e+06
1.295906969605789896e-02 2.375000000000000028e-02 7.580896583475435153e+06
1.295906969605789896e-02 2.500000000000000139e-02 6.513320584388218820e+06
1.295906969605789896e-02 2.624999999999999903e-02 5.244968785513385199e+06
1.295906969605789896e-02 2.750000000000000014e-02 3.753573361879152246e+06
1.295906969605789896e-02 2.875000000000000125e-02 2.014310309031946119e+06
1.295906969605789896e-02 2.999999999999999889e-02 0.000000000000000000e+00
1.425497666566368817e-02 0.000000000000000000e+00 0.000000000000000000e+00
1.425497666566368817e-02 1.250000000000000026e-03 2.239607985067292117e+06
1.425497666566368817e-02 2.500000000000000052e-03 4.175407699206251651e+06
1.425497666566368817e-02 3.749999999999999861e-03 5.837033851482411847e+06
1.425497666566368817e-02 5.000000000000000104e-03 7.251528324382102117e+06
1.425497666566368817e-02 6.250000000000000347e-03 8.443160739202642813e+06
1.425497666566368817e-02 7.499999999999999722e-03 9.433311650350835174e+06
1.425497666566368817e-02 8.750000000000000833e-03 1.024041655520297959e+07
1.425497666566368817e-02 1.000000000000000021e-02 1.087996025894743577e+07
1.425497666566368817e-02 1.124999999999999958e-02 1.136450660580307990e+07
1.425497666566368817e-02 1.250000000000000069e-02 1.170374760414307192e+07
1.425497666566368817e-02 1.375000000000000007e-02 1.190455740026454628e+07
1.425497666566368817e-02 1.499999999999999944e-02 1.197103930758280680e+07
1.425497666566368817e-02 1.625000000000000056e-02 1.190455740026455745e+07
1.425497666566368817e-02 1.750000000000000167e-02 1.170374760414308496e+07
1.425497666566368817e-02 1.874999999999999931e-02 1.136450660580309294e+07
1.425497666566368817e-02 2.000000000000000042e-02 1.087996025894745253e+07
1.425497666566368817e-02 2.125000000000000153e-02 1.024041655520299263e+07
1.425497666566368817e-02 2.249999999999999917e-02 9.433311650350842625e+06
1.425497666566368817e-02 2.375000000000000028e-02 8.443160739202648401e+06
1.425497666566368817e-02 2.500000000000000139e-02 7.251528324382107705e+06
1.425497666566368817e-02 2.624999999999999903e-02 5.837033851482414640e+06
1.425497666566368817e-02 2.750000000000000014e-02 4.175407699206255842e+06
1.425497666566368817e-02 2.875000000000000125e-02 2.239607985067293048e+06
1.425497666566368817e-02 2.999999999999999889e-02 0.000000000000000000e+00
1.555088363526947737e-02 0.000000000000000000e+00 0.000000000000000000e+00
1.555088363526947737e-02 1.250000000000000026e-03 2.476812476619510446e+06
1.555088363526947737e-02 2.500000000000000052e-03 4.617477046744231135e+06
1.555088363526947737e-02 3.749999999999999861e-03 6.454906727984515019e+06
1.555088363526947737e-02 5.000000000000000104e-03 8.019068988753413782e+06
1.555088363526947737e-02 6.250000000000000347e-03 9.336820083008959889e+06
1.555088363526947737e-02 7.499999999999999722e-03 1.043179884119751304e+07
1.555088363526947737e-02 8.750000000000000833e-03 1.132437900828819908e+07
1.555088363526947737e-02 1.000000000000000021e-02 1.203167066568477452e+07
1.555088363526947737e-02 1.124999999999999958e-02 1.256755639450586215e+07
1.555088363526947737e-02 1.250000000000000069e-02 1.294274637763725780e+07
1.555088363526947737e-02 1.375000000000000007e-02 1.316483768526870757e+07
1.555088363526947737e-02 1.499999999999999944e-02 1.323836554515245929e+07
1.555088363526947737e-02 1.625000000000000056e-02 1.316483768526871689e+07
1.555088363526947737e-02 1.750000000000000167e-02 1.294274637763727084e+07
1.555088363526947737e-02 1.874999999999999931e-02 1.256755639450587891e+07
1.555088363526947737e-02 2.000000000000000042e-02 1.203167066568478569e+07
1.555088363526947737e-02 2.125000000000000153e-02 1.132437900828820653e+07
1.555088363526947737e-02 2.249999999999999917e-02 1.043179884119751863e+07
1.555088363526947737e-02 2.375000000000000028e-02 9.336820083008967340e+06
1.555088363526947737e-02 2.500000000000000139e-02 8.019068988753421232e+06
1.555088363526947737e-02 2.624999999999999903e-02 6.454906727984519675e+06
1.555088363526947737e-02 2.750000000000000014e-02 4.617477046744234860e+06
1.555088363526947737e-02 2.875000000000000125e-02 2.476812476619511843e+06
1.555088363526947737e-02 2.999999999999999889e-02 0.000000000000000000e+00
1.684679060487526830e-02 0.000000000000000000e+00 0.000000000000000000e+00
1.684679060487526830e-02 1.250000000000000026e-03 2.726083322407681961e+06
1.684679060487526830e-02 2.500000000000000052e-03 5.079481585498096421e+06
1.684679060487526830e-02 3.749999999999999861e-03 7.097401154409845360e+06
1.684679060487526830e-02 5.000000000000000104e-03 8.813609609284663573e+06
1.684679060487526830e-02 6.250000000000000347e-03 1.025827476853661239e+07
1.684679060487526830e-02 7.499999999999999722e-03 1.145787261457449757e+07
1.684679060487526830e-02 8.750000000000000833e-03 1.243516123005102389e+07
1.684679060487526830e-02 1.000000000000000021e-02 1.320920810327967070e+07
1.684679060487526830e-02 1.124999999999999958e-02 1.379545315619670972e+07
1.684679060487526830e-02 1.250000000000000069e-02 1.420578889513511769e+07
1.684679060487526830e-02 1.375000000000000007e-02 1.444864086108850688e+07
1.684679060487526830e-02 1.499999999999999944e-02 1.452903480632257648e+07
1.684679060487526830e-02 1.625000000000000056e-02 1.444864086108851805e+07
1.684679060487526830e-02 1.750000000000000167e-02 1.420578889513513446e+07
1.684679060487526830e-02 1.874999999999999931e-02 1.379545315619672276e+07
1.684679060487526830e-02 2.000000000000000042e-02 1.320920810327967815e+07
1.684679060487526830e-02 2.125000000000000153e-02 1.243516123005102947e+07
1.684679060487526830e-02 2.249999999999999917e-02 1.145787261457449943e+07
1.684679060487526830e-02 2.375000000000000028e-02 1.025827476853661612e+07
1.684679060487526830e-02 2.500000000000000139e-02 8.813609609284667298e+06
1.684679060487526830e-02 2.624999999999999903e-02 7.097401154409851879e+06
1.684679060487526830e-02 2.750000000000000014e-02 5.079481585498101078e+06
1.684679060487526830e-02 2.875000000000000125e-02 2.726083322407683823e+06
1.684679060487526830e-02 2.999999999999999889e-02 0.000000000000000000e+00
1.814269757448105924e-02 0.000000000000000000e+00 0.000000000000000000e+00
1.814269757448105924e-02 1.250000000000000026e-03 2.986579810168995056e+06
1.814269757448105924e-02 2.500000000000000052e-03 5.559034258290085942e+06
1.814269757448105924e-02 3.749999999999999861e-03 7.760158620297601447e+06
1.814269757448105924e-02 5.000000000000000104e-03 9.628627494431937113e+06
1.814269757448105924e-02 6.250000000000000347e-03 1.119882682677296549e+07
1.814269757448105924e-02 7.499999999999999722e-03 1.250078284975876659e+07
1.814269757448105924e-02 8.750000000000000833e-03 1.356017802561743371e+07
1.814269757448105924e-02 1.000000000000000021e-02 1.439843169991560280e+07
1.814269757448105924e-02 1.124999999999999958e-02 1.503281884206562489e+07
1.814269757448105924e-02 1.250000000000000069e-02 1.547660151766877994e+07
1.814269757448105924e-02 1.375000000000000007e-02 1.573915193011478893e+07
1.814269757448105924e-02 1.499999999999999944e-02 1.582605104730949178e+07
1.814269757448105924e-02 1.625000000000000056e-02 1.573915193011479452e+07
1.814269757448105924e-02 1.750000000000000167e-02 1.547660151766878366e+07
1.814269757448105924e-02 1.874999999999999931e-02 1.503281884206563048e+07
1.814269757448105924e-02 2.000000000000000042e-02 1.439843169991560653e+07
1.814269757448105924e-02 2.125000000000000153e-02 1.356017802561743744e+07
1.814269757448105924e-02 2.249999999999999917e-02 1.250078284975877032e+07
1.814269757448105924e-02 2.375000000000000028e-02 1.119882682677297108e+07
1.814269757448105924e-02 2.500000000000000139e-02 9.628627494431944564e+06
1.814269757448105924e-02 2.624999999999999903e-02 7.760158620297611691e+06
1.814269757448105924e-02 2.750000000000000014e-02 5.559034258290091529e+06
1.814269757448105924e-02 2.875000000000000125e-02 2.986579810168997385e+06
1.814269757448105924e-02 2.999999999999999889e-02 0.000000000000000000e+00
1.943860454408684671e-02 0.000000000000000000e+00 0.000000000000000000e+00
1.943860454408684671e-02 1.250000000000000026e-03 3.255851653299286962e+06
1.943860454408684671e-02 2.500000000000000052e-03 6.050440621370354667e+06
1.943860454408684671e-02 3.749999999999999861e-03 8.433857453436791897e+06
1.943860454408684671e-02 5.000000000000000104e-03 1.045111516091355868e+07
1.943860454408684671e-02 6.250000000000000347e-03 1.214195958019767702e+07
1.943860454408684671e-02 7.499999999999999722e-03 1.354083656561279483e+07
1.943860454408684671e-02 8.750000000000000833e-03 1.467698741614561714e+07
1.943860454408684671e-02 1.000000000000000021e-02 1.557462842631932162e+07
1.943860454408684671e-02 1.124999999999999958e-02 1.625316994681430236e+07
1.943860454408684671e-02 1.250000000000000069e-02 1.672743761675245501e+07
1.943860454408684671e-02 1.375000000000000007e-02 1.700786798738663644e+07
1.943860454408684671e-02 1.499999999999999944e-02 1.710065963260623813e+07
1.943860454408684671e-02 1.625000000000000056e-02 1.700786798738664389e+07
1.943860454408684671e-02 1.750000000000000167e-02 1.672743761675245315e+07
1.943860454408684671e-02 1.874999999999999931e-02 1.625316994681430049e+07
1.943860454408684671e-02 2.000000000000000042e-02 1.557462842631931975e+07
1.943860454408684671e-02 2.125000000000000153e-02 1.467698741614561528e+07
1.943860454408684671e-02 2.249999999999999917e-02 1.354083656561280228e+07
1.943860454408684671e-02 2.375000000000000028e-02 1.214195958019768633e+07
1.943860454408684671e-02 2.500000000000000139e-02 1.045111516091356426e+07
1.943860454408684671e-02 2.624999999999999903e-02 8.433857453436799347e+06
1.943860454408684671e-02 2.750000000000000014e-02 6.050440621370360255e+06
1.943860454408684671e-02 2.875000000000000125e-02 3.255851653299288824e+06
1.943860454408684671e-02 2.999999999999999889e-02 0.000000000000000000e+00
2.073451151369263765e-02 0.000000000000000000e+00 0.000000000000000000e+00
2.073451151369263765e-02 1.250000000000000026e-03 3.528832608146980405e+06
2.073451151369263765e-02 2.500000000000000052e-03 6.542709917206171900e+06
2.073451151369263765e-02 3.749999999999999861e-03 9.101336218593807891e+06
2.073451151369263765e-02 5.000000000000000104e-03 1.125794899659454264e+07
2.073451151369263765e-02 6.250000000000000347e-03 1.305909386822094209e+07
2.073451151369263765e-02 7.499999999999999722e-03 1.454467477225413918e+07
2.073451151369263765e-02 8.750000000000000833e-03 1.574820324139989354e+07
2.073451151369263765e-02 1.000000000000000021e-02 1.669715689695813693e+07
2.073451151369263765e-02 1.124999999999999958e-02 1.741337040571139753e+07
2.073451151369263765e-02 1.250000000000000069e-02 1.791340367555546016e+07
2.073451151369263765e-02 1.375000000000000007e-02 1.820885199230778217e+07
2.073451151369263765e-02 1.499999999999999944e-02 1.830657761199606955e+07
2.073451151369263765e-02 1.625000000000000056e-02 1.820885199230778590e+07
2.073451151369263765e-02 1.750000000000000167e-02 1.791340367555546016e+07
2.073451151369263765e-02 1.874999999999999931e-02 1.741337040571139380e+07
2.073451151369263765e-02 2.000000000000000042e-02 1.669715689695813507e+07
2.073451151369263765e-02 2.125000000000000153e-02 1.574820324139990471e+07
2.073451151369263765e-02 2.249999999999999917e-02 1.454467477225415781e+07
2.073451151369263765e-02 2.375000000000000028e-02 1.305909386822095886e+07
2.073451151369263765e-02 2.500000000000000139e-02 1.125794899659454823e+07
2.073451151369263765e-02 2.624999999999999903e-02 9.101336218593813479e+06
2.073451151369263765e-02 2.750000000000000014e-02 6.542709917206176557e+06
2.073451151369263765e-02 2.875000000000000125e-02 3.528832608146982733e+06
2.073451151369263765e-02 2.999999999999999889e-02 0.000000000000000000e+00
2.203041848329842858e-02 0.000000000000000000e+00 0.000000000000000000e+00
2.203041848329842858e-02 1.250000000000000026e-03 3.796160139499532990e+06
2.203041848329842858e-02 2.500000000000000052e-03 7.016279462338130921e+06
2.203041848329842858e-02 3.749999999999999861e-03 9.732930880755133927e+06
2.203041848329842858e-02 5.000000000000000104e-03 1.201009731974085793e+07
2.203041848329842858e-02 6.250000000000000347e-03 1.390291983835744672e+07
2.203041848329842858e-02 7.499999999999999722e-03 1.545794652191542462e+07
2.203041848329842858e-02 8.750000000000000833e-03 1.671368738371788524e+07
2.203041848329842858e-02 1.000000000000000021e-02 1.770129443906728178e+07
2.203041848329842858e-02 1.124999999999999958e-02 1.844523896082069352e+07
2.203041848329842858e-02 1.250000000000000069e-02 1.896390989107178152e+07
2.203041848329842858e-02 1.375000000000000007e-02 1.927009478828043863e+07
2.203041848329842858e-02 1.499999999999999944e-02 1.937132709311300144e+07
2.203041848329842858e-02 1.625000000000000056e-02 1.927009478828044236e+07
2.203041848329842858e-02 1.750000000000000167e-02 1.896390989107178152e+07
2.203041848329842858e-02 1.874999999999999931e-02 1.844523896082069725e+07
2.203041848329842858e-02 2.000000000000000042e-02 1.770129443906728923e+07
2.203041848329842858e-02 2.125000000000000153e-02 1.671368738371789828e+07
2.203041848329842858e-02 2.249999999999999917e-02 1.545794652191544324e+07
2.203041848329842858e-02 2.375000000000000028e-02 1.390291983835746162e+07
2.203041848329842858e-02 2.500000000000000139e-02 1.201009731974086538e+07
2.203041848329842858e-02 2.624999999999999903e-02 9.732930880755137652e+06
2.203041848329842858e-02 2.750000000000000014e-02 7.016279462338133715e+06
2.203041848329842858e-02 2.875000000000000125e-02 3.796160139499534853e+06
2.203041848329842858e-02 2.999999999999999889e-02 0.000000000000000000e+00
2.332632545290421605e-02 0.000000000000000000e+00 0.000000000000000000e+00
2.332632545290421605e-02 1.250000000000000026e-03 4.041309364648518153e+06
2.332632545290421605e-02 2.500000000000000052e-03 7.437519654561325908e+06
2.332632545290421605e-02 3.749999999999999861e-03 1.027880284891040251e+07
2.332632545290421605e-02 5.000000000000000104e-03 1.264327119661281817e+07
2.332632545290421605e-02 6.250000000000000347e-03 1.459681470818239078e+07
2.332632545290421605e-02 7.499999999999999722e-03 1.619384487865706906e+07
2.332632545290421605e-02 8.750000000000000833e-03 1.747846483342136070e+07
2.332632545290421605e-02 1.000000000000000021e-02 1.848572023439054564e+07
2.332632545290421605e-02 1.124999999999999958e-02 1.924273815034027025e+07
2.332632545290421605e-02 1.250000000000000069e-02 1.976966900074279308e+07
2.332632545290421605e-02 1.375000000000000007e-02 2.008040710788036883e+07
2.332632545290421605e-02 1.499999999999999944e-02 2.018309278251298517e+07
2.332632545290421605e-02 1.625000000000000056e-02 2.008040710788037255e+07
2.332632545290421605e-02 1.750000000000000167e-02 1.976966900074279681e+07
2.332632545290421605e-02 1.874999999999999931e-02 1.924273815034027770e+07
2.332632545290421605e-02 2.000000000000000042e-02 1.848572023439055309e+07
2.332632545290421605e-02 2.125000000000000153e-02 1.747846483342137188e+07
2.332632545290421605e-02 2.249999999999999917e-02 1.619384487865708210e+07
2.332632545290421605e-02 2.375000000000000028e-02 1.459681470818240568e+07
2.332632545290421605e-02 2.500000000000000139e-02 1.264327119661282748e+07
2.332632545290421605e-02 2.624999999999999903e-02 1.027880284891040996e+07
2.332632545290421605e-02 2.750000000000000014e-02 7.437519654561327770e+06
2.332632545290421605e-02 2.875000000000000125e-02 4.041309364648519550e+06
2.332632545290421605e-02 2.999999999999999889e-02 0.000000000000000000e+00
2.462223242251000699e-02 0.000000000000000000e+00 0.000000000000000000e+00
2.462223242251000699e-02 1.250000000000000026e-03 4.235549298696626909e+06
2.462223242251000699e-02 2.500000000000000052e-03 7.749279924824561924e+06
2.462223242251000699e-02 3.749999999999999861e-03 1.065607268373940140e+07
2.462223242251000699e-02 5.000000000000000104e-03 1.305261509551169351e+07
2.462223242251000699e-02 6.250000000000000347e-03 1.501785612774792127e+07
2.462223242251000699e-02 7.499999999999999722e-03 1.661498658379898407e+07
2.462223242251000699e-02 8.750000000000000833e-03 1.789383666586801410e+07
2.462223242251000699e-02 1.000000000000000021e-02 1.889310756123090535e+07
2.462223242251000699e-02 1.124999999999999958e-02 1.964221556259617209e+07
2.462223242251000699e-02 1.250000000000000069e-02 2.016271100097978860e+07
2.462223242251000699e-02 1.375000000000000007e-02 2.046930677385690808e+07
2.462223242251000699e-02 1.499999999999999944e-02 2.057056796252478659e+07
2.462223242251000699e-02 1.625000000000000056e-02 2.046930677385691181e+07
2.462223242251000699e-02 1.750000000000000167e-02 2.016271100097979233e+07
2.462223242251000699e-02 1.874999999999999931e-02 1.964221556259617954e+07
2.462223242251000699e-02 2.000000000000000042e-02 1.889310756123090908e+07
2.462223242251000699e-02 2.125000000000000153e-02 1.789383666586802155e+07
2.462223242251000699e-02 2.249999999999999917e-02 1.661498658379899897e+07
2.462223242251000699e-02 2.375000000000000028e-02 1.501785612774793245e+07
2.462223242251000699e-02 2.500000000000000139e-02 1.305261509551170282e+07
2.462223242251000699e-02 2.624999999999999903e-02 1.065607268373940513e+07
2.462223242251000699e-02 2.750000000000000014e-02 7.749279924824565649e+06
2.462223242251000699e-02 2.875000000000000125e-02 4.235549298696628772e+06
2.462223242251000699e-02 2.999999999999999889e-02 0.000000000000000000e+00
2.591813939211579793e-02 0.000000000000000000e+00 0.000000000000000000e+00
2.591813939211579793e-02 1.250000000000000026e-03 4.328671610118206590e+06
2.591813939211579793e-02 2.500000000000000052e-03 7.854091836454150267e+06
2.591813939211579793e-02 3.749999999999999861e-03 1.072675991191305220e+07
2.591813939211579793e-02 5.000000000000000104e-03 1.306724756799841486e+07
2.591813939211579793e-02 6.250000000000000347e-03 1.496922788488626108e+07
2.591813939211579793e-02 7.499999999999999722e-03 1.650446327838734351e+07
2.591813939211579793e-02 8.750000000000000833e-03 1.772754457623774931e+07
2.591813939211579793e-02 1.000000000000000021e-02 1.867968915584082529e+07
2.591813939211579793e-02 1.124999999999999958e-02 1.939156032547071576e+07
2.591813939211579793e-02 1.250000000000000069e-02 1.988527081155080348e+07
2.591813939211579793e-02 1.375000000000000007e-02 2.017575257132238522e+07
2.591813939211579793e-02 1.499999999999999944e-02 2.027163819177325070e+07
2.591813939211579793e-02 1.625000000000000056e-02 2.017575257132238895e+07
2.591813939211579793e-02 1.750000000000000167e-02 1.988527081155080348e+07
2.591813939211579793e-02 1.874999999999999931e-02 1.939156032547071949e+07
2.591813939211579793e-02 2.000000000000000042e-02 1.867968915584084019e+07
2.591813939211579793e-02 2.125000000000000153e-02 1.772754457623776793e+07
2.591813939211579793e-02 2.249999999999999917e-02 1.650446327838735469e+07
2.591813939211579793e-02 2.375000000000000028e-02 1.496922788488626666e+07
2.591813939211579793e-02 2.500000000000000139e-02 1.306724756799842231e+07
2.591813939211579793e-02 2.624999999999999903e-02 1.072675991191305593e+07
2.591813939211579793e-02 2.750000000000000014e-02 7.854091836454153061e+06
2.591813939211579793e-02 2.875000000000000125e-02 4.328671610118208453e+06
2.591813939211579793e-02 2.999999999999999889e-02 0.000000000000000000e+00
2.721404636172158539e-02 0.000000000000000000e+00 0.000000000000000000e+00
2.721404636172158539e-02 1.250000000000000026e-03 4.230879989390500821e+06
2.721404636172158539e-02 2.500000000000000052e-03 7.583132579823109321e+06
2.721404636172158539e-02 3.749999999999999861e-03 1.025905816252868436e+07
2.721404636172158539e-02 5.000000000000000104e-03 1.240728826113003679e+07
2.721404636172158539e-02 6.250000000000000347e-03 1.413488007936421782e+07
2.721404636172158539e-02 7.499999999999999722e-03 1.551908565409458429e+07
2.721404636172158539e-02 8.750000000000000833e-03 1.661608218753098883e+07
2.721404636172158539e-02 1.000000000000000021e-02 1.746690720804487169e+07
2.721404636172158539e-02 1.124999999999999958e-02 1.810137456504977122e+07
2.721404636172158539e-02 1.250000000000000069e-02 1.854062909700780362e+07
2.721404636172158539e-02 1.375000000000000007e-02 1.879878948641421646e+07
2.721404636172158539e-02 1.499999999999999944e-02 1.888396168441996723e+07
2.721404636172158539e-02 1.625000000000000056e-02 1.879878948641421646e+07
2.721404636172158539e-02 1.750000000000000167e-02 1.854062909700780734e+07
2.721404636172158539e-02 1.874999999999999931e-02 1.810137456504977494e+07
2.721404636172158539e-02 2.000000000000000042e-02 1.746690720804488286e+07
2.721404636172158539e-02 2.125000000000000153e-02 1.661608218753100000e+07
2.721404636172158539e-02 2.249999999999999917e-02 1.551908565409458801e+07
2.721404636172158539e-02 2.375000000000000028e-02 1.413488007936422341e+07
2.721404636172158539e-02 2.500000000000000139e-02 1.240728826113004237e+07
2.721404636172158539e-02 2.624999999999999903e-02 1.025905816252868623e+07
2.721404636172158539e-02 2.750000000000000014e-02 7.583132579823111184e+06
2.721404636172158539e-02 2.875000000000000125e-02 4.230879989390501752e+06
2.721404636172158539e-02 2.999999999999999889e-02 0.000000000000000000e+00
2.850995333132737633e-02 0.000000000000000000e+00 0.000000000000000000e+00
2.850995333132737633e-02 1.250000000000000026e-03 3.774242063522493932e+06
2.850995333132737633e-02 2.500000000000000052e-03 6.636233580142404884e+06
2.850995333132737633e-02 3.749999999999999861e-03 8.857868618374563754e+06
2.850995333132737633e-02 5.000000000000000104e-03 1.061046195072721690e+07
2.850995333132737633e-02 6.250000000000000347e-03 1.200430128795247525e+07
2.850995333132737633e-02 7.499999999999999722e-03 1.311302704230072722e+07
2.850995333132737633e-02 8.750000000000000833e-03 1.398745687011545151e+07
2.850995333132737633e-02 1.000000000000000021e-02 1.466343191614547931e+07
2.850995333132737633e-02 1.124999999999999958e-02 1.516638509907351807e+07
2.850995333132737633e-02 1.250000000000000069e-02 1.551407328717178106e+07
2.850995333132737633e-02 1.375000000000000007e-02 1.571823257319241203e+07
2.850995333132737633e-02 1.499999999999999944e-02 1.578555971084403992e+07
2.850995333132737633e-02 1.625000000000000056e-02 1.571823257319240645e+07
2.850995333132737633e-02 1.750000000000000167e-02 1.551407328717178106e+07
2.850995333132737633e-02 1.874999999999999931e-02 1.516638509907351620e+07
2.850995333132737633e-02 2.000000000000000042e-02 1.466343191614548489e+07
2.850995333132737633e-02 2.125000000000000153e-02 1.398745687011545897e+07
2.850995333132737633e-02 2.249999999999999917e-02 1.311302704230073467e+07
2.850995333132737633e-02 2.375000000000000028e-02 1.200430128795248084e+07
2.850995333132737633e-02 2.500000000000000139e-02 1.061046195072721876e+07
2.850995333132737633e-02 2.624999999999999903e-02 8.857868618374563754e+06
2.850995333132737633e-02 2.750000000000000014e-02 6.636233580142404884e+06
2.850995333132737633e-02 2.875000000000000125e-02 3.774242063522494398e+06
2.850995333132737633e-02 2.999999999999999889e-02 0.000000000000000000e+00
2.980586030093316727e-02 0.000000000000000000e+00 0.000000000000000000e+00
2.980586030093316727e-02 1.250000000000000026e-03 2.620207884562123101e+06
2.980586030093316727e-02 2.500000000000000052e-03 4.460625385381417349e+06
2.980586030093316727e-02 3.749999999999999861e-03 5.838579969739809632e+06
2.980586030093316727e-02 5.000000000000000104e-03 6.906095362735561095e+06
2.980586030093316727e-02 6.250000000000000347e-03 7.746777900238487870e+06
2.980586030093316727e-02 7.499999999999999722e-03 8.411649771080445498e+06
2.980586030093316727e-02 8.750000000000000833e-03 8.934138279936973006e+06
2.980586030093316727e-02 1.000000000000000021e-02 9.337103638796821237e+06
2.980586030093316727e-02 1.124999999999999958e-02 9.636463799745149910e+06
2.980586030093316727e-02 1.250000000000000069e-02 9.843201546827794984e+06
2.980586030093316727e-02 1.375000000000000007e-02 9.964522268660550937e+06
2.980586030093316727e-02 1.499999999999999944e-02 1.000451963107635826e+07
2.980586030093316727e-02 1.625000000000000056e-02 9.964522268660545349e+06
2.980586030093316727e-02 1.750000000000000167e-02 9.843201546827791259e+06
2.980586030093316727e-02 1.874999999999999931e-02 9.636463799745148048e+06
2.980586030093316727e-02 2.000000000000000042e-02 9.337103638796821237e+06
2.980586030093316727e-02 2.125000000000000153e-02 8.934138279936974868e+06
2.980586030093316727e-02 2.249999999999999917e-02 8.411649771080447361e+06
2.980586030093316727e-02 2.375000000000000028e-02 7.746777900238490663e+06
2.980586030093316727e-02 2.500000000000000139e-02 6.906095362735562958e+06
2.980586030093316727e-02 2.624999999999999903e-02 5.838579969739810564e+06
2.980586030093316727e-02 2.750000000000000014e-02 4.460625385381418280e+06
2.980586030093316727e-02 2.875000000000000125e-02 2.620207884562123101e+06
2.980586030093316727e-02 2.999999999999999889e-02 0.000000000000000000e+00
3.110176727053895473e-02 0.000000000000000000e+00 0.000000000000000000e+00
3.110176727053895473e-02 1.250000000000000026e-03 0.000000000000000000e+00
3.110176727053895473e-02 2.500000000000000052e-03 0.000000000000000000e+00
3.110176727053895473e-02 3.749999999999999861e-03 0.000000000000000000e+00
3.110176727053895473e-02 5.000000000000000104e-03 0.000000000000000000e+00
3.110176727053895473e-02 6.250000000000000347e-03 0.000000000000000000e+00
3.110176727053895473e-02 7.499999999999999722e-03 0.000000000000000000e+00
3.110176727053895473e-02 8.750000000000000833e-03 0.000000000000000000e+00
3.110176727053895473e-02 1.000000000000000021e-02 0.000000000000000000e+00
3.110176727053895473e-02 1.124999999999999958e-02 0.000000000000000000e+00
3.110176727053895473e-02 1.250000000000000069e-02 0.000000000000000000e+00
3.110176727053895473e-02 1.375000000000000007e-02 0.000000000000000000e+00
3.110176727053895473e-02 1.499999999999999944e-02 0.000000000000000000e+00
3.110176727053895473e-02 1.625000000000000056e-02 0.000000000000000000e+00
3.110176727053895473e-02 1.750000000000000167e-02 0.000000000000000000e+00
3.110176727053895473e-02 1.874999999999999931e-02 0.000000000000000000e+00
3.110176727053895473e-02 2.000000000000000042e-02 0.000000000000000000e+00
3.110176727053895473e-02 2.125000000000000153e-02 0.000000000000000000e+00
3.110176727053895473e-02 2.249999999999999917e-02 0.000000000000000000e+00
3.110176727053895473e-02 2.375000000000000028e-02 0.000000000000000000e+00
3.110176727053895473e-02 2.500000000000000139e-02 0.000000000000000000e+00
3.110176727053895473e-02 2.624999999999999903e-02 0.000000000000000000e+00
3.110176727053895473e-02 2.750000000000000014e-02 0.000000000000000000e+00
3.110176727053895473e-02 2.875000000000000125e-02 0.000000000000000000e+00
3.110176727053895473e-02 2.999999999999999889e-02 0.000000000000000000e+00
