0.000000000000000000e+00 0.000000000000000000e+00 -1.216960312882526922e-02
1.250000000000000026e-03 0.000000000000000000e+00 2.414117207576573826e+06
2.500000000000000052e-03 0.000000000000000000e+00 4.858367503889974207e+06
3.749999999999999861e-03 0.000000000000000000e+00 7.327528616874188185e+06
5.000000000000000104e-03 0.000000000000000000e+00 9.814968399489730597e+06
6.250000000000000347e-03 0.000000000000000000e+00 1.231232815162586048e+07
7.499999999999999722e-03 0.000000000000000000e+00 1.480913030727400631e+07
8.750000000000000833e-03 0.000000000000000000e+00 1.729229038303767145e+07
1.000000000000000021e-02 0.000000000000000000e+00 1.974550707636535168e+07
1.124999999999999958e-02 0.000000000000000000e+00 2.214849637504647300e+07
1.250000000000000069e-02 0.000000000000000000e+00 2.447602473222178966e+07
1.375000000000000007e-02 0.000000000000000000e+00 2.669668169128764421e+07
1.499999999999999944e-02 0.000000000000000000e+00 2.877131225893890485e+07
1.625000000000000056e-02 0.000000000000000000e+00 3.065100156772184372e+07
1.750000000000000167e-02 0.000000000000000000e+00 3.227446563336291537e+07
1.874999999999999931e-02 0.000000000000000000e+00 3.356464738270258158e+07
2.000000000000000042e-02 0.000000000000000000e+00 3.442423921191029996e+07
2.125000000000000153e-02 0.000000000000000000e+00 3.472974085390657932e+07
2.249999999999999917e-02 0.000000000000000000e+00 3.432349682886761427e+07
2.375000000000000028e-02 0.000000000000000000e+00 3.300291375831142068e+07
2.500000000000000139e-02 0.000000000000000000e+00 3.050569039138820767e+07
2.624999999999999903e-02 0.000000000000000000e+00 2.648933066657437757e+07
2.750000000000000014e-02 0.000000000000000000e+00 2.050233329969013482e+07
2.875000000000000125e-02 0.000000000000000000e+00 1.194305748488772660e+07
2.999999999999999889e-02 0.000000000000000000e+00 -4.833313046004924368e-03
0.000000000000000000e+00 1.295906969605789853e-03 -1.216960312882526922e-02
1.250000000000000026e-03 1.295906969605789853e-03 2.414117207576573826e+06
2.500000000000000052e-03 1.295906969605789853e-03 4.858367503889974207e+06
3.749999999999999861e-03 1.295906969605789853e-03 7.327528616874188185e+06
5.000000000000000104e-03 1.295906969605789853e-03 9.814968399489730597e+06
6.250000000000000347e-03 1.295906969605789853e-03 1.231232815162586048e+07
7.499999999999999722e-03 1.295906969605789853e-03 1.480913030727400631e+07
8.750000000000000833e-03 1.295906969605789853e-03 1.729229038303767145e+07
1.000000000000000021e-02 1.295906969605789853e-03 1.974550707636535168e+07
1.124999999999999958e-02 1.295906969605789853e-03 2.214849637504647300e+07
1.250000000000000069e-02 1.295906969605789853e-03 2.447602473222178966e+07
1.375000000000000007e-02 1.295906969605789853e-03 2.669668169128764421e+07
1.499999999999999944e-02 1.295906969605789853e-03 2.877131225893890485e+07
1.625000000000000056e-02 1.295906969605789853e-03 3.065100156772184372e+07
1.750000000000000167e-02 1.295906969605789853e-03 3.227446563336291537e+07
1.874999999999999931e-02 1.295906969605789853e-03 3.356464738270258158e+07
2.000000000000000042e-02 1.295906969605789853e-03 3.442423921191029996e+07
2.125000000000000153e-02 1.295906969605789853e-03 3.472974085390657932e+07
2.249999999999999917e-02 1.295906969605789853e-03 3.432349682886761427e+07
2.375000000000000028e-02 1.295906969605789853e-03 3.300291375831142068e+07
2.500000000000000139e-02 1.295906969605789853e-03 3.050569039138820767e+07
2.624999999999999903e-02 1.295906969605789853e-03 2.648933066657437757e+07
2.750000000000000014e-02 1.295906969605789853e-03 2.050233329969013482e+07
2.875000000000000125e-02 1.295906969605789853e-03 1.194305748488772660e+07
2.999999999999999889e-02 1.295906969605789853e-03 -4.833313046004924368e-03
0.000000000000000000e+00 2.591813939211579706e-03 -1.216960312882526922e-02
1.250000000000000026e-03 2.591813939211579706e-03 2.414117207576573826e+06
2.500000000000000052e-03 2.591813939211579706e-03 4.858367503889974207e+06
3.749999999999999861e-03 2.591813939211579706e-03 7.327528616874188185e+06
5.000000000000000104e-03 2.591813939211579706e-03 9.814968399489730597e+06
6.250000000000000347e-03 2.591813939211579706e-03 1.231232815162586048e+07
7.499999999999999722e-03 2.591813939211579706e-03 1.480913030727400631e+07
8.750000000000000833e-03 2.591813939211579706e-03 1.729229038303767145e+07
1.000000000000000021e-02 2.591813939211579706e-03 1.974550707636535168e+07
1.124999999999999958e-02 2.591813939211579706e-03 2.214849637504647300e+07
1.250000000000000069e-02 2.591813939211579706e-03 2.447602473222178966e+07
1.375000000000000007e-02 2.591813939211579706e-03 2.669668169128764421e+07
1.499999999999999944e-02 2.591813939211579706e-03 2.877131225893890485e+07
1.625000000000000056e-02 2.591813939211579706e-03 3.065100156772184372e+07
1.750000000000000167e-02 2.591813939211579706e-03 3.227446563336291537e+07
1.874999999999999931e-02 2.591813939211579706e-03 3.356464738270258158e+07
2.000000000000000042e-02 2.591813939211579706e-03 3.442423921191029996e+07
2.125000000000000153e-02 2.591813939211579706e-03 3.472974085390657932e+07
2.249999999999999917e-02 2.591813939211579706e-03 3.432349682886761427e+07
2.375000000000000028e-02 2.591813939211579706e-03 3.300291375831142068e+07
2.500000000000000139e-02 2.591813939211579706e-03 3.050569039138820767e+07
2.624999999999999903e-02 2.591813939211579706e-03 2.648933066657437757e+07
2.750000000000000014e-02 2.591813939211579706e-03 2.050233329969013482e+07
2.875000000000000125e-02 2.591813939211579706e-03 1.194305748488772660e+07
2.999999999999999889e-02 2.591813939211579706e-03 -4.833313046004924368e-03
0.000000000000000000e+00 3.887720908817369342e-03 -1.216960312882526922e-02
1.250000000000000026e-03 3.887720908817369342e-03 2.414117207576573826e+06
2.500000000000000052e-03 3.887720908817369342e-03 4.858367503889974207e+06
3.749999999999999861e-03 3.887720908817369342e-03 7.327528616874188185e+06
5.000000000000000104e-03 3.887720908817369342e-03 9.814968399489730597e+06
6.250000000000000347e-03 3.887720908817369342e-03 1.231232815162586048e+07
7.499999999999999722e-03 3.887720908817369342e-03 1.480913030727400631e+07
8.750000000000000833e-03 3.887720908817369342e-03 1.729229038303767145e+07
1.000000000000000021e-02 3.887720908817369342e-03 1.974550707636535168e+07
1.124999999999999958e-02 3.887720908817369342e-03 2.214849637504647300e+07
1.250000000000000069e-02 3.887720908817369342e-03 2.447602473222178966e+07
1.375000000000000007e-02 3.887720908817369342e-03 2.669668169128764421e+07
1.499999999999999944e-02 3.887720908817369342e-03 2.877131225893890485e+07
1.625000000000000056e-02 3.887720908817369342e-03 3.065100156772184372e+07
1.750000000000000167e-02 3.887720908817369342e-03 3.227446563336291537e+07
1.874999999999999931e-02 3.887720908817369342e-03 3.356464738270258158e+07
2.000000000000000042e-02 3.887720908817369342e-03 3.442423921191029996e+07
2.125000000000000153e-02 3.887720908817369342e-03 3.472974085390657932e+07
2.249999999999999917e-02 3.887720908817369342e-03 3.432349682886761427e+07
2.375000000000000028e-02 3.887720908817369342e-03 3.300291375831142068e+07
2.500000000000000139e-02 3.887720908817369342e-03 3.050569039138820767e+07
2.624999999999999903e-02 3.887720908817369342e-03 2.648933066657437757e+07
2.750000000000000014e-02 3.887720908817369342e-03 2.050233329969013482e+07
2.875000000000000125e-02 3.887720908817369342e-03 1.194305748488772660e+07
2.999999999999999889e-02 3.887720908817369342e-03 -4.833313046004924368e-03
0.000000000000000000e+00 5.183627878423159412e-03 -1.216960312882526922e-02
1.250000000000000026e-03 5.183627878423159412e-03 2.414117207576573826e+06
2.500000000000000052e-03 5.183627878423159412e-03 4.858367503889974207e+06
3.749999999999999861e-03 5.183627878423159412e-03 7.327528616874188185e+06
5.000000000000000104e-03 5.183627878423159412e-03 9.814968399489730597e+06
6.250000000000000347e-03 5.183627878423159412e-03 1.231232815162586048e+07
7.499999999999999722e-03 5.183627878423159412e-03 1.480913030727400631e+07
8.750000000000000833e-03 5.183627878423159412e-03 1.729229038303767145e+07
1.000000000000000021e-02 5.183627878423159412e-03 1.974550707636535168e+07
1.124999999999999958e-02 5.183627878423159412e-03 2.214849637504647300e+07
1.250000000000000069e-02 5.183627878423159412e-03 2.447602473222178966e+07
1.375000000000000007e-02 5.183627878423159412e-03 2.669668169128764421e+07
1.499999999999999944e-02 5.183627878423159412e-03 2.877131225893890485e+07
1.625000000000000056e-02 5.183627878423159412e-03 3.065100156772184372e+07
1.750000000000000167e-02 5.183627878423159412e-03 3.227446563336291537e+07
1.874999999999999931e-02 5.183627878423159412e-03 3.356464738270258158e+07
2.000000000000000042e-02 5.183627878423159412e-03 3.442423921191029996e+07
2.125000000000000153e-02 5.183627878423159412e-03 3.472974085390657932e+07
2.249999999999999917e-02 5.183627878423159412e-03 3.432349682886761427e+07
2.375000000000000028e-02 5.183627878423159412e-03 3.300291375831142068e+07
2.500000000000000139e-02 5.183627878423159412e-03 3.050569039138820767e+07
2.624999999999999903e-02 5.183627878423159412e-03 2.648933066657437757e+07
2.750000000000000014e-02 5.183627878423159412e-03 2.050233329969013482e+07
2.875000000000000125e-02 5.183627878423159412e-03 1.194305748488772660e+07
2.999999999999999889e-02 5.183627878423159412e-03 -4.833313046004924368e-03
0.000000000000000000e+00 6.479534848028949481e-03 -1.216960312882526922e-02
1.250000000000000026e-03 6.479534848028949481e-03 2.414117207576573826e+06
2.500000000000000052e-03 6.479534848028949481e-03 4.858367503889974207e+06
3.749999999999999861e-03 6.479534848028949481e-03 7.327528616874188185e+06
5.000000000000000104e-03 6.479534848028949481e-03 9.814968399489730597e+06
6.250000000000000347e-03 6.479534848028949481e-03 1.231232815162586048e+07
7.499999999999999722e-03 6.479534848028949481e-03 1.480913030727400631e+07
8.750000000000000833e-03 6.479534848028949481e-03 1.729229038303767145e+07
1.000000000000000021e-02 6.479534848028949481e-03 1.974550707636535168e+07
1.124999999999999958e-02 6.479534848028949481e-03 2.214849637504647300e+07
1.250000000000000069e-02 6.479534848028949481e-03 2.447602473222178966e+07
1.375000000000000007e-02 6.479534848028949481e-03 2.669668169128764421e+07
1.499999999999999944e-02 6.479534848028949481e-03 2.877131225893890485e+07
1.625000000000000056e-02 6.479534848028949481e-03 3.065100156772184372e+07
1.750000000000000167e-02 6.479534848028949481e-03 3.227446563336291537e+07
1.874999999999999931e-02 6.479534848028949481e-03 3.356464738270258158e+07
2.000000000000000042e-02 6.479534848028949481e-03 3.442423921191029996e+07
2.125000000000000153e-02 6.479534848028949481e-03 3.472974085390657932e+07
2.249999999999999917e-02 6.479534848028949481e-03 3.432349682886761427e+07
2.375000000000000028e-02 6.479534848028949481e-03 3.300291375831142068e+07
2.500000000000000139e-02 6.479534848028949481e-03 3.050569039138820767e+07
2.624999999999999903e-02 6.479534848028949481e-03 2.648933066657437757e+07
2.750000000000000014e-02 6.479534848028949481e-03 2.050233329969013482e+07
2.875000000000000125e-02 6.479534848028949481e-03 1.194305748488772660e+07
2.999999999999999889e-02 6.479534848028949481e-03 -4.833313046004924368e-03
0.000000000000000000e+00 7.775441817634738684e-03 -1.216960312882526922e-02
1.250000000000000026e-03 7.775441817634738684e-03 2.414117207576573826e+06
2.500000000000000052e-03 7.775441817634738684e-03 4.858367503889974207e+06
3.749999999999999861e-03 7.775441817634738684e-03 7.327528616874188185e+06
5.000000000000000104e-03 7.775441817634738684e-03 9.814968399489730597e+06
6.250000000000000347e-03 7.775441817634738684e-03 1.231232815162586048e+07
7.499999999999999722e-03 7.775441817634738684e-03 1.480913030727400631e+07
8.750000000000000833e-03 7.775441817634738684e-03 1.729229038303767145e+07
1.000000000000000021e-02 7.775441817634738684e-03 1.974550707636535168e+07
1.124999999999999958e-02 7.775441817634738684e-03 2.214849637504647300e+07
1.250000000000000069e-02 7.775441817634738684e-03 2.447602473222178966e+07
1.375000000000000007e-02 7.775441817634738684e-03 2.669668169128764421e+07
1.499999999999999944e-02 7.775441817634738684e-03 2.877131225893890485e+07
1.625000000000000056e-02 7.775441817634738684e-03 3.065100156772184372e+07
1.750000000000000167e-02 7.775441817634738684e-03 3.227446563336291537e+07
1.874999999999999931e-02 7.775441817634738684e-03 3.356464738270258158e+07
2.000000000000000042e-02 7.775441817634738684e-03 3.442423921191029996e+07
2.125000000000000153e-02 7.775441817634738684e-03 3.472974085390657932e+07
2.249999999999999917e-02 7.775441817634738684e-03 3.432349682886761427e+07
2.375000000000000028e-02 7.775441817634738684e-03 3.300291375831142068e+07
2.500000000000000139e-02 7.775441817634738684e-03 3.050569039138820767e+07
2.624999999999999903e-02 7.775441817634738684e-03 2.648933066657437757e+07
2.750000000000000014e-02 7.775441817634738684e-03 2.050233329969013482e+07
2.875000000000000125e-02 7.775441817634738684e-03 1.194305748488772660e+07
2.999999999999999889e-02 7.775441817634738684e-03 -4.833313046004924368e-03
0.000000000000000000e+00 9.071348787240529621e-03 -1.216960312882526922e-02
1.250000000000000026e-03 9.071348787240529621e-03 2.414117207576573826e+06
2.500000000000000052e-03 9.071348787240529621e-03 4.858367503889974207e+06
3.749999999999999861e-03 9.071348787240529621e-03 7.327528616874188185e+06
5.000000000000000104e-03 9.071348787240529621e-03 9.814968399489730597e+06
6.250000000000000347e-03 9.071348787240529621e-03 1.231232815162586048e+07
7.499999999999999722e-03 9.071348787240529621e-03 1.480913030727400631e+07
8.750000000000000833e-03 9.071348787240529621e-03 1.729229038303767145e+07
1.000000000000000021e-02 9.071348787240529621e-03 1.974550707636535168e+07
1.124999999999999958e-02 9.071348787240529621e-03 2.214849637504647300e+07
1.250000000000000069e-02 9.071348787240529621e-03 2.447602473222178966e+07
1.375000000000000007e-02 9.071348787240529621e-03 2.669668169128764421e+07
1.499999999999999944e-02 9.071348787240529621e-03 2.877131225893890485e+07
1.625000000000000056e-02 9.071348787240529621e-03 3.065100156772184372e+07
1.750000000000000167e-02 9.071348787240529621e-03 3.227446563336291537e+07
1.874999999999999931e-02 9.071348787240529621e-03 3.356464738270258158e+07
2.000000000000000042e-02 9.071348787240529621e-03 3.442423921191029996e+07
2.125000000000000153e-02 9.071348787240529621e-03 3.472974085390657932e+07
2.249999999999999917e-02 9.071348787240529621e-03 3.432349682886761427e+07
2.375000000000000028e-02 9.071348787240529621e-03 3.300291375831142068e+07
2.500000000000000139e-02 9.071348787240529621e-03 3.050569039138820767e+07
2.624999999999999903e-02 9.071348787240529621e-03 2.648933066657437757e+07
2.750000000000000014e-02 9.071348787240529621e-03 2.050233329969013482e+07
2.875000000000000125e-02 9.071348787240529621e-03 1.194305748488772660e+07
2.999999999999999889e-02 9.071348787240529621e-03 -4.833313046004924368e-03
0.000000000000000000e+00 1.036725575684631882e-02 -1.216960312882526922e-02
1.250000000000000026e-03 1.036725575684631882e-02 2.414117207576573826e+06
2.500000000000000052e-03 1.036725575684631882e-02 4.858367503889974207e+06
3.749999999999999861e-03 1.036725575684631882e-02 7.327528616874188185e+06
5.000000000000000104e-03 1.036725575684631882e-02 9.814968399489730597e+06
6.250000000000000347e-03 1.036725575684631882e-02 1.231232815162586048e+07
7.499999999999999722e-03 1.036725575684631882e-02 1.480913030727400631e+07
8.750000000000000833e-03 1.036725575684631882e-02 1.729229038303767145e+07
1.000000000000000021e-02 1.036725575684631882e-02 1.974550707636535168e+07
1.124999999999999958e-02 1.036725575684631882e-02 2.214849637504647300e+07
1.250000000000000069e-02 1.036725575684631882e-02 2.447602473222178966e+07
1.375000000000000007e-02 1.036725575684631882e-02 2.669668169128764421e+07
1.499999999999999944e-02 1.036725575684631882e-02 2.877131225893890485e+07
1.625000000000000056e-02 1.036725575684631882e-02 3.065100156772184372e+07
1.750000000000000167e-02 1.036725575684631882e-02 3.227446563336291537e+07
1.874999999999999931e-02 1.036725575684631882e-02 3.356464738270258158e+07
2.000000000000000042e-02 1.036725575684631882e-02 3.442423921191029996e+07
2.125000000000000153e-02 1.036725575684631882e-02 3.472974085390657932e+07
2.249999999999999917e-02 1.036725575684631882e-02 3.432349682886761427e+07
2.375000000000000028e-02 1.036725575684631882e-02 3.300291375831142068e+07
2.500000000000000139e-02 1.036725575684631882e-02 3.050569039138820767e+07
2.624999999999999903e-02 1.036725575684631882e-02 2.648933066657437757e+07
2.750000000000000014e-02 1.036725575684631882e-02 2.050233329969013482e+07
2.875000000000000125e-02 1.036725575684631882e-02 1.194305748488772660e+07
2.999999999999999889e-02 1.036725575684631882e-02 -4.833313046004924368e-03
0.000000000000000000e+00 1.166316272645210803e-02 -1.216960312882526922e-02
1.250000000000000026e-03 1.166316272645210803e-02 2.414117207576573826e+06
2.500000000000000052e-03 1.166316272645210803e-02 4.858367503889974207e+06
3.749999999999999861e-03 1.166316272645210803e-02 7.327528616874188185e+06
5.000000000000000104e-03 1.166316272645210803e-02 9.814968399489730597e+06
6.250000000000000347e-03 1.166316272645210803e-02 1.231232815162586048e+07
7.499999999999999722e-03 1.166316272645210803e-02 1.480913030727400631e+07
8.750000000000000833e-03 1.166316272645210803e-02 1.729229038303767145e+07
1.000000000000000021e-02 1.166316272645210803e-02 1.974550707636535168e+07
1.124999999999999958e-02 1.166316272645210803e-02 2.214849637504647300e+07
1.250000000000000069e-02 1.166316272645210803e-02 2.447602473222178966e+07
1.375000000000000007e-02 1.166316272645210803e-02 2.669668169128764421e+07
1.499999999999999944e-02 1.166316272645210803e-02 2.877131225893890485e+07
1.625000000000000056e-02 1.166316272645210803e-02 3.065100156772184372e+07
1.750000000000000167e-02 1.166316272645210803e-02 3.227446563336291537e+07
1.874999999999999931e-02 1.166316272645210803e-02 3.356464738270258158e+07
2.000000000000000042e-02 1.166316272645210803e-02 3.442423921191029996e+07
2.125000000000000153e-02 1.166316272645210803e-02 3.472974085390657932e+07
2.249999999999999917e-02 1.166316272645210803e-02 3.432349682886761427e+07
2.375000000000000028e-02 1.166316272645210803e-02 3.300291375831142068e+07
2.500000000000000139e-02 1.166316272645210803e-02 3.050569039138820767e+07
2.624999999999999903e-02 1.166316272645210803e-02 2.648933066657437757e+07
2.750000000000000014e-02 1.166316272645210803e-02 2.050233329969013482e+07
2.875000000000000125e-02 1.166316272645210803e-02 1.194305748488772660e+07
2.999999999999999889e-02 1.166316272645210803e-02 -4.833313046004924368e-03
0.000000000000000000e+00 1.295906969605789896e-02 -1.216960312882526922e-02
1.250000000000000026e-03 1.295906969605789896e-02 2.414117207576573826e+06
2.500000000000000052e-03 1.295906969605789896e-02 4.858367503889974207e+06
3.749999999999999861e-03 1.295906969605789896e-02 7.327528616874188185e+06
5.000000000000000104e-03 1.295906969605789896e-02 9.814968399489730597e+06
6.250000000000000347e-03 1.295906969605789896e-02 1.231232815162586048e+07
7.499999999999999722e-03 1.295906969605789896e-02 1.480913030727400631e+07
8.750000000000000833e-03 1.295906969605789896e-02 1.729229038303767145e+07
1.000000000000000021e-02 1.295906969605789896e-02 1.974550707636535168e+07
1.124999999999999958e-02 1.295906969605789896e-02 2.214849637504647300e+07
1.250000000000000069e-02 1.295906969605789896e-02 2.447602473222178966e+07
1.375000000000000007e-02 1.295906969605789896e-02 2.669668169128764421e+07
1.499999999999999944e-02 1.295906969605789896e-02 2.877131225893890485e+07
1.625000000000000056e-02 1.295906969605789896e-02 3.065100156772184372e+07
1.750000000000000167e-02 1.295906969605789896e-02 3.227446563336291537e+07
1.874999999999999931e-02 1.295906969605789896e-02 3.356464738270258158e+07
2.000000000000000042e-02 1.295906969605789896e-02 3.442423921191029996e+07
2.125000000000000153e-02 1.295906969605789896e-02 3.472974085390657932e+07
2.249999999999999917e-02 1.295906969605789896e-02 3.432349682886761427e+07
2.375000000000000028e-02 1.295906969605789896e-02 3.300291375831142068e+07
2.500000000000000139e-02 1.295906969605789896e-02 3.050569039138820767e+07
2.624999999999999903e-02 1.295906969605789896e-02 2.648933066657437757e+07
2.750000000000000014e-02 1.295906969605789896e-02 2.050233329969013482e+07
2.875000000000000125e-02 1.295906969605789896e-02 1.194305748488772660e+07
2.999999999999999889e-02 1.295906969605789896e-02 -4.833313046004924368e-03
0.000000000000000000e+00 1.425497666566368817e-02 -1.216960312882526922e-02
1.250000000000000026e-03 1.425497666566368817e-02 2.414117207576573826e+06
2.500000000000000052e-03 1.425497666566368817e-02 4.858367503889974207e+06
3.749999999999999861e-03 1.425497666566368817e-02 7.327528616874188185e+06
5.000000000000000104e-03 1.425497666566368817e-02 9.814968399489730597e+06
6.250000000000000347e-03 1.425497666566368817e-02 1.231232815162586048e+07
7.499999999999999722e-03 1.425497666566368817e-02 1.480913030727400631e+07
8.750000000000000833e-03 1.425497666566368817e-02 1.729229038303767145e+07
1.000000000000000021e-02 1.425497666566368817e-02 1.974550707636535168e+07
1.124999999999999958e-02 1.425497666566368817e-02 2.214849637504647300e+07
1.250000000000000069e-02 1.425497666566368817e-02 2.447602473222178966e+07
1.375000000000000007e-02 1.425497666566368817e-02 2.669668169128764421e+07
1.499999999999999944e-02 1.425497666566368817e-02 2.877131225893890485e+07
1.625000000000000056e-02 1.425497666566368817e-02 3.065100156772184372e+07
1.750000000000000167e-02 1.425497666566368817e-02 3.227446563336291537e+07
1.874999999999999931e-02 1.425497666566368817e-02 3.356464738270258158e+07
2.000000000000000042e-02 1.425497666566368817e-02 3.442423921191029996e+07
2.125000000000000153e-02 1.425497666566368817e-02 3.472974085390657932e+07
2.249999999999999917e-02 1.425497666566368817e-02 3.432349682886761427e+07
2.375000000000000028e-02 1.425497666566368817e-02 3.300291375831142068e+07
2.500000000000000139e-02 1.425497666566368817e-02 3.050569039138820767e+07
2.624999999999999903e-02 1.425497666566368817e-02 2.648933066657437757e+07
2.750000000000000014e-02 1.425497666566368817e-02 2.050233329969013482e+07
2.875000000000000125e-02 1.425497666566368817e-02 1.194305748488772660e+07
2.999999999999999889e-02 1.425497666566368817e-02 -4.833313046004924368e-03
0.000000000000000000e+00 1.555088363526947737e-02 -1.216960312882526922e-02
1.250000000000000026e-03 1.555088363526947737e-02 2.414117207576573826e+06
2.500000000000000052e-03 1.555088363526947737e-02 4.858367503889974207e+06
3.749999999999999861e-03 1.555088363526947737e-02 7.327528616874188185e+06
5.000000000000000104e-03 1.555088363526947737e-02 9.814968399489730597e+06
6.250000000000000347e-03 1.555088363526947737e-02 1.231232815162586048e+07
7.499999999999999722e-03 1.555088363526947737e-02 1.480913030727400631e+07
8.750000000000000833e-03 1.555088363526947737e-02 1.729229038303767145e+07
1.000000000000000021e-02 1.555088363526947737e-02 1.974550707636535168e+07
1.124999999999999958e-02 1.555088363526947737e-02 2.214849637504647300e+07
1.250000000000000069e-02 1.555088363526947737e-02 2.447602473222178966e+07
1.375000000000000007e-02 1.555088363526947737e-02 2.669668169128764421e+07
1.499999999999999944e-02 1.555088363526947737e-02 2.877131225893890485e+07
1.625000000000000056e-02 1.555088363526947737e-02 3.065100156772184372e+07
1.750000000000000167e-02 1.555088363526947737e-02 3.227446563336291537e+07
1.874999999999999931e-02 1.555088363526947737e-02 3.356464738270258158e+07
2.000000000000000042e-02 1.555088363526947737e-02 3.442423921191029996e+07
2.125000000000000153e-02 1.555088363526947737e-02 3.472974085390657932e+07
2.249999999999999917e-02 1.555088363526947737e-02 3.432349682886761427e+07
2.375000000000000028e-02 1.555088363526947737e-02 3.300291375831142068e+07
2.500000000000000139e-02 1.555088363526947737e-02 3.050569039138820767e+07
2.624999999999999903e-02 1.555088363526947737e-02 2.648933066657437757e+07
2.750000000000000014e-02 1.555088363526947737e-02 2.050233329969013482e+07
2.875000000000000125e-02 1.555088363526947737e-02 1.194305748488772660e+07
2.999999999999999889e-02 1.555088363526947737e-02 -4.833313046004924368e-03
0.000000000000000000e+00 1.684679060487526830e-02 -1.216960312882526922e-02
1.250000000000000026e-03 1.684679060487526830e-02 2.414117207576573826e+06
2.500000000000000052e-03 1.684679060487526830e-02 4.858367503889974207e+06
3.749999999999999861e-03 1.684679060487526830e-02 7.327528616874188185e+06
5.000000000000000104e-03 1.684679060487526830e-02 9.814968399489730597e+06
6.250000000000000347e-03 1.684679060487526830e-02 1.231232815162586048e+07
7.499999999999999722e-03 1.684679060487526830e-02 1.480913030727400631e+07
8.750000000000000833e-03 1.684679060487526830e-02 1.729229038303767145e+07
1.000000000000000021e-02 1.684679060487526830e-02 1.974550707636535168e+07
1.124999999999999958e-02 1.684679060487526830e-02 2.214849637504647300e+07
1.250000000000000069e-02 1.684679060487526830e-02 2.447602473222178966e+07
1.375000000000000007e-02 1.684679060487526830e-02 2.669668169128764421e+07
1.499999999999999944e-02 1.684679060487526830e-02 2.877131225893890485e+07
1.625000000000000056e-02 1.684679060487526830e-02 3.065100156772184372e+07
1.750000000000000167e-02 1.684679060487526830e-02 3.227446563336291537e+07
1.874999999999999931e-02 1.684679060487526830e-02 3.356464738270258158e+07
2.000000000000000042e-02 1.684679060487526830e-02 3.442423921191029996e+07
2.125000000000000153e-02 1.684679060487526830e-02 3.472974085390657932e+07
2.249999999999999917e-02 1.684679060487526830e-02 3.432349682886761427e+07
2.375000000000000028e-02 1.684679060487526830e-02 3.300291375831142068e+07
2.500000000000000139e-02 1.684679060487526830e-02 3.050569039138820767e+07
2.624999999999999903e-02 1.684679060487526830e-02 2.648933066657437757e+07
2.750000000000000014e-02 1.684679060487526830e-02 2.050233329969013482e+07
2.875000000000000125e-02 1.684679060487526830e-02 1.194305748488772660e+07
2.999999999999999889e-02 1.684679060487526830e-02 -4.833313046004924368e-03
0.000000000000000000e+00 1.814269757448105924e-02 -1.216960312882526922e-02
1.250000000000000026e-03 1.814269757448105924e-02 2.414117207576573826e+06
2.500000000000000052e-03 1.814269757448105924e-02 4.858367503889974207e+06
3.749999999999999861e-03 1.814269757448105924e-02 7.327528616874188185e+06
5.000000000000000104e-03 1.814269757448105924e-02 9.814968399489730597e+06
6.250000000000000347e-03 1.814269757448105924e-02 1.231232815162586048e+07
7.499999999999999722e-03 1.814269757448105924e-02 1.480913030727400631e+07
8.750000000000000833e-03 1.814269757448105924e-02 1.729229038303767145e+07
1.000000000000000021e-02 1.814269757448105924e-02 1.974550707636535168e+07
1.124999999999999958e-02 1.814269757448105924e-02 2.214849637504647300e+07
1.250000000000000069e-02 1.814269757448105924e-02 2.447602473222178966e+07
1.375000000000000007e-02 1.814269757448105924e-02 2.669668169128764421e+07
1.499999999999999944e-02 1.814269757448105924e-02 2.877131225893890485e+07
1.625000000000000056e-02 1.814269757448105924e-02 3.065100156772184372e+07
1.750000000000000167e-02 1.814269757448105924e-02 3.227446563336291537e+07
1.874999999999999931e-02 1.814269757448105924e-02 3.356464738270258158e+07
2.000000000000000042e-02 1.814269757448105924e-02 3.442423921191029996e+07
2.125000000000000153e-02 1.814269757448105924e-02 3.472974085390657932e+07
2.249999999999999917e-02 1.814269757448105924e-02 3.432349682886761427e+07
2.375000000000000028e-02 1.814269757448105924e-02 3.300291375831142068e+07
2.500000000000000139e-02 1.814269757448105924e-02 3.050569039138820767e+07
2.624999999999999903e-02 1.814269757448105924e-02 2.648933066657437757e+07
2.750000000000000014e-02 1.814269757448105924e-02 2.050233329969013482e+07
2.875000000000000125e-02 1.814269757448105924e-02 1.194305748488772660e+07
2.999999999999999889e-02 1.814269757448105924e-02 -4.833313046004924368e-03
0.000000000000000000e+00 1.943860454408684671e-02 -1.216960312882526922e-02
1.250000000000000026e-03 1.943860454408684671e-02 2.414117207576573826e+06
2.500000000000000052e-03 1.943860454408684671e-02 4.858367503889974207e+06
3.749999999999999861e-03 1.943860454408684671e-02 7.327528616874188185e+06
5.000000000000000104e-03 1.943860454408684671e-02 9.814968399489730597e+06
6.250000000000000347e-03 1.943860454408684671e-02 1.231232815162586048e+07
7.499999999999999722e-03 1.943860454408684671e-02 1.480913030727400631e+07
8.750000000000000833e-03 1.943860454408684671e-02 1.729229038303767145e+07
1.000000000000000021e-02 1.943860454408684671e-02 1.974550707636535168e+07
1.124999999999999958e-02 1.943860454408684671e-02 2.214849637504647300e+07
1.250000000000000069e-02 1.943860454408684671e-02 2.447602473222178966e+07
1.375000000000000007e-02 1.943860454408684671e-02 2.669668169128764421e+07
1.499999999999999944e-02 1.943860454408684671e-02 2.877131225893890485e+07
1.625000000000000056e-02 1.943860454408684671e-02 3.065100156772184372e+07
1.750000000000000167e-02 1.943860454408684671e-02 3.227446563336291537e+07
1.874999999999999931e-02 1.943860454408684671e-02 3.356464738270258158e+07
2.000000000000000042e-02 1.943860454408684671e-02 3.442423921191029996e+07
2.125000000000000153e-02 1.943860454408684671e-02 3.472974085390657932e+07
2.249999999999999917e-02 1.943860454408684671e-02 3.432349682886761427e+07
2.375000000000000028e-02 1.943860454408684671e-02 3.300291375831142068e+07
2.500000000000000139e-02 1.943860454408684671e-02 3.050569039138820767e+07
2.624999999999999903e-02 1.943860454408684671e-02 2.648933066657437757e+07
2.750000000000000014e-02 1.943860454408684671e-02 2.050233329969013482e+07
2.875000000000000125e-02 1.943860454408684671e-02 1.194305748488772660e+07
2.999999999999999889e-02 1.943860454408684671e-02 -4.833313046004924368e-03
0.000000000000000000e+00 2.073451151369263765e-02 -1.216960312882526922e-02
1.250000000000000026e-03 2.073451151369263765e-02 2.414117207576573826e+06
2.500000000000000052e-03 2.073451151369263765e-02 4.858367503889974207e+06
3.749999999999999861e-03 2.073451151369263765e-02 7.327528616874188185e+06
5.000000000000000104e-03 2.073451151369263765e-02 9.814968399489730597e+06
6.250000000000000347e-03 2.073451151369263765e-02 1.231232815162586048e+07
7.499999999999999722e-03 2.073451151369263765e-02 1.480913030727400631e+07
8.750000000000000833e-03 2.073451151369263765e-02 1.729229038303767145e+07
1.000000000000000021e-02 2.073451151369263765e-02 1.974550707636535168e+07
1.124999999999999958e-02 2.073451151369263765e-02 2.214849637504647300e+07
1.250000000000000069e-02 2.073451151369263765e-02 2.447602473222178966e+07
1.375000000000000007e-02 2.073451151369263765e-02 2.669668169128764421e+07
1.499999999999999944e-02 2.073451151369263765e-02 2.877131225893890485e+07
1.625000000000000056e-02 2.073451151369263765e-02 3.065100156772184372e+07
1.750000000000000167e-02 2.073451151369263765e-02 3.227446563336291537e+07
1.874999999999999931e-02 2.073451151369263765e-02 3.356464738270258158e+07
2.000000000000000042e-02 2.073451151369263765e-02 3.442423921191029996e+07
2.125000000000000153e-02 2.073451151369263765e-02 3.472974085390657932e+07
2.249999999999999917e-02 2.073451151369263765e-02 3.432349682886761427e+07
2.375000000000000028e-02 2.073451151369263765e-02 3.300291375831142068e+07
2.500000000000000139e-02 2.073451151369263765e-02 3.050569039138820767e+07
2.624999999999999903e-02 2.073451151369263765e-02 2.648933066657437757e+07
2.750000000000000014e-02 2.073451151369263765e-02 2.050233329969013482e+07
2.875000000000000125e-02 2.073451151369263765e-02 1.194305748488772660e+07
2.999999999999999889e-02 2.073451151369263765e-02 -4.833313046004924368e-03
0.000000000000000000e+00 2.203041848329842858e-02 -1.216960312882526922e-02
1.250000000000000026e-03 2.203041848329842858e-02 2.414117207576573826e+06
2.500000000000000052e-03 2.203041848329842858e-02 4.858367503889974207e+06
3.749999999999999861e-03 2.203041848329842858e-02 7.327528616874188185e+06
5.000000000000000104e-03 2.203041848329842858e-02 9.814968399489730597e+06
6.250000000000000347e-03 2.203041848329842858e-02 1.231232815162586048e+07
7.499999999999999722e-03 2.203041848329842858e-02 1.480913030727400631e+07
8.750000000000000833e-03 2.203041848329842858e-02 1.729229038303767145e+07
1.000000000000000021e-02 2.203041848329842858e-02 1.974550707636535168e+07
1.124999999999999958e-02 2.203041848329842858e-02 2.214849637504647300e+07
1.250000000000000069e-02 2.203041848329842858e-02 2.447602473222178966e+07
1.375000000000000007e-02 2.203041848329842858e-02 2.669668169128764421e+07
1.499999999999999944e-02 2.203041848329842858e-02 2.877131225893890485e+07
1.625000000000000056e-02 2.203041848329842858e-02 3.065100156772184372e+07
1.750000000000000167e-02 2.203041848329842858e-02 3.227446563336291537e+07
1.874999999999999931e-02 2.203041848329842858e-02 3.356464738270258158e+07
2.000000000000000042e-02 2.203041848329842858e-02 3.442423921191029996e+07
2.125000000000000153e-02 2.203041848329842858e-02 3.472974085390657932e+07
2.249999999999999917e-02 2.203041848329842858e-02 3.432349682886761427e+07
2.375000000000000028e-02 2.203041848329842858e-02 3.300291375831142068e+07
2.500000000000000139e-02 2.203041848329842858e-02 3.050569039138820767e+07
2.624999999999999903e-02 2.203041848329842858e-02 2.648933066657437757e+07
2.750000000000000014e-02 2.203041848329842858e-02 2.050233329969013482e+07
2.875000000000000125e-02 2.203041848329842858e-02 1.194305748488772660e+07
2.999999999999999889e-02 2.203041848329842858e-02 -4.833313046004924368e-03
0.000000000000000000e+00 2.332632545290421605e-02 -1.216960312882526922e-02
1.250000000000000026e-03 2.332632545290421605e-02 2.414117207576573826e+06
2.500000000000000052e-03 2.332632545290421605e-02 4.858367503889974207e+06
3.749999999999999861e-03 2.332632545290421605e-02 7.327528616874188185e+06
5.000000000000000104e-03 2.332632545290421605e-02 9.814968399489730597e+06
6.250000000000000347e-03 2.332632545290421605e-02 1.231232815162586048e+07
7.499999999999999722e-03 2.332632545290421605e-02 1.480913030727400631e+07
8.750000000000000833e-03 2.332632545290421605e-02 1.729229038303767145e+07
1.000000000000000021e-02 2.332632545290421605e-02 1.974550707636535168e+07
1.124999999999999958e-02 2.332632545290421605e-02 2.214849637504647300e+07
1.250000000000000069e-02 2.332632545290421605e-02 2.447602473222178966e+07
1.375000000000000007e-02 2.332632545290421605e-02 2.669668169128764421e+07
1.499999999999999944e-02 2.332632545290421605e-02 2.877131225893890485e+07
1.625000000000000056e-02 2.332632545290421605e-02 3.065100156772184372e+07
1.750000000000000167e-02 2.332632545290421605e-02 3.227446563336291537e+07
1.874999999999999931e-02 2.332632545290421605e-02 3.356464738270258158e+07
2.000000000000000042e-02 2.332632545290421605e-02 3.442423921191029996e+07
2.125000000000000153e-02 2.332632545290421605e-02 3.472974085390657932e+07
2.249999999999999917e-02 2.332632545290421605e-02 3.432349682886761427e+07
2.375000000000000028e-02 2.332632545290421605e-02 3.300291375831142068e+07
2.500000000000000139e-02 2.332632545290421605e-02 3.050569039138820767e+07
2.624999999999999903e-02 2.332632545290421605e-02 2.648933066657437757e+07
2.750000000000000014e-02 2.332632545290421605e-02 2.050233329969013482e+07
2.875000000000000125e-02 2.332632545290421605e-02 1.194305748488772660e+07
2.999999999999999889e-02 2.332632545290421605e-02 -4.833313046004924368e-03
0.000000000000000000e+00 2.462223242251000699e-02 -1.216960312882526922e-02
1.250000000000000026e-03 2.462223242251000699e-02 2.414117207576573826e+06
2.500000000000000052e-03 2.462223242251000699e-02 4.858367503889974207e+06
3.749999999999999861e-03 2.462223242251000699e-02 7.327528616874188185e+06
5.000000000000000104e-03 2.462223242251000699e-02 9.814968399489730597e+06
6.250000000000000347e-03 2.462223242251000699e-02 1.231232815162586048e+07
7.499999999999999722e-03 2.462223242251000699e-02 1.480913030727400631e+07
8.750000000000000833e-03 2.462223242251000699e-02 1.729229038303767145e+07
1.000000000000000021e-02 2.462223242251000699e-02 1.974550707636535168e+07
1.124999999999999958e-02 2.462223242251000699e-02 2.214849637504647300e+07
1.250000000000000069e-02 2.462223242251000699e-02 2.447602473222178966e+07
1.375000000000000007e-02 2.462223242251000699e-02 2.669668169128764421e+07
1.499999999999999944e-02 2.462223242251000699e-02 2.877131225893890485e+07
1.625000000000000056e-02 2.462223242251000699e-02 3.065100156772184372e+07
1.750000000000000167e-02 2.462223242251000699e-02 3.227446563336291537e+07
1.874999999999999931e-02 2.462223242251000699e-02 3.356464738270258158e+07
2.000000000000000042e-02 2.462223242251000699e-02 3.442423921191029996e+07
2.125000000000000153e-02 2.462223242251000699e-02 3.472974085390657932e+07
2.249999999999999917e-02 2.462223242251000699e-02 3.432349682886761427e+07
2.375000000000000028e-02 2.462223242251000699e-02 3.300291375831142068e+07
2.500000000000000139e-02 2.462223242251000699e-02 3.050569039138820767e+07
2.624999999999999903e-02 2.462223242251000699e-02 2.648933066657437757e+07
2.750000000000000014e-02 2.462223242251000699e-02 2.050233329969013482e+07
2.875000000000000125e-02 2.462223242251000699e-02 1.194305748488772660e+07
2.999999999999999889e-02 2.462223242251000699e-02 -4.833313046004924368e-03
0.000000000000000000e+00 2.591813939211579793e-02 -1.216960312882526922e-02
1.250000000000000026e-03 2.591813939211579793e-02 2.414117207576573826e+06
2.500000000000000052e-03 2.591813939211579793e-02 4.858367503889974207e+06
3.749999999999999861e-03 2.591813939211579793e-02 7.327528616874188185e+06
5.000000000000000104e-03 2.591813939211579793e-02 9.814968399489730597e+06
6.250000000000000347e-03 2.591813939211579793e-02 1.231232815162586048e+07
7.499999999999999722e-03 2.591813939211579793e-02 1.480913030727400631e+07
8.750000000000000833e-03 2.591813939211579793e-02 1.729229038303767145e+07
1.000000000000000021e-02 2.591813939211579793e-02 1.974550707636535168e+07
1.124999999999999958e-02 2.591813939211579793e-02 2.214849637504647300e+07
1.250000000000000069e-02 2.591813939211579793e-02 2.447602473222178966e+07
1.375000000000000007e-02 2.591813939211579793e-02 2.669668169128764421e+07
1.499999999999999944e-02 2.591813939211579793e-02 2.877131225893890485e+07
1.625000000000000056e-02 2.591813939211579793e-02 3.065100156772184372e+07
1.750000000000000167e-02 2.591813939211579793e-02 3.227446563336291537e+07
1.874999999999999931e-02 2.591813939211579793e-02 3.356464738270258158e+07
2.000000000000000042e-02 2.591813939211579793e-02 3.442423921191029996e+07
2.125000000000000153e-02 2.591813939211579793e-02 3.472974085390657932e+07
2.249999999999999917e-02 2.591813939211579793e-02 3.432349682886761427e+07
2.375000000000000028e-02 2.591813939211579793e-02 3.300291375831142068e+07
2.500000000000000139e-02 2.591813939211579793e-02 3.050569039138820767e+07
2.624999999999999903e-02 2.591813939211579793e-02 2.648933066657437757e+07
2.750000000000000014e-02 2.591813939211579793e-02 2.050233329969013482e+07
2.875000000000000125e-02 2.591813939211579793e-02 1.194305748488772660e+07
2.999999999999999889e-02 2.591813939211579793e-02 -4.833313046004924368e-03
0.000000000000000000e+00 2.721404636172158539e-02 -1.216960312882526922e-02
1.250000000000000026e-03 2.721404636172158539e-02 2.414117207576573826e+06
2.500000000000000052e-03 2.721404636172158539e-02 4.858367503889974207e+06
3.749999999999999861e-03 2.721404636172158539e-02 7.327528616874188185e+06
5.000000000000000104e-03 2.721404636172158539e-02 9.814968399489730597e+06
6.250000000000000347e-03 2.721404636172158539e-02 1.231232815162586048e+07
7.499999999999999722e-03 2.721404636172158539e-02 1.480913030727400631e+07
8.750000000000000833e-03 2.721404636172158539e-02 1.729229038303767145e+07
1.000000000000000021e-02 2.721404636172158539e-02 1.974550707636535168e+07
1.124999999999999958e-02 2.721404636172158539e-02 2.214849637504647300e+07
1.250000000000000069e-02 2.721404636172158539e-02 2.447602473222178966e+07
1.375000000000000007e-02 2.721404636172158539e-02 2.669668169128764421e+07
1.499999999999999944e-02 2.721404636172158539e-02 2.877131225893890485e+07
1.625000000000000056e-02 2.721404636172158539e-02 3.065100156772184372e+07
1.750000000000000167e-02 2.721404636172158539e-02 3.227446563336291537e+07
1.874999999999999931e-02 2.721404636172158539e-02 3.356464738270258158e+07
2.000000000000000042e-02 2.721404636172158539e-02 3.442423921191029996e+07
2.125000000000000153e-02 2.721404636172158539e-02 3.472974085390657932e+07
2.249999999999999917e-02 2.721404636172158539e-02 3.432349682886761427e+07
2.375000000000000028e-02 2.721404636172158539e-02 3.300291375831142068e+07
2.500000000000000139e-02 2.721404636172158539e-02 3.050569039138820767e+07
2.624999999999999903e-02 2.721404636172158539e-02 2.648933066657437757e+07
2.750000000000000014e-02 2.721404636172158539e-02 2.050233329969013482e+07
2.875000000000000125e-02 2.721404636172158539e-02 1.194305748488772660e+07
2.999999999999999889e-02 2.721404636172158539e-02 -4.833313046004924368e-03
0.000000000000000000e+00 2.850995333132737633e-02 -1.216960312882526922e-02
1.250000000000000026e-03 2.850995333132737633e-02 2.414117207576573826e+06
2.500000000000000052e-03 2.850995333132737633e-02 4.858367503889974207e+06
3.749999999999999861e-03 2.850995333132737633e-02 7.327528616874188185e+06
5.000000000000000104e-03 2.850995333132737633e-02 9.814968399489730597e+06
6.250000000000000347e-03 2.850995333132737633e-02 1.231232815162586048e+07
7.499999999999999722e-03 2.850995333132737633e-02 1.480913030727400631e+07
8.750000000000000833e-03 2.850995333132737633e-02 1.729229038303767145e+07
1.000000000000000021e-02 2.850995333132737633e-02 1.974550707636535168e+07
1.124999999999999958e-02 2.850995333132737633e-02 2.214849637504647300e+07
1.250000000000000069e-02 2.850995333132737633e-02 2.447602473222178966e+07
1.375000000000000007e-02 2.850995333132737633e-02 2.669668169128764421e+07
1.499999999999999944e-02 2.850995333132737633e-02 2.877131225893890485e+07
1.625000000000000056e-02 2.850995333132737633e-02 3.065100156772184372e+07
1.750000000000000167e-02 2.850995333132737633e-02 3.227446563336291537e+07
1.874999999999999931e-02 2.850995333132737633e-02 3.356464738270258158e+07
2.000000000000000042e-02 2.850995333132737633e-02 3.442423921191029996e+07
2.125000000000000153e-02 2.850995333132737633e-02 3.472974085390657932e+07
2.249999999999999917e-02 2.850995333132737633e-02 3.432349682886761427e+07
2.375000000000000028e-02 2.850995333132737633e-02 3.300291375831142068e+07
2.500000000000000139e-02 2.850995333132737633e-02 3.050569039138820767e+07
2.624999999999999903e-02 2.850995333132737633e-02 2.648933066657437757e+07
2.750000000000000014e-02 2.850995333132737633e-02 2.050233329969013482e+07
2.875000000000000125e-02 2.850995333132737633e-02 1.194305748488772660e+07
2.999999999999999889e-02 2.850995333132737633e-02 -4.833313046004924368e-03
0.000000000000000000e+00 2.980586030093316727e-02 -1.216960312882526922e-02
1.250000000000000026e-03 2.980586030093316727e-02 2.414117207576573826e+06
2.500000000000000052e-03 2.980586030093316727e-02 4.858367503889974207e+06
3.749999999999999861e-03 2.980586030093316727e-02 7.327528616874188185e+06
5.000000000000000104e-03 2.980586030093316727e-02 9.814968399489730597e+06
6.250000000000000347e-03 2.980586030093316727e-02 1.231232815162586048e+07
7.499999999999999722e-03 2.980586030093316727e-02 1.480913030727400631e+07
8.750000000000000833e-03 2.980586030093316727e-02 1.729229038303767145e+07
1.000000000000000021e-02 2.980586030093316727e-02 1.974550707636535168e+07
1.124999999999999958e-02 2.980586030093316727e-02 2.214849637504647300e+07
1.250000000000000069e-02 2.980586030093316727e-02 2.447602473222178966e+07
1.375000000000000007e-02 2.980586030093316727e-02 2.669668169128764421e+07
1.499999999999999944e-02 2.980586030093316727e-02 2.877131225893890485e+07
1.625000000000000056e-02 2.980586030093316727e-02 3.065100156772184372e+07
1.750000000000000167e-02 2.980586030093316727e-02 3.227446563336291537e+07
1.874999999999999931e-02 2.980586030093316727e-02 3.356464738270258158e+07
2.000000000000000042e-02 2.980586030093316727e-02 3.442423921191029996e+07
2.125000000000000153e-02 2.980586030093316727e-02 3.472974085390657932e+07
2.249999999999999917e-02 2.980586030093316727e-02 3.432349682886761427e+07
2.375000000000000028e-02 2.980586030093316727e-02 3.300291375831142068e+07
2.500000000000000139e-02 2.980586030093316727e-02 3.050569039138820767e+07
2.624999999999999903e-02 2.980586030093316727e-02 2.648933066657437757e+07
2.750000000000000014e-02 2.980586030093316727e-02 2.050233329969013482e+07
2.875000000000000125e-02 2.980586030093316727e-02 1.194305748488772660e+07
2.999999999999999889e-02 2.980586030093316727e-02 -4.833313046004924368e-03
0.000000000000000000e+00 3.110176727053895473e-02 -1.216960312882526922e-02
1.250000000000000026e-03 3.110176727053895473e-02 2.414117207576573826e+06
2.500000000000000052e-03 3.110176727053895473e-02 4.858367503889974207e+06
3.749999999999999861e-03 3.110176727053895473e-02 7.327528616874188185e+06
5.000000000000000104e-03 3.110176727053895473e-02 9.814968399489730597e+06
6.250000000000000347e-03 3.110176727053895473e-02 1.231232815162586048e+07
7.499999999999999722e-03 3.110176727053895473e-02 1.480913030727400631e+07
8.750000000000000833e-03 3.110176727053895473e-02 1.729229038303767145e+07
1.000000000000000021e-02 3.110176727053895473e-02 1.974550707636535168e+07
1.124999999999999958e-02 3.110176727053895473e-02 2.214849637504647300e+07
1.250000000000000069e-02 3.110176727053895473e-02 2.447602473222178966e+07
1.375000000000000007e-02 3.110176727053895473e-02 2.669668169128764421e+07
1.499999999999999944e-02 3.110176727053895473e-02 2.877131225893890485e+07
1.625000000000000056e-02 3.110176727053895473e-02 3.065100156772184372e+07
1.750000000000000167e-02 3.110176727053895473e-02 3.227446563336291537e+07
1.874999999999999931e-02 3.110176727053895473e-02 3.356464738270258158e+07
2.000000000000000042e-02 3.110176727053895473e-02 3.442423921191029996e+07
2.125000000000000153e-02 3.110176727053895473e-02 3.472974085390657932e+07
2.249999999999999917e-02 3.110176727053895473e-02 3.432349682886761427e+07
2.375000000000000028e-02 3.110176727053895473e-02 3.300291375831142068e+07
2.500000000000000139e-02 3.110176727053895473e-02 3.050569039138820767e+07
2.624999999999999903e-02 3.110176727053895473e-02 2.648933066657437757e+07
2.750000000000000014e-02 3.110176727053895473e-02 2.050233329969013482e+07
2.875000000000000125e-02 3.110176727053895473e-02 1.194305748488772660e+07
2.999999999999999889e-02 3.110176727053895473e-02 -4.833313046004924368e-03
