0.000000000000000000e+00 0.000000000000000000e+00 0.000000000000000000e+00
0.000000000000000000e+00 1.250000000000000026e-03 0.000000000000000000e+00
0.000000000000000000e+00 2.500000000000000052e-03 0.000000000000000000e+00
0.000000000000000000e+00 3.749999999999999861e-03 0.000000000000000000e+00
0.000000000000000000e+00 5.000000000000000104e-03 0.000000000000000000e+00
0.000000000000000000e+00 6.250000000000000347e-03 0.000000000000000000e+00
0.000000000000000000e+00 7.499999999999999722e-03 0.000000000000000000e+00
0.000000000000000000e+00 8.750000000000000833e-03 0.000000000000000000e+00
0.000000000000000000e+00 1.000000000000000021e-02 0.000000000000000000e+00
0.000000000000000000e+00 1.124999999999999958e-02 0.000000000000000000e+00
0.000000000000000000e+00 1.250000000000000069e-02 0.000000000000000000e+00
0.000000000000000000e+00 1.375000000000000007e-02 0.000000000000000000e+00
0.000000000000000000e+00 1.499999999999999944e-02 0.000000000000000000e+00
0.000000000000000000e+00 1.625000000000000056e-02 0.000000000000000000e+00
0.000000000000000000e+00 1.750000000000000167e-02 0.000000000000000000e+00
0.000000000000000000e+00 1.874999999999999931e-02 0.000000000000000000e+00
0.000000000000000000e+00 2.000000000000000042e-02 0.000000000000000000e+00
0.000000000000000000e+00 2.125000000000000153e-02 0.000000000000000000e+00
0.000000000000000000e+00 2.249999999999999917e-02 0.000000000000000000e+00
0.000000000000000000e+00 2.375000000000000028e-02 0.000000000000000000e+00
0.000000000000000000e+00 2.500000000000000139e-02 0.000000000000000000e+00
0.000000000000000000e+00 2.624999999999999903e-02 0.000000000000000000e+00
0.000000000000000000e+00 2.750000000000000014e-02 0.000000000000000000e+00
0.000000000000000000e+00 2.875000000000000125e-02 0.000000000000000000e+00
0.000000000000000000e+00 2.999999999999999889e-02 0.000000000000000000e+00
1.295906969605789853e-03 0.000000000000000000e+00 0.000000000000000000e+00
1.295906969605789853e-03 1.250000000000000026e-03 1.524849911854894366e+06
1.295906969605789853e-03 2.500000000000000052e-03 1.755887141805460677e+06
1.295906969605789853e-03 3.749999999999999861e-03 1.902642986269148067e+06
1.295906969605789853e-03 5.000000000000000104e-03 1.988117955255452078e+06
1.295906969605789853e-03 6.250000000000000347e-03 2.036307854529087897e+06
1.295906969605789853e-03 7.499999999999999722e-03 2.063285825947150588e+06
1.295906969605789853e-03 8.750000000000000833e-03 2.078420591608178569e+06
1.295906969605789853e-03 1.000000000000000021e-02 2.086924118474794552e+06
1.295906969605789853e-03 1.124999999999999958e-02 2.091669451764806639e+06
1.295906969605789853e-03 1.250000000000000069e-02 2.094242027552887565e+06
1.295906969605789853e-03 1.375000000000000007e-02 2.095503375672056340e+06
1.295906969605789853e-03 1.499999999999999944e-02 2.095880775763226673e+06
1.295906969605789853e-03 1.625000000000000056e-02 2.095503375672057271e+06
1.295906969605789853e-03 1.750000000000000167e-02 2.094242027552890591e+06
1.295906969605789853e-03 1.874999999999999931e-02 2.091669451764810830e+06
1.295906969605789853e-03 2.000000000000000042e-02 2.086924118474796182e+06
1.295906969605789853e-03 2.125000000000000153e-02 2.078420591608178103e+06
1.295906969605789853e-03 2.249999999999999917e-02 2.063285825947149890e+06
1.295906969605789853e-03 2.375000000000000028e-02 2.036307854529086733e+06
1.295906969605789853e-03 2.500000000000000139e-02 1.988117955255451147e+06
1.295906969605789853e-03 2.624999999999999903e-02 1.902642986269147601e+06
1.295906969605789853e-03 2.750000000000000014e-02 1.755887141805460444e+06
1.295906969605789853e-03 2.875000000000000125e-02 1.524849911854893900e+06
1.295906969605789853e-03 2.999999999999999889e-02 0.000000000000000000e+00
2.591813939211579706e-03 0.000000000000000000e+00 0.000000000000000000e+00
2.591813939211579706e-03 1.250000000000000026e-03 3.126674259196455590e+06
2.591813939211579706e-03 2.500000000000000052e-03 3.602359909928910900e+06
2.591813939211579706e-03 3.749999999999999861e-03 3.871150652554711327e+06
2.591813939211579706e-03 5.000000000000000104e-03 4.016309900428377092e+06
2.591813939211579706e-03 6.250000000000000347e-03 4.095414287405088078e+06
2.591813939211579706e-03 7.499999999999999722e-03 4.139300728485962842e+06
2.591813939211579706e-03 8.750000000000000833e-03 4.163968438137305900e+06
2.591813939211579706e-03 1.000000000000000021e-02 4.177887543102356140e+06
2.591813939211579706e-03 1.124999999999999958e-02 4.185674183117303066e+06
2.591813939211579706e-03 1.250000000000000069e-02 4.189893362498478964e+06
2.591813939211579706e-03 1.375000000000000007e-02 4.191956818613251671e+06
2.591813939211579706e-03 1.499999999999999944e-02 4.192572810701504350e+06
2.591813939211579706e-03 1.625000000000000056e-02 4.191956818613252603e+06
2.591813939211579706e-03 1.750000000000000167e-02 4.189893362498482224e+06
2.591813939211579706e-03 1.874999999999999931e-02 4.185674183117309120e+06
2.591813939211579706e-03 2.000000000000000042e-02 4.177887543102359399e+06
2.591813939211579706e-03 2.125000000000000153e-02 4.163968438137305900e+06
2.591813939211579706e-03 2.249999999999999917e-02 4.139300728485962842e+06
2.591813939211579706e-03 2.375000000000000028e-02 4.095414287405087613e+06
2.591813939211579706e-03 2.500000000000000139e-02 4.016309900428376161e+06
2.591813939211579706e-03 2.624999999999999903e-02 3.871150652554710861e+06
2.591813939211579706e-03 2.750000000000000014e-02 3.602359909928910434e+06
2.591813939211579706e-03 2.875000000000000125e-02 3.126674259196455125e+06
2.591813939211579706e-03 2.999999999999999889e-02 0.000000000000000000e+00
3.887720908817369342e-03 0.000000000000000000e+00 0.000000000000000000e+00
3.887720908817369342e-03 1.250000000000000026e-03 4.882781315231696703e+06
3.887720908817369342e-03 2.500000000000000052e-03 5.671203308584554121e+06
3.887720908817369342e-03 3.749999999999999861e-03 5.972537439420167357e+06
3.887720908817369342e-03 5.000000000000000104e-03 6.115497604761308990e+06
3.887720908817369342e-03 6.250000000000000347e-03 6.192372965687096119e+06
3.887720908817369342e-03 7.499999999999999722e-03 6.235971922013874166e+06
3.887720908817369342e-03 8.750000000000000833e-03 6.261068884115613066e+06
3.887720908817369342e-03 1.000000000000000021e-02 6.275442140563268214e+06
3.887720908817369342e-03 1.124999999999999958e-02 6.283513220871006139e+06
3.887720908817369342e-03 1.250000000000000069e-02 6.287861668636789545e+06
3.887720908817369342e-03 1.375000000000000007e-02 6.289965995773307979e+06
3.887720908817369342e-03 1.499999999999999944e-02 6.290588982133241370e+06
3.887720908817369342e-03 1.625000000000000056e-02 6.289965995773308910e+06
3.887720908817369342e-03 1.750000000000000167e-02 6.287861668636793271e+06
3.887720908817369342e-03 1.874999999999999931e-02 6.283513220871014521e+06
3.887720908817369342e-03 2.000000000000000042e-02 6.275442140563273802e+06
3.887720908817369342e-03 2.125000000000000153e-02 6.261068884115614928e+06
3.887720908817369342e-03 2.249999999999999917e-02 6.235971922013874166e+06
3.887720908817369342e-03 2.375000000000000028e-02 6.192372965687095188e+06
3.887720908817369342e-03 2.500000000000000139e-02 6.115497604761308059e+06
3.887720908817369342e-03 2.624999999999999903e-02 5.972537439420167357e+06
3.887720908817369342e-03 2.750000000000000014e-02 5.671203308584553190e+06
3.887720908817369342e-03 2.875000000000000125e-02 4.882781315231695771e+06
3.887720908817369342e-03 2.999999999999999889e-02 0.000000000000000000e+00
5.183627878423159412e-03 0.000000000000000000e+00 0.000000000000000000e+00
5.183627878423159412e-03 1.250000000000000026e-03 9.504737588988043368e+06
5.183627878423159412e-03 2.500000000000000052e-03 8.263568702555336058e+06
5.183627878423159412e-03 3.749999999999999861e-03 8.244144551614921540e+06
5.183627878423159412e-03 5.000000000000000104e-03 8.285713251545407809e+06
5.183627878423159412e-03 6.250000000000000347e-03 8.325097120946004055e+06
5.183627878423159412e-03 7.499999999999999722e-03 8.352529057441350073e+06
5.183627878423159412e-03 8.750000000000000833e-03 8.369695168065300211e+06
5.183627878423159412e-03 1.000000000000000021e-02 8.379770316430645064e+06
5.183627878423159412e-03 1.124999999999999958e-02 8.385353343780309893e+06
5.183627878423159412e-03 1.250000000000000069e-02 8.388241955446288921e+06
5.183627878423159412e-03 1.375000000000000007e-02 8.389567317880462855e+06
5.183627878423159412e-03 1.499999999999999944e-02 8.389944324943717569e+06
5.183627878423159412e-03 1.625000000000000056e-02 8.389567317880466580e+06
5.183627878423159412e-03 1.750000000000000167e-02 8.388241955446293578e+06
5.183627878423159412e-03 1.874999999999999931e-02 8.385353343780318275e+06
5.183627878423159412e-03 2.000000000000000042e-02 8.379770316430653445e+06
5.183627878423159412e-03 2.125000000000000153e-02 8.369695168065304868e+06
5.183627878423159412e-03 2.249999999999999917e-02 8.352529057441351004e+06
5.183627878423159412e-03 2.375000000000000028e-02 8.325097120946003124e+06
5.183627878423159412e-03 2.500000000000000139e-02 8.285713251545405947e+06
5.183627878423159412e-03 2.624999999999999903e-02 8.244144551614919677e+06
5.183627878423159412e-03 2.750000000000000014e-02 8.263568702555334195e+06
5.183627878423159412e-03 2.875000000000000125e-02 9.504737588988041505e+06
5.183627878423159412e-03 2.999999999999999889e-02 0.000000000000000000e+00
6.479534848028949481e-03 0.000000000000000000e+00 0.000000000000000000e+00
6.479534848028949481e-03 1.250000000000000026e-03 1.153705008217700198e+07
6.479534848028949481e-03 2.500000000000000052e-03 1.048587856467784941e+07
6.479534848028949481e-03 3.749999999999999861e-03 1.045019655261706375e+07
6.479534848028949481e-03 5.000000000000000104e-03 1.045827715400666744e+07
6.479534848028949481e-03 6.250000000000000347e-03 1.047066721272669733e+07
6.479534848028949481e-03 7.499999999999999722e-03 1.048011990168672800e+07
6.479534848028949481e-03 8.750000000000000833e-03 1.048594281767814420e+07
6.479534848028949481e-03 1.000000000000000021e-02 1.048892662360306829e+07
6.479534848028949481e-03 1.124999999999999958e-02 1.049008942444894649e+07
6.479534848028949481e-03 1.250000000000000069e-02 1.049030242240394279e+07
6.479534848028949481e-03 1.375000000000000007e-02 1.049018793226373009e+07
6.479534848028949481e-03 1.499999999999999944e-02 1.049011008207650110e+07
6.479534848028949481e-03 1.625000000000000056e-02 1.049018793226373754e+07
6.479534848028949481e-03 1.750000000000000167e-02 1.049030242240395024e+07
6.479534848028949481e-03 1.874999999999999931e-02 1.049008942444895767e+07
6.479534848028949481e-03 2.000000000000000042e-02 1.048892662360307761e+07
6.479534848028949481e-03 2.125000000000000153e-02 1.048594281767815351e+07
6.479534848028949481e-03 2.249999999999999917e-02 1.048011990168673545e+07
6.479534848028949481e-03 2.375000000000000028e-02 1.047066721272670105e+07
6.479534848028949481e-03 2.500000000000000139e-02 1.045827715400666744e+07
6.479534848028949481e-03 2.624999999999999903e-02 1.045019655261706375e+07
6.479534848028949481e-03 2.750000000000000014e-02 1.048587856467784569e+07
6.479534848028949481e-03 2.875000000000000125e-02 1.153705008217699453e+07
6.479534848028949481e-03 2.999999999999999889e-02 0.000000000000000000e+00
7.775441817634738684e-03 0.000000000000000000e+00 0.000000000000000000e+00
7.775441817634738684e-03 1.250000000000000026e-03 1.246253092042788118e+07
7.775441817634738684e-03 2.500000000000000052e-03 1.242983789587125927e+07
7.775441817634738684e-03 3.749999999999999861e-03 1.260921250021531060e+07
7.775441817634738684e-03 5.000000000000000104e-03 1.262620925207705610e+07
7.775441817634738684e-03 6.250000000000000347e-03 1.261939438928833604e+07
7.775441817634738684e-03 7.499999999999999722e-03 1.261161202562578209e+07
7.775441817634738684e-03 8.750000000000000833e-03 1.260524194256128184e+07
7.775441817634738684e-03 1.000000000000000021e-02 1.260004014688745700e+07
7.775441817634738684e-03 1.124999999999999958e-02 1.259584635318804905e+07
7.775441817634738684e-03 1.250000000000000069e-02 1.259271487353990227e+07
7.775441817634738684e-03 1.375000000000000007e-02 1.259076916602849588e+07
7.775441817634738684e-03 1.499999999999999944e-02 1.259010849245938472e+07
7.775441817634738684e-03 1.625000000000000056e-02 1.259076916602849960e+07
7.775441817634738684e-03 1.750000000000000167e-02 1.259271487353990786e+07
7.775441817634738684e-03 1.874999999999999931e-02 1.259584635318805091e+07
7.775441817634738684e-03 2.000000000000000042e-02 1.260004014688746631e+07
7.775441817634738684e-03 2.125000000000000153e-02 1.260524194256129488e+07
7.775441817634738684e-03 2.249999999999999917e-02 1.261161202562579699e+07
7.775441817634738684e-03 2.375000000000000028e-02 1.261939438928834163e+07
7.775441817634738684e-03 2.500000000000000139e-02 1.262620925207705423e+07
7.775441817634738684e-03 2.624999999999999903e-02 1.260921250021531060e+07
7.775441817634738684e-03 2.750000000000000014e-02 1.242983789587125368e+07
7.775441817634738684e-03 2.875000000000000125e-02 1.246253092042787001e+07
7.775441817634738684e-03 2.999999999999999889e-02 0.000000000000000000e+00
9.071348787240529621e-03 0.000000000000000000e+00 0.000000000000000000e+00
9.071348787240529621e-03 1.250000000000000026e-03 9.467762164130929857e+06
9.071348787240529621e-03 2.500000000000000052e-03 1.646967785243394412e+07
9.071348787240529621e-03 3.749999999999999861e-03 1.494275215055417828e+07
9.071348787240529621e-03 5.000000000000000104e-03 1.481973407165165618e+07
9.071348787240529621e-03 6.250000000000000347e-03 1.476916143571106717e+07
9.071348787240529621e-03 7.499999999999999722e-03 1.474158623049206659e+07
9.071348787240529621e-03 8.750000000000000833e-03 1.472328539225123078e+07
9.071348787240529621e-03 1.000000000000000021e-02 1.471007026973110810e+07
9.071348787240529621e-03 1.124999999999999958e-02 1.470046150687057897e+07
9.071348787240529621e-03 1.250000000000000069e-02 1.469385285687901638e+07
9.071348787240529621e-03 1.375000000000000007e-02 1.468996924541581236e+07
9.071348787240529621e-03 1.499999999999999944e-02 1.468868671904477663e+07
9.071348787240529621e-03 1.625000000000000056e-02 1.468996924541581422e+07
9.071348787240529621e-03 1.750000000000000167e-02 1.469385285687902197e+07
9.071348787240529621e-03 1.874999999999999931e-02 1.470046150687059201e+07
9.071348787240529621e-03 2.000000000000000042e-02 1.471007026973112673e+07
9.071348787240529621e-03 2.125000000000000153e-02 1.472328539225125872e+07
9.071348787240529621e-03 2.249999999999999917e-02 1.474158623049209267e+07
9.071348787240529621e-03 2.375000000000000028e-02 1.476916143571108580e+07
9.071348787240529621e-03 2.500000000000000139e-02 1.481973407165166363e+07
9.071348787240529621e-03 2.624999999999999903e-02 1.494275215055418573e+07
9.071348787240529621e-03 2.750000000000000014e-02 1.646967785243394226e+07
9.071348787240529621e-03 2.875000000000000125e-02 9.467762164130931720e+06
9.071348787240529621e-03 2.999999999999999889e-02 0.000000000000000000e+00
1.036725575684631882e-02 0.000000000000000000e+00 0.000000000000000000e+00
1.036725575684631882e-02 1.250000000000000026e-03 9.123285001007325947e+06
1.036725575684631882e-02 2.500000000000000052e-03 1.792814582784819230e+07
1.036725575684631882e-02 3.749999999999999861e-03 1.700172892150584981e+07
1.036725575684631882e-02 5.000000000000000104e-03 1.693539453497866169e+07
1.036725575684631882e-02 6.250000000000000347e-03 1.689421084545062482e+07
1.036725575684631882e-02 7.499999999999999722e-03 1.686159234647886455e+07
1.036725575684631882e-02 8.750000000000000833e-03 1.683586271509509534e+07
1.036725575684631882e-02 1.000000000000000021e-02 1.681622427750373632e+07
1.036725575684631882e-02 1.124999999999999958e-02 1.680185213948372379e+07
1.036725575684631882e-02 1.250000000000000069e-02 1.679206196902782097e+07
1.036725575684631882e-02 1.375000000000000007e-02 1.678637367875603214e+07
1.036725575684631882e-02 1.499999999999999944e-02 1.678450802715004236e+07
1.036725575684631882e-02 1.625000000000000056e-02 1.678637367875603586e+07
1.036725575684631882e-02 1.750000000000000167e-02 1.679206196902783960e+07
1.036725575684631882e-02 1.874999999999999931e-02 1.680185213948374614e+07
1.036725575684631882e-02 2.000000000000000042e-02 1.681622427750376612e+07
1.036725575684631882e-02 2.125000000000000153e-02 1.683586271509513259e+07
1.036725575684631882e-02 2.249999999999999917e-02 1.686159234647890180e+07
1.036725575684631882e-02 2.375000000000000028e-02 1.689421084545065463e+07
1.036725575684631882e-02 2.500000000000000139e-02 1.693539453497868031e+07
1.036725575684631882e-02 2.624999999999999903e-02 1.700172892150586843e+07
1.036725575684631882e-02 2.750000000000000014e-02 1.792814582784820721e+07
1.036725575684631882e-02 2.875000000000000125e-02 9.123285001007333398e+06
1.036725575684631882e-02 2.999999999999999889e-02 0.000000000000000000e+00
1.166316272645210803e-02 0.000000000000000000e+00 0.000000000000000000e+00
1.166316272645210803e-02 1.250000000000000026e-03 9.121050114574199542e+06
1.166316272645210803e-02 2.500000000000000052e-03 1.884871124771241099e+07
1.166316272645210803e-02 3.749999999999999861e-03 1.887898675597233325e+07
1.166316272645210803e-02 5.000000000000000104e-03 1.902402303120116889e+07
1.166316272645210803e-02 6.250000000000000347e-03 1.901005438907168806e+07
1.166316272645210803e-02 7.499999999999999722e-03 1.897419430813818797e+07
1.166316272645210803e-02 8.750000000000000833e-03 1.894189322334257513e+07
1.166316272645210803e-02 1.000000000000000021e-02 1.891671806692220271e+07
1.166316272645210803e-02 1.124999999999999958e-02 1.889831807372882962e+07
1.166316272645210803e-02 1.250000000000000069e-02 1.888586238068586215e+07
1.166316272645210803e-02 1.375000000000000007e-02 1.887866954036681354e+07
1.166316272645210803e-02 1.499999999999999944e-02 1.887631893086427450e+07
1.166316272645210803e-02 1.625000000000000056e-02 1.887866954036682099e+07
1.166316272645210803e-02 1.750000000000000167e-02 1.888586238068588451e+07
1.166316272645210803e-02 1.874999999999999931e-02 1.889831807372885570e+07
1.166316272645210803e-02 2.000000000000000042e-02 1.891671806692223996e+07
1.166316272645210803e-02 2.125000000000000153e-02 1.894189322334261984e+07
1.166316272645210803e-02 2.249999999999999917e-02 1.897419430813823268e+07
1.166316272645210803e-02 2.375000000000000028e-02 1.901005438907172531e+07
1.166316272645210803e-02 2.500000000000000139e-02 1.902402303120120242e+07
1.166316272645210803e-02 2.624999999999999903e-02 1.887898675597235933e+07
1.166316272645210803e-02 2.750000000000000014e-02 1.884871124771243334e+07
1.166316272645210803e-02 2.875000000000000125e-02 9.121050114574210718e+06
1.166316272645210803e-02 2.999999999999999889e-02 0.000000000000000000e+00
1.295906969605789896e-02 0.000000000000000000e+00 0.000000000000000000e+00
1.295906969605789896e-02 1.250000000000000026e-03 8.466829754354948178e+06
1.295906969605789896e-02 2.500000000000000052e-03 1.657146814336968958e+07
1.295906969605789896e-02 3.749999999999999861e-03 2.282024651613897085e+07
1.295906969605789896e-02 5.000000000000000104e-03 2.128354999976532161e+07
1.295906969605789896e-02 6.250000000000000347e-03 2.114942684935220331e+07
1.295906969605789896e-02 7.499999999999999722e-03 2.108297106103578582e+07
1.295906969605789896e-02 8.750000000000000833e-03 2.104026478434757143e+07
1.295906969605789896e-02 1.000000000000000021e-02 2.100992991145119071e+07
1.295906969605789896e-02 1.124999999999999958e-02 2.098839507465211675e+07
1.295906969605789896e-02 1.250000000000000069e-02 2.097400627866106853e+07
1.295906969605789896e-02 1.375000000000000007e-02 2.096576097268688306e+07
1.295906969605789896e-02 1.499999999999999944e-02 2.096307696477133408e+07
1.295906969605789896e-02 1.625000000000000056e-02 2.096576097268689424e+07
1.295906969605789896e-02 1.750000000000000167e-02 2.097400627866109461e+07
1.295906969605789896e-02 1.874999999999999931e-02 2.098839507465215027e+07
1.295906969605789896e-02 2.000000000000000042e-02 2.100992991145123914e+07
1.295906969605789896e-02 2.125000000000000153e-02 2.104026478434762731e+07
1.295906969605789896e-02 2.249999999999999917e-02 2.108297106103583798e+07
1.295906969605789896e-02 2.375000000000000028e-02 2.114942684935224801e+07
1.295906969605789896e-02 2.500000000000000139e-02 2.128354999976536259e+07
1.295906969605789896e-02 2.624999999999999903e-02 2.282024651613899693e+07
1.295906969605789896e-02 2.750000000000000014e-02 1.657146814336970635e+07
1.295906969605789896e-02 2.875000000000000125e-02 8.466829754354964942e+06
1.295906969605789896e-02 2.999999999999999889e-02 0.000000000000000000e+00
1.425497666566368817e-02 0.000000000000000000e+00 0.000000000000000000e+00
1.425497666566368817e-02 1.250000000000000026e-03 8.201892644366795197e+06
1.425497666566368817e-02 2.500000000000000052e-03 1.628890323468001932e+07
1.425497666566368817e-02 3.749999999999999861e-03 2.414706426390368119e+07
1.425497666566368817e-02 5.000000000000000104e-03 2.328556582850291952e+07
1.425497666566368817e-02 6.250000000000000347e-03 2.321607043431339785e+07
1.425497666566368817e-02 7.499999999999999722e-03 2.316622184075250104e+07
1.425497666566368817e-02 8.750000000000000833e-03 2.312533956155578047e+07
1.425497666566368817e-02 1.000000000000000021e-02 2.309368347789315507e+07
1.425497666566368817e-02 1.124999999999999958e-02 2.307079151149176806e+07
1.425497666566368817e-02 1.250000000000000069e-02 2.305554715406206623e+07
1.425497666566368817e-02 1.375000000000000007e-02 2.304687512230245024e+07
1.425497666566368817e-02 1.499999999999999944e-02 2.304406545569641888e+07
1.425497666566368817e-02 1.625000000000000056e-02 2.304687512230247632e+07
1.425497666566368817e-02 1.750000000000000167e-02 2.305554715406209603e+07
1.425497666566368817e-02 1.874999999999999931e-02 2.307079151149180904e+07
1.425497666566368817e-02 2.000000000000000042e-02 2.309368347789320350e+07
1.425497666566368817e-02 2.125000000000000153e-02 2.312533956155583262e+07
1.425497666566368817e-02 2.249999999999999917e-02 2.316622184075255319e+07
1.425497666566368817e-02 2.375000000000000028e-02 2.321607043431345001e+07
1.425497666566368817e-02 2.500000000000000139e-02 2.328556582850296795e+07
1.425497666566368817e-02 2.624999999999999903e-02 2.414706426390371472e+07
1.425497666566368817e-02 2.750000000000000014e-02 1.628890323468005657e+07
1.425497666566368817e-02 2.875000000000000125e-02 8.201892644366820343e+06
1.425497666566368817e-02 2.999999999999999889e-02 0.000000000000000000e+00
1.555088363526947737e-02 0.000000000000000000e+00 0.000000000000000000e+00
1.555088363526947737e-02 1.250000000000000026e-03 8.060430756802001968e+06
1.555088363526947737e-02 2.500000000000000052e-03 1.625230581577638909e+07
1.555088363526947737e-02 3.749999999999999861e-03 2.507952144186350331e+07
1.555088363526947737e-02 5.000000000000000104e-03 2.513283250878398120e+07
1.555088363526947737e-02 6.250000000000000347e-03 2.526159763954486698e+07
1.555088363526947737e-02 7.499999999999999722e-03 2.523983562651437521e+07
1.555088363526947737e-02 8.750000000000000833e-03 2.520049802454869077e+07
1.555088363526947737e-02 1.000000000000000021e-02 2.516801737181018665e+07
1.555088363526947737e-02 1.124999999999999958e-02 2.514496829882597923e+07
1.555088363526947737e-02 1.250000000000000069e-02 2.513002409436339140e+07
1.555088363526947737e-02 1.375000000000000007e-02 2.512168840232417732e+07
1.555088363526947737e-02 1.499999999999999944e-02 2.511901428773875907e+07
1.555088363526947737e-02 1.625000000000000056e-02 2.512168840232419595e+07
1.555088363526947737e-02 1.750000000000000167e-02 2.513002409436342865e+07
1.555088363526947737e-02 1.874999999999999931e-02 2.514496829882603884e+07
1.555088363526947737e-02 2.000000000000000042e-02 2.516801737181025371e+07
1.555088363526947737e-02 2.125000000000000153e-02 2.520049802454875037e+07
1.555088363526947737e-02 2.249999999999999917e-02 2.523983562651443109e+07
1.555088363526947737e-02 2.375000000000000028e-02 2.526159763954492286e+07
1.555088363526947737e-02 2.500000000000000139e-02 2.513283250878403336e+07
1.555088363526947737e-02 2.624999999999999903e-02 2.507952144186355174e+07
1.555088363526947737e-02 2.750000000000000014e-02 1.625230581577642262e+07
1.555088363526947737e-02 2.875000000000000125e-02 8.060430756802020594e+06
1.555088363526947737e-02 2.999999999999999889e-02 0.000000000000000000e+00
1.684679060487526830e-02 0.000000000000000000e+00 0.000000000000000000e+00
1.684679060487526830e-02 1.250000000000000026e-03 7.777692543872695416e+06
1.684679060487526830e-02 2.500000000000000052e-03 1.553284440662556514e+07
1.684679060487526830e-02 3.749999999999999861e-03 2.304634017749314010e+07
1.684679060487526830e-02 5.000000000000000104e-03 2.902908263050556555e+07
1.684679060487526830e-02 6.250000000000000347e-03 2.746891140677255765e+07
1.684679060487526830e-02 7.499999999999999722e-03 2.733233965384506062e+07
1.684679060487526830e-02 8.750000000000000833e-03 2.726828663906575739e+07
1.684679060487526830e-02 1.000000000000000021e-02 2.723221420456863940e+07
1.684679060487526830e-02 1.124999999999999958e-02 2.721043397412743047e+07
1.684679060487526830e-02 1.250000000000000069e-02 2.719739820604552701e+07
1.684679060487526830e-02 1.375000000000000007e-02 2.719041661935557798e+07
1.684679060487526830e-02 1.499999999999999944e-02 2.718821484349996969e+07
1.684679060487526830e-02 1.625000000000000056e-02 2.719041661935560033e+07
1.684679060487526830e-02 1.750000000000000167e-02 2.719739820604557917e+07
1.684679060487526830e-02 1.874999999999999931e-02 2.721043397412749380e+07
1.684679060487526830e-02 2.000000000000000042e-02 2.723221420456871390e+07
1.684679060487526830e-02 2.125000000000000153e-02 2.726828663906583190e+07
1.684679060487526830e-02 2.249999999999999917e-02 2.733233965384513885e+07
1.684679060487526830e-02 2.375000000000000028e-02 2.746891140677263588e+07
1.684679060487526830e-02 2.500000000000000139e-02 2.902908263050562143e+07
1.684679060487526830e-02 2.624999999999999903e-02 2.304634017749318853e+07
1.684679060487526830e-02 2.750000000000000014e-02 1.553284440662559867e+07
1.684679060487526830e-02 2.875000000000000125e-02 7.777692543872712180e+06
1.684679060487526830e-02 2.999999999999999889e-02 0.000000000000000000e+00
1.814269757448105924e-02 0.000000000000000000e+00 0.000000000000000000e+00
1.814269757448105924e-02 1.250000000000000026e-03 7.519181053191468120e+06
1.814269757448105924e-02 2.500000000000000052e-03 1.507311494552624784e+07
1.814269757448105924e-02 3.749999999999999861e-03 2.265841245558899641e+07
1.814269757448105924e-02 5.000000000000000104e-03 3.022217748893012479e+07
1.814269757448105924e-02 6.250000000000000347e-03 2.941550894035091251e+07
1.814269757448105924e-02 7.499999999999999722e-03 2.934690054726789147e+07
1.814269757448105924e-02 8.750000000000000833e-03 2.930600172815416753e+07
1.814269757448105924e-02 1.000000000000000021e-02 2.928104977756150067e+07
1.814269757448105924e-02 1.124999999999999958e-02 2.926650110199096426e+07
1.814269757448105924e-02 1.250000000000000069e-02 2.925826528405632079e+07
1.814269757448105924e-02 1.375000000000000007e-02 2.925400749608808383e+07
1.814269757448105924e-02 1.499999999999999944e-02 2.925268246223742887e+07
1.814269757448105924e-02 1.625000000000000056e-02 2.925400749608811736e+07
1.814269757448105924e-02 1.750000000000000167e-02 2.925826528405638039e+07
1.814269757448105924e-02 1.874999999999999931e-02 2.926650110199103504e+07
1.814269757448105924e-02 2.000000000000000042e-02 2.928104977756159008e+07
1.814269757448105924e-02 2.125000000000000153e-02 2.930600172815425321e+07
1.814269757448105924e-02 2.249999999999999917e-02 2.934690054726798460e+07
1.814269757448105924e-02 2.375000000000000028e-02 2.941550894035100937e+07
1.814269757448105924e-02 2.500000000000000139e-02 3.022217748893020302e+07
1.814269757448105924e-02 2.624999999999999903e-02 2.265841245558904856e+07
1.814269757448105924e-02 2.750000000000000014e-02 1.507311494552628323e+07
1.814269757448105924e-02 2.875000000000000125e-02 7.519181053191483021e+06
1.814269757448105924e-02 2.999999999999999889e-02 0.000000000000000000e+00
1.943860454408684671e-02 0.000000000000000000e+00 0.000000000000000000e+00
1.943860454408684671e-02 1.250000000000000026e-03 7.223317213804302737e+06
1.943860454408684671e-02 2.500000000000000052e-03 1.457967587062464096e+07
1.943860454408684671e-02 3.749999999999999861e-03 2.229362783792712167e+07
1.943860454408684671e-02 5.000000000000000104e-03 3.097996075516612083e+07
1.943860454408684671e-02 6.250000000000000347e-03 3.122365218342214823e+07
1.943860454408684671e-02 7.499999999999999722e-03 3.133167919282528013e+07
1.943860454408684671e-02 8.750000000000000833e-03 3.132657712424339354e+07
1.943860454408684671e-02 1.000000000000000021e-02 3.131870391140037775e+07
1.943860454408684671e-02 1.124999999999999958e-02 3.131578317097701132e+07
1.943860454408684671e-02 1.250000000000000069e-02 3.131485677578034997e+07
1.943860454408684671e-02 1.375000000000000007e-02 3.131444624893178046e+07
1.943860454408684671e-02 1.499999999999999944e-02 3.131430178842340782e+07
1.943860454408684671e-02 1.625000000000000056e-02 3.131444624893181771e+07
1.943860454408684671e-02 1.750000000000000167e-02 3.131485677578041330e+07
1.943860454408684671e-02 1.874999999999999931e-02 3.131578317097708583e+07
1.943860454408684671e-02 2.000000000000000042e-02 3.131870391140047833e+07
1.943860454408684671e-02 2.125000000000000153e-02 3.132657712424349785e+07
1.943860454408684671e-02 2.249999999999999917e-02 3.133167919282538444e+07
1.943860454408684671e-02 2.375000000000000028e-02 3.122365218342224509e+07
1.943860454408684671e-02 2.500000000000000139e-02 3.097996075516620278e+07
1.943860454408684671e-02 2.624999999999999903e-02 2.229362783792717382e+07
1.943860454408684671e-02 2.750000000000000014e-02 1.457967587062466890e+07
1.943860454408684671e-02 2.875000000000000125e-02 7.223317213804317638e+06
1.943860454408684671e-02 2.999999999999999889e-02 0.000000000000000000e+00
2.073451151369263765e-02 0.000000000000000000e+00 0.000000000000000000e+00
2.073451151369263765e-02 1.250000000000000026e-03 6.784460442202792503e+06
2.073451151369263765e-02 2.500000000000000052e-03 1.370189553448223695e+07
2.073451151369263765e-02 3.749999999999999861e-03 2.088372825376539677e+07
2.073451151369263765e-02 5.000000000000000104e-03 2.834697305421489477e+07
2.073451151369263765e-02 6.250000000000000347e-03 3.523058622029607743e+07
2.073451151369263765e-02 7.499999999999999722e-03 3.343804896226904541e+07
2.073451151369263765e-02 8.750000000000000833e-03 3.335013094596078992e+07
2.073451151369263765e-02 1.000000000000000021e-02 3.335103512828241289e+07
2.073451151369263765e-02 1.124999999999999958e-02 3.336292171787437424e+07
2.073451151369263765e-02 1.250000000000000069e-02 3.337089381224551797e+07
2.073451151369263765e-02 1.375000000000000007e-02 3.337459903369454667e+07
2.073451151369263765e-02 1.499999999999999944e-02 3.337561058232391253e+07
2.073451151369263765e-02 1.625000000000000056e-02 3.337459903369457647e+07
2.073451151369263765e-02 1.750000000000000167e-02 3.337089381224558130e+07
2.073451151369263765e-02 1.874999999999999931e-02 3.336292171787445247e+07
2.073451151369263765e-02 2.000000000000000042e-02 3.335103512828252465e+07
2.073451151369263765e-02 2.125000000000000153e-02 3.335013094596091658e+07
2.073451151369263765e-02 2.249999999999999917e-02 3.343804896226916462e+07
2.073451151369263765e-02 2.375000000000000028e-02 3.523058622029617429e+07
2.073451151369263765e-02 2.500000000000000139e-02 2.834697305421496928e+07
2.073451151369263765e-02 2.624999999999999903e-02 2.088372825376545265e+07
2.073451151369263765e-02 2.750000000000000014e-02 1.370189553448227048e+07
2.073451151369263765e-02 2.875000000000000125e-02 6.784460442202808335e+06
2.073451151369263765e-02 2.999999999999999889e-02 0.000000000000000000e+00
2.203041848329842858e-02 0.000000000000000000e+00 0.000000000000000000e+00
2.203041848329842858e-02 1.250000000000000026e-03 6.202682527432793751e+06
2.203041848329842858e-02 2.500000000000000052e-03 1.253994065017877892e+07
2.203041848329842858e-02 3.749999999999999861e-03 1.917136698748208210e+07
2.203041848329842858e-02 5.000000000000000104e-03 2.633697338709405810e+07
2.203041848329842858e-02 6.250000000000000347e-03 3.461818593189985305e+07
2.203041848329842858e-02 7.499999999999999722e-03 3.511910142413356155e+07
2.203041848329842858e-02 8.750000000000000833e-03 3.527821867576067150e+07
2.203041848329842858e-02 1.000000000000000021e-02 3.537156245471683145e+07
2.203041848329842858e-02 1.124999999999999958e-02 3.541426756391909719e+07
2.203041848329842858e-02 1.250000000000000069e-02 3.543151688338296860e+07
2.203041848329842858e-02 1.375000000000000007e-02 3.543764697778643668e+07
2.203041848329842858e-02 1.499999999999999944e-02 3.543909380099476874e+07
2.203041848329842858e-02 1.625000000000000056e-02 3.543764697778646648e+07
2.203041848329842858e-02 1.750000000000000167e-02 3.543151688338304311e+07
2.203041848329842858e-02 1.874999999999999931e-02 3.541426756391918659e+07
2.203041848329842858e-02 2.000000000000000042e-02 3.537156245471695065e+07
2.203041848329842858e-02 2.125000000000000153e-02 3.527821867576080561e+07
2.203041848329842858e-02 2.249999999999999917e-02 3.511910142413368076e+07
2.203041848329842858e-02 2.375000000000000028e-02 3.461818593189996481e+07
2.203041848329842858e-02 2.500000000000000139e-02 2.633697338709414005e+07
2.203041848329842858e-02 2.624999999999999903e-02 1.917136698748213798e+07
2.203041848329842858e-02 2.750000000000000014e-02 1.253994065017881244e+07
2.203041848329842858e-02 2.875000000000000125e-02 6.202682527432809584e+06
2.203041848329842858e-02 2.999999999999999889e-02 0.000000000000000000e+00
2.332632545290421605e-02 0.000000000000000000e+00 0.000000000000000000e+00
2.332632545290421605e-02 1.250000000000000026e-03 5.476262773683303967e+06
2.332632545290421605e-02 2.500000000000000052e-03 1.106181379261477664e+07
2.332632545290421605e-02 3.749999999999999861e-03 1.688486903334916010e+07
2.332632545290421605e-02 5.000000000000000104e-03 2.312792032517214864e+07
2.332632545290421605e-02 6.250000000000000347e-03 3.010956711185156181e+07
2.332632545290421605e-02 7.499999999999999722e-03 3.838689774016406387e+07
2.332632545290421605e-02 8.750000000000000833e-03 4.057302529821857810e+07
2.332632545290421605e-02 1.000000000000000021e-02 4.112867684606678039e+07
2.332632545290421605e-02 1.124999999999999958e-02 4.125430295979080349e+07
2.332632545290421605e-02 1.250000000000000069e-02 4.127262402752952278e+07
2.332632545290421605e-02 1.375000000000000007e-02 4.126952663191922009e+07
2.332632545290421605e-02 1.499999999999999944e-02 4.126707392951418459e+07
2.332632545290421605e-02 1.625000000000000056e-02 4.126952663191926479e+07
2.332632545290421605e-02 1.750000000000000167e-02 4.127262402752961218e+07
2.332632545290421605e-02 1.874999999999999931e-02 4.125430295979090035e+07
2.332632545290421605e-02 2.000000000000000042e-02 4.112867684606689215e+07
2.332632545290421605e-02 2.125000000000000153e-02 4.057302529821869731e+07
2.332632545290421605e-02 2.249999999999999917e-02 3.838689774016416073e+07
2.332632545290421605e-02 2.375000000000000028e-02 3.010956711185164750e+07
2.332632545290421605e-02 2.500000000000000139e-02 2.312792032517221943e+07
2.332632545290421605e-02 2.624999999999999903e-02 1.688486903334921226e+07
2.332632545290421605e-02 2.750000000000000014e-02 1.106181379261481017e+07
2.332632545290421605e-02 2.875000000000000125e-02 5.476262773683320731e+06
2.332632545290421605e-02 2.999999999999999889e-02 0.000000000000000000e+00
2.462223242251000699e-02 0.000000000000000000e+00 0.000000000000000000e+00
2.462223242251000699e-02 1.250000000000000026e-03 4.632380022762981243e+06
2.462223242251000699e-02 2.500000000000000052e-03 9.328417416628673673e+06
2.462223242251000699e-02 3.749999999999999861e-03 1.414695935740887560e+07
2.462223242251000699e-02 5.000000000000000104e-03 1.912502488499901071e+07
2.462223242251000699e-02 6.250000000000000347e-03 2.420834740340538695e+07
2.462223242251000699e-02 7.499999999999999722e-03 2.897309623639097065e+07
2.462223242251000699e-02 8.750000000000000833e-03 3.161083836990411952e+07
2.462223242251000699e-02 1.000000000000000021e-02 3.292824326301238686e+07
2.462223242251000699e-02 1.124999999999999958e-02 3.357696461273603886e+07
2.462223242251000699e-02 1.250000000000000069e-02 3.389607869116394222e+07
2.462223242251000699e-02 1.375000000000000007e-02 3.404338145235700905e+07
2.462223242251000699e-02 1.499999999999999944e-02 3.408626921930921823e+07
2.462223242251000699e-02 1.625000000000000056e-02 3.404338145235702395e+07
2.462223242251000699e-02 1.750000000000000167e-02 3.389607869116398692e+07
2.462223242251000699e-02 1.874999999999999931e-02 3.357696461273610592e+07
2.462223242251000699e-02 2.000000000000000042e-02 3.292824326301246136e+07
2.462223242251000699e-02 2.125000000000000153e-02 3.161083836990419030e+07
2.462223242251000699e-02 2.249999999999999917e-02 2.897309623639103770e+07
2.462223242251000699e-02 2.375000000000000028e-02 2.420834740340545028e+07
2.462223242251000699e-02 2.500000000000000139e-02 1.912502488499906659e+07
2.462223242251000699e-02 2.624999999999999903e-02 1.414695935740891658e+07
2.462223242251000699e-02 2.750000000000000014e-02 9.328417416628699750e+06
2.462223242251000699e-02 2.875000000000000125e-02 4.632380022762992419e+06
2.462223242251000699e-02 2.999999999999999889e-02 0.000000000000000000e+00
2.591813939211579793e-02 0.000000000000000000e+00 0.000000000000000000e+00
2.591813939211579793e-02 1.250000000000000026e-03 3.720078334519968368e+06
2.591813939211579793e-02 2.500000000000000052e-03 7.463353163507592864e+06
2.591813939211579793e-02 3.749999999999999861e-03 1.123759374324222468e+07
2.591813939211579793e-02 5.000000000000000104e-03 1.500899923959307745e+07
2.591813939211579793e-02 6.250000000000000347e-03 1.864953066633379087e+07
2.591813939211579793e-02 7.499999999999999722e-03 2.184540136151596531e+07
2.591813939211579793e-02 8.750000000000000833e-03 2.406774980099738762e+07
2.591813939211579793e-02 1.000000000000000021e-02 2.544651069841072708e+07
2.591813939211579793e-02 1.124999999999999958e-02 2.625388813426363468e+07
2.591813939211579793e-02 1.250000000000000069e-02 2.670419614469351619e+07
2.591813939211579793e-02 1.375000000000000007e-02 2.692946150017632544e+07
2.591813939211579793e-02 1.499999999999999944e-02 2.699765604602077603e+07
2.591813939211579793e-02 1.625000000000000056e-02 2.692946150017632544e+07
2.591813939211579793e-02 1.750000000000000167e-02 2.670419614469353110e+07
2.591813939211579793e-02 1.874999999999999931e-02 2.625388813426365703e+07
2.591813939211579793e-02 2.000000000000000042e-02 2.544651069841078669e+07
2.591813939211579793e-02 2.125000000000000153e-02 2.406774980099743977e+07
2.591813939211579793e-02 2.249999999999999917e-02 2.184540136151601002e+07
2.591813939211579793e-02 2.375000000000000028e-02 1.864953066633382812e+07
2.591813939211579793e-02 2.500000000000000139e-02 1.500899923959311657e+07
2.591813939211579793e-02 2.624999999999999903e-02 1.123759374324225634e+07
2.591813939211579793e-02 2.750000000000000014e-02 7.463353163507614285e+06
2.591813939211579793e-02 2.875000000000000125e-02 3.720078334519978613e+06
2.591813939211579793e-02 2.999999999999999889e-02 0.000000000000000000e+00
2.721404636172158539e-02 0.000000000000000000e+00 0.000000000000000000e+00
2.721404636172158539e-02 1.250000000000000026e-03 2.782845055895570666e+06
2.721404636172158539e-02 2.500000000000000052e-03 5.565006923983226530e+06
2.721404636172158539e-02 3.749999999999999861e-03 8.331275276467621326e+06
2.721404636172158539e-02 5.000000000000000104e-03 1.103363703363978863e+07
2.721404636172158539e-02 6.250000000000000347e-03 1.356863524764768034e+07
2.721404636172158539e-02 7.499999999999999722e-03 1.576404812848408520e+07
2.721404636172158539e-02 8.750000000000000833e-03 1.743134905420992523e+07
2.721404636172158539e-02 1.000000000000000021e-02 1.857890103217141330e+07
2.721404636172158539e-02 1.124999999999999958e-02 1.931458984541275725e+07
2.721404636172158539e-02 1.250000000000000069e-02 1.975418942559446767e+07
2.721404636172158539e-02 1.375000000000000007e-02 1.998436124151597172e+07
2.721404636172158539e-02 1.499999999999999944e-02 2.005563385747005045e+07
2.721404636172158539e-02 1.625000000000000056e-02 1.998436124151597545e+07
2.721404636172158539e-02 1.750000000000000167e-02 1.975418942559447885e+07
2.721404636172158539e-02 1.874999999999999931e-02 1.931458984541278332e+07
2.721404636172158539e-02 2.000000000000000042e-02 1.857890103217144310e+07
2.721404636172158539e-02 2.125000000000000153e-02 1.743134905420995876e+07
2.721404636172158539e-02 2.249999999999999917e-02 1.576404812848411500e+07
2.721404636172158539e-02 2.375000000000000028e-02 1.356863524764771014e+07
2.721404636172158539e-02 2.500000000000000139e-02 1.103363703363981657e+07
2.721404636172158539e-02 2.624999999999999903e-02 8.331275276467644610e+06
2.721404636172158539e-02 2.750000000000000014e-02 5.565006923983240500e+06
2.721404636172158539e-02 2.875000000000000125e-02 2.782845055895577651e+06
2.721404636172158539e-02 2.999999999999999889e-02 0.000000000000000000e+00
2.850995333132737633e-02 0.000000000000000000e+00 0.000000000000000000e+00
2.850995333132737633e-02 1.250000000000000026e-03 1.846346067471973598e+06
2.850995333132737633e-02 2.500000000000000052e-03 3.683743033746293280e+06
2.850995333132737633e-02 3.749999999999999861e-03 5.493643613175987266e+06
2.850995333132737633e-02 5.000000000000000104e-03 7.238157150369646028e+06
2.850995333132737633e-02 6.250000000000000347e-03 8.852726117642495781e+06
2.850995333132737633e-02 7.499999999999999722e-03 1.025030958217511512e+07
2.850995333132737633e-02 8.750000000000000833e-03 1.135357443452475592e+07
2.850995333132737633e-02 1.000000000000000021e-02 1.215396186212715134e+07
2.850995333132737633e-02 1.124999999999999958e-02 1.269352824035365507e+07
2.850995333132737633e-02 1.250000000000000069e-02 1.302927565061701462e+07
2.850995333132737633e-02 1.375000000000000007e-02 1.321004583015405387e+07
2.850995333132737633e-02 1.499999999999999944e-02 1.326681927266778052e+07
2.850995333132737633e-02 1.625000000000000056e-02 1.321004583015406132e+07
2.850995333132737633e-02 1.750000000000000167e-02 1.302927565061703324e+07
2.850995333132737633e-02 1.874999999999999931e-02 1.269352824035367556e+07
2.850995333132737633e-02 2.000000000000000042e-02 1.215396186212716997e+07
2.850995333132737633e-02 2.125000000000000153e-02 1.135357443452477455e+07
2.850995333132737633e-02 2.249999999999999917e-02 1.025030958217513561e+07
2.850995333132737633e-02 2.375000000000000028e-02 8.852726117642516270e+06
2.850995333132737633e-02 2.500000000000000139e-02 7.238157150369664654e+06
2.850995333132737633e-02 2.624999999999999903e-02 5.493643613176002167e+06
2.850995333132737633e-02 2.750000000000000014e-02 3.683743033746303059e+06
2.850995333132737633e-02 2.875000000000000125e-02 1.846346067471978255e+06
2.850995333132737633e-02 2.999999999999999889e-02 0.000000000000000000e+00
2.980586030093316727e-02 0.000000000000000000e+00 0.000000000000000000e+00
2.980586030093316727e-02 1.250000000000000026e-03 9.194655722932302160e+05
2.980586030093316727e-02 2.500000000000000052e-03 1.832032257870419882e+06
2.980586030093316727e-02 3.749999999999999861e-03 2.726289937601516955e+06
2.980586030093316727e-02 5.000000000000000104e-03 3.582341680361093953e+06
2.980586030093316727e-02 6.250000000000000347e-03 4.370032988467150368e+06
2.980586030093316727e-02 7.499999999999999722e-03 5.052904656482608989e+06
2.980586030093316727e-02 8.750000000000000833e-03 5.601332446509246714e+06
2.980586030093316727e-02 1.000000000000000021e-02 6.009353134898263961e+06
2.980586030093316727e-02 1.124999999999999958e-02 6.291531245608818717e+06
2.980586030093316727e-02 1.250000000000000069e-02 6.470931390714243986e+06
2.980586030093316727e-02 1.375000000000000007e-02 6.569002101735608652e+06
2.980586030093316727e-02 1.499999999999999944e-02 6.600044870727365837e+06
2.980586030093316727e-02 1.625000000000000056e-02 6.569002101735612378e+06
2.980586030093316727e-02 1.750000000000000167e-02 6.470931390714251436e+06
2.980586030093316727e-02 1.874999999999999931e-02 6.291531245608828031e+06
2.980586030093316727e-02 2.000000000000000042e-02 6.009353134898272343e+06
2.980586030093316727e-02 2.125000000000000153e-02 5.601332446509256959e+06
2.980586030093316727e-02 2.249999999999999917e-02 5.052904656482622027e+06
2.980586030093316727e-02 2.375000000000000028e-02 4.370032988467162475e+06
2.980586030093316727e-02 2.500000000000000139e-02 3.582341680361103732e+06
2.980586030093316727e-02 2.624999999999999903e-02 2.726289937601523940e+06
2.980586030093316727e-02 2.750000000000000014e-02 1.832032257870424772e+06
2.980586030093316727e-02 2.875000000000000125e-02 9.194655722932326607e+05
2.980586030093316727e-02 2.999999999999999889e-02 0.000000000000000000e+00
3.110176727053895473e-02 0.000000000000000000e+00 0.000000000000000000e+00
3.110176727053895473e-02 1.250000000000000026e-03 0.000000000000000000e+00
3.110176727053895473e-02 2.500000000000000052e-03 0.000000000000000000e+00
3.110176727053895473e-02 3.749999999999999861e-03 0.000000000000000000e+00
3.110176727053895473e-02 5.000000000000000104e-03 0.000000000000000000e+00
3.110176727053895473e-02 6.250000000000000347e-03 0.000000000000000000e+00
3.110176727053895473e-02 7.499999999999999722e-03 0.000000000000000000e+00
3.110176727053895473e-02 8.750000000000000833e-03 0.000000000000000000e+00
3.110176727053895473e-02 1.000000000000000021e-02 0.000000000000000000e+00
3.110176727053895473e-02 1.124999999999999958e-02 0.000000000000000000e+00
3.110176727053895473e-02 1.250000000000000069e-02 0.000000000000000000e+00
3.110176727053895473e-02 1.375000000000000007e-02 0.000000000000000000e+00
3.110176727053895473e-02 1.499999999999999944e-02 0.000000000000000000e+00
3.110176727053895473e-02 1.625000000000000056e-02 0.000000000000000000e+00
3.110176727053895473e-02 1.750000000000000167e-02 0.000000000000000000e+00
3.110176727053895473e-02 1.874999999999999931e-02 0.000000000000000000e+00
3.110176727053895473e-02 2.000000000000000042e-02 0.000000000000000000e+00
3.110176727053895473e-02 2.125000000000000153e-02 0.000000000000000000e+00
3.110176727053895473e-02 2.249999999999999917e-02 0.000000000000000000e+00
3.110176727053895473e-02 2.375000000000000028e-02 0.000000000000000000e+00
3.110176727053895473e-02 2.500000000000000139e-02 0.000000000000000000e+00
3.110176727053895473e-02 2.624999999999999903e-02 0.000000000000000000e+00
3.110176727053895473e-02 2.750000000000000014e-02 0.000000000000000000e+00
3.110176727053895473e-02 2.875000000000000125e-02 0.000000000000000000e+00
3.110176727053895473e-02 2.999999999999999889e-02 0.000000000000000000e+00
