0.000000000000000000e+00 0.000000000000000000e+00 0.000000000000000000e+00
1.250000000000000026e-03 0.000000000000000000e+00 3.652135692955256905e+06
2.500000000000000052e-03 0.000000000000000000e+00 7.304271385910513811e+06
3.749999999999999861e-03 0.000000000000000000e+00 1.095640707886577025e+07
5.000000000000000104e-03 0.000000000000000000e+00 1.460854277182102762e+07
6.250000000000000347e-03 0.000000000000000000e+00 1.826067846477628499e+07
7.499999999999999722e-03 0.000000000000000000e+00 2.191281415773154050e+07
8.750000000000000833e-03 0.000000000000000000e+00 2.556494985068679601e+07
1.000000000000000021e-02 0.000000000000000000e+00 2.921708554364205152e+07
1.124999999999999958e-02 0.000000000000000000e+00 3.286922123659731075e+07
1.250000000000000069e-02 0.000000000000000000e+00 3.652135692955256999e+07
1.375000000000000007e-02 0.000000000000000000e+00 4.017349262250783294e+07
1.499999999999999944e-02 0.000000000000000000e+00 4.382562831546309590e+07
1.625000000000000056e-02 0.000000000000000000e+00 4.747776400841836631e+07
1.750000000000000167e-02 0.000000000000000000e+00 5.112989970137363672e+07
1.874999999999999931e-02 0.000000000000000000e+00 5.478203539432891458e+07
2.000000000000000042e-02 0.000000000000000000e+00 5.843417108728419244e+07
2.125000000000000153e-02 0.000000000000000000e+00 6.332957874707662314e+07
2.249999999999999917e-02 0.000000000000000000e+00 5.428249606892283261e+07
2.375000000000000028e-02 0.000000000000000000e+00 4.523541339076902717e+07
2.500000000000000139e-02 0.000000000000000000e+00 3.618833071261522174e+07
2.624999999999999903e-02 0.000000000000000000e+00 2.714124803446141630e+07
2.750000000000000014e-02 0.000000000000000000e+00 1.809416535630761459e+07
2.875000000000000125e-02 0.000000000000000000e+00 9.047082678153807297e+06
2.999999999999999889e-02 0.000000000000000000e+00 0.000000000000000000e+00
0.000000000000000000e+00 1.295906969605789853e-03 0.000000000000000000e+00
1.250000000000000026e-03 1.295906969605789853e-03 3.652135692955256905e+06
2.500000000000000052e-03 1.295906969605789853e-03 7.304271385910513811e+06
3.749999999999999861e-03 1.295906969605789853e-03 1.095640707886577025e+07
5.000000000000000104e-03 1.295906969605789853e-03 1.460854277182102762e+07
6.250000000000000347e-03 1.295906969605789853e-03 1.826067846477628499e+07
7.499999999999999722e-03 1.295906969605789853e-03 2.191281415773154050e+07
8.750000000000000833e-03 1.295906969605789853e-03 2.556494985068679601e+07
1.000000000000000021e-02 1.295906969605789853e-03 2.921708554364205152e+07
1.124999999999999958e-02 1.295906969605789853e-03 3.286922123659731075e+07
1.250000000000000069e-02 1.295906969605789853e-03 3.652135692955256999e+07
1.375000000000000007e-02 1.295906969605789853e-03 4.017349262250783294e+07
1.499999999999999944e-02 1.295906969605789853e-03 4.382562831546309590e+07
1.625000000000000056e-02 1.295906969605789853e-03 4.747776400841836631e+07
1.750000000000000167e-02 1.295906969605789853e-03 5.112989970137363672e+07
1.874999999999999931e-02 1.295906969605789853e-03 5.478203539432891458e+07
2.000000000000000042e-02 1.295906969605789853e-03 5.843417108728419244e+07
2.125000000000000153e-02 1.295906969605789853e-03 6.332957874707662314e+07
2.249999999999999917e-02 1.295906969605789853e-03 5.428249606892283261e+07
2.375000000000000028e-02 1.295906969605789853e-03 4.523541339076902717e+07
2.500000000000000139e-02 1.295906969605789853e-03 3.618833071261522174e+07
2.624999999999999903e-02 1.295906969605789853e-03 2.714124803446141630e+07
2.750000000000000014e-02 1.295906969605789853e-03 1.809416535630761459e+07
2.875000000000000125e-02 1.295906969605789853e-03 9.047082678153807297e+06
2.999999999999999889e-02 1.295906969605789853e-03 0.000000000000000000e+00
0.000000000000000000e+00 2.591813939211579706e-03 0.000000000000000000e+00
1.250000000000000026e-03 2.591813939211579706e-03 3.652135692955256905e+06
2.500000000000000052e-03 2.591813939211579706e-03 7.304271385910513811e+06
3.749999999999999861e-03 2.591813939211579706e-03 1.095640707886577025e+07
5.000000000000000104e-03 2.591813939211579706e-03 1.460854277182102762e+07
6.250000000000000347e-03 2.591813939211579706e-03 1.826067846477628499e+07
7.499999999999999722e-03 2.591813939211579706e-03 2.191281415773154050e+07
8.750000000000000833e-03 2.591813939211579706e-03 2.556494985068679601e+07
1.000000000000000021e-02 2.591813939211579706e-03 2.921708554364205152e+07
1.124999999999999958e-02 2.591813939211579706e-03 3.286922123659731075e+07
1.250000000000000069e-02 2.591813939211579706e-03 3.652135692955256999e+07
1.375000000000000007e-02 2.591813939211579706e-03 4.017349262250783294e+07
1.499999999999999944e-02 2.591813939211579706e-03 4.382562831546309590e+07
1.625000000000000056e-02 2.591813939211579706e-03 4.747776400841836631e+07
1.750000000000000167e-02 2.591813939211579706e-03 5.112989970137363672e+07
1.874999999999999931e-02 2.591813939211579706e-03 5.478203539432891458e+07
2.000000000000000042e-02 2.591813939211579706e-03 5.843417108728419244e+07
2.125000000000000153e-02 2.591813939211579706e-03 6.332957874707662314e+07
2.249999999999999917e-02 2.591813939211579706e-03 5.428249606892283261e+07
2.375000000000000028e-02 2.591813939211579706e-03 4.523541339076902717e+07
2.500000000000000139e-02 2.591813939211579706e-03 3.618833071261522174e+07
2.624999999999999903e-02 2.591813939211579706e-03 2.714124803446141630e+07
2.750000000000000014e-02 2.591813939211579706e-03 1.809416535630761459e+07
2.875000000000000125e-02 2.591813939211579706e-03 9.047082678153807297e+06
2.999999999999999889e-02 2.591813939211579706e-03 0.000000000000000000e+00
0.000000000000000000e+00 3.887720908817369342e-03 0.000000000000000000e+00
1.250000000000000026e-03 3.887720908817369342e-03 3.652135692955256905e+06
2.500000000000000052e-03 3.887720908817369342e-03 7.304271385910513811e+06
3.749999999999999861e-03 3.887720908817369342e-03 1.095640707886577025e+07
5.000000000000000104e-03 3.887720908817369342e-03 1.460854277182102762e+07
6.250000000000000347e-03 3.887720908817369342e-03 1.826067846477628499e+07
7.499999999999999722e-03 3.887720908817369342e-03 2.191281415773154050e+07
8.750000000000000833e-03 3.887720908817369342e-03 2.556494985068679601e+07
1.000000000000000021e-02 3.887720908817369342e-03 2.921708554364205152e+07
1.124999999999999958e-02 3.887720908817369342e-03 3.286922123659731075e+07
1.250000000000000069e-02 3.887720908817369342e-03 3.652135692955256999e+07
1.375000000000000007e-02 3.887720908817369342e-03 4.017349262250783294e+07
1.499999999999999944e-02 3.887720908817369342e-03 4.382562831546309590e+07
1.625000000000000056e-02 3.887720908817369342e-03 4.747776400841836631e+07
1.750000000000000167e-02 3.887720908817369342e-03 5.112989970137363672e+07
1.874999999999999931e-02 3.887720908817369342e-03 5.478203539432891458e+07
2.000000000000000042e-02 3.887720908817369342e-03 5.843417108728419244e+07
2.125000000000000153e-02 3.887720908817369342e-03 6.332957874707662314e+07
2.249999999999999917e-02 3.887720908817369342e-03 5.428249606892283261e+07
2.375000000000000028e-02 3.887720908817369342e-03 4.523541339076902717e+07
2.500000000000000139e-02 3.887720908817369342e-03 3.618833071261522174e+07
2.624999999999999903e-02 3.887720908817369342e-03 2.714124803446141630e+07
2.750000000000000014e-02 3.887720908817369342e-03 1.809416535630761459e+07
2.875000000000000125e-02 3.887720908817369342e-03 9.047082678153807297e+06
2.999999999999999889e-02 3.887720908817369342e-03 0.000000000000000000e+00
0.000000000000000000e+00 5.183627878423159412e-03 0.000000000000000000e+00
1.250000000000000026e-03 5.183627878423159412e-03 3.652135692955256905e+06
2.500000000000000052e-03 5.183627878423159412e-03 7.304271385910513811e+06
3.749999999999999861e-03 5.183627878423159412e-03 1.095640707886577025e+07
5.000000000000000104e-03 5.183627878423159412e-03 1.460854277182102762e+07
6.250000000000000347e-03 5.183627878423159412e-03 1.826067846477628499e+07
7.499999999999999722e-03 5.183627878423159412e-03 2.191281415773154050e+07
8.750000000000000833e-03 5.183627878423159412e-03 2.556494985068679601e+07
1.000000000000000021e-02 5.183627878423159412e-03 2.921708554364205152e+07
1.124999999999999958e-02 5.183627878423159412e-03 3.286922123659731075e+07
1.250000000000000069e-02 5.183627878423159412e-03 3.652135692955256999e+07
1.375000000000000007e-02 5.183627878423159412e-03 4.017349262250783294e+07
1.499999999999999944e-02 5.183627878423159412e-03 4.382562831546309590e+07
1.625000000000000056e-02 5.183627878423159412e-03 4.747776400841836631e+07
1.750000000000000167e-02 5.183627878423159412e-03 5.112989970137363672e+07
1.874999999999999931e-02 5.183627878423159412e-03 5.478203539432891458e+07
2.000000000000000042e-02 5.183627878423159412e-03 5.843417108728419244e+07
2.125000000000000153e-02 5.183627878423159412e-03 6.332957874707662314e+07
2.249999999999999917e-02 5.183627878423159412e-03 5.428249606892283261e+07
2.375000000000000028e-02 5.183627878423159412e-03 4.523541339076902717e+07
2.500000000000000139e-02 5.183627878423159412e-03 3.618833071261522174e+07
2.624999999999999903e-02 5.183627878423159412e-03 2.714124803446141630e+07
2.750000000000000014e-02 5.183627878423159412e-03 1.809416535630761459e+07
2.875000000000000125e-02 5.183627878423159412e-03 9.047082678153807297e+06
2.999999999999999889e-02 5.183627878423159412e-03 0.000000000000000000e+00
0.000000000000000000e+00 6.479534848028949481e-03 0.000000000000000000e+00
1.250000000000000026e-03 6.479534848028949481e-03 3.652135692955256905e+06
2.500000000000000052e-03 6.479534848028949481e-03 7.304271385910513811e+06
3.749999999999999861e-03 6.479534848028949481e-03 1.095640707886577025e+07
5.000000000000000104e-03 6.479534848028949481e-03 1.460854277182102762e+07
6.250000000000000347e-03 6.479534848028949481e-03 1.826067846477628499e+07
7.499999999999999722e-03 6.479534848028949481e-03 2.191281415773154050e+07
8.750000000000000833e-03 6.479534848028949481e-03 2.556494985068679601e+07
1.000000000000000021e-02 6.479534848028949481e-03 2.921708554364205152e+07
1.124999999999999958e-02 6.479534848028949481e-03 3.286922123659731075e+07
1.250000000000000069e-02 6.479534848028949481e-03 3.652135692955256999e+07
1.375000000000000007e-02 6.479534848028949481e-03 4.017349262250783294e+07
1.499999999999999944e-02 6.479534848028949481e-03 4.382562831546309590e+07
1.625000000000000056e-02 6.479534848028949481e-03 4.747776400841836631e+07
1.750000000000000167e-02 6.479534848028949481e-03 5.112989970137363672e+07
1.874999999999999931e-02 6.479534848028949481e-03 5.478203539432891458e+07
2.000000000000000042e-02 6.479534848028949481e-03 5.843417108728419244e+07
2.125000000000000153e-02 6.479534848028949481e-03 6.332957874707662314e+07
2.249999999999999917e-02 6.479534848028949481e-03 5.428249606892283261e+07
2.375000000000000028e-02 6.479534848028949481e-03 4.523541339076902717e+07
2.500000000000000139e-02 6.479534848028949481e-03 3.618833071261522174e+07
2.624999999999999903e-02 6.479534848028949481e-03 2.714124803446141630e+07
2.750000000000000014e-02 6.479534848028949481e-03 1.809416535630761459e+07
2.875000000000000125e-02 6.479534848028949481e-03 9.047082678153807297e+06
2.999999999999999889e-02 6.479534848028949481e-03 0.000000000000000000e+00
0.000000000000000000e+00 7.775441817634738684e-03 0.000000000000000000e+00
1.250000000000000026e-03 7.775441817634738684e-03 3.652135692955256905e+06
2.500000000000000052e-03 7.775441817634738684e-03 7.304271385910513811e+06
3.749999999999999861e-03 7.775441817634738684e-03 1.095640707886577025e+07
5.000000000000000104e-03 7.775441817634738684e-03 1.460854277182102762e+07
6.250000000000000347e-03 7.775441817634738684e-03 1.826067846477628499e+07
7.499999999999999722e-03 7.775441817634738684e-03 2.191281415773154050e+07
8.750000000000000833e-03 7.775441817634738684e-03 2.556494985068679601e+07
1.000000000000000021e-02 7.775441817634738684e-03 2.921708554364205152e+07
1.124999999999999958e-02 7.775441817634738684e-03 3.286922123659731075e+07
1.250000000000000069e-02 7.775441817634738684e-03 3.652135692955256999e+07
1.375000000000000007e-02 7.775441817634738684e-03 4.017349262250783294e+07
1.499999999999999944e-02 7.775441817634738684e-03 4.382562831546309590e+07
1.625000000000000056e-02 7.775441817634738684e-03 4.747776400841836631e+07
1.750000000000000167e-02 7.775441817634738684e-03 5.112989970137363672e+07
1.874999999999999931e-02 7.775441817634738684e-03 5.478203539432891458e+07
2.000000000000000042e-02 7.775441817634738684e-03 5.843417108728419244e+07
2.125000000000000153e-02 7.775441817634738684e-03 6.332957874707662314e+07
2.249999999999999917e-02 7.775441817634738684e-03 5.428249606892283261e+07
2.375000000000000028e-02 7.775441817634738684e-03 4.523541339076902717e+07
2.500000000000000139e-02 7.775441817634738684e-03 3.618833071261522174e+07
2.624999999999999903e-02 7.775441817634738684e-03 2.714124803446141630e+07
2.750000000000000014e-02 7.775441817634738684e-03 1.809416535630761459e+07
2.875000000000000125e-02 7.775441817634738684e-03 9.047082678153807297e+06
2.999999999999999889e-02 7.775441817634738684e-03 0.000000000000000000e+00
0.000000000000000000e+00 9.071348787240529621e-03 0.000000000000000000e+00
1.250000000000000026e-03 9.071348787240529621e-03 3.652135692955256905e+06
2.500000000000000052e-03 9.071348787240529621e-03 7.304271385910513811e+06
3.749999999999999861e-03 9.071348787240529621e-03 1.095640707886577025e+07
5.000000000000000104e-03 9.071348787240529621e-03 1.460854277182102762e+07
6.250000000000000347e-03 9.071348787240529621e-03 1.826067846477628499e+07
7.499999999999999722e-03 9.071348787240529621e-03 2.191281415773154050e+07
8.750000000000000833e-03 9.071348787240529621e-03 2.556494985068679601e+07
1.000000000000000021e-02 9.071348787240529621e-03 2.921708554364205152e+07
1.124999999999999958e-02 9.071348787240529621e-03 3.286922123659731075e+07
1.250000000000000069e-02 9.071348787240529621e-03 3.652135692955256999e+07
1.375000000000000007e-02 9.071348787240529621e-03 4.017349262250783294e+07
1.499999999999999944e-02 9.071348787240529621e-03 4.382562831546309590e+07
1.625000000000000056e-02 9.071348787240529621e-03 4.747776400841836631e+07
1.750000000000000167e-02 9.071348787240529621e-03 5.112989970137363672e+07
1.874999999999999931e-02 9.071348787240529621e-03 5.478203539432891458e+07
2.000000000000000042e-02 9.071348787240529621e-03 5.843417108728419244e+07
2.125000000000000153e-02 9.071348787240529621e-03 6.332957874707662314e+07
2.249999999999999917e-02 9.071348787240529621e-03 5.428249606892283261e+07
2.375000000000000028e-02 9.071348787240529621e-03 4.523541339076902717e+07
2.500000000000000139e-02 9.071348787240529621e-03 3.618833071261522174e+07
2.624999999999999903e-02 9.071348787240529621e-03 2.714124803446141630e+07
2.750000000000000014e-02 9.071348787240529621e-03 1.809416535630761459e+07
2.875000000000000125e-02 9.071348787240529621e-03 9.047082678153807297e+06
2.999999999999999889e-02 9.071348787240529621e-03 0.000000000000000000e+00
0.000000000000000000e+00 1.036725575684631882e-02 0.000000000000000000e+00
1.250000000000000026e-03 1.036725575684631882e-02 3.652135692955256905e+06
2.500000000000000052e-03 1.036725575684631882e-02 7.304271385910513811e+06
3.749999999999999861e-03 1.036725575684631882e-02 1.095640707886577025e+07
5.000000000000000104e-03 1.036725575684631882e-02 1.460854277182102762e+07
6.250000000000000347e-03 1.036725575684631882e-02 1.826067846477628499e+07
7.499999999999999722e-03 1.036725575684631882e-02 2.191281415773154050e+07
8.750000000000000833e-03 1.036725575684631882e-02 2.556494985068679601e+07
1.000000000000000021e-02 1.036725575684631882e-02 2.921708554364205152e+07
1.124999999999999958e-02 1.036725575684631882e-02 3.286922123659731075e+07
1.250000000000000069e-02 1.036725575684631882e-02 3.652135692955256999e+07
1.375000000000000007e-02 1.036725575684631882e-02 4.017349262250783294e+07
1.499999999999999944e-02 1.036725575684631882e-02 4.382562831546309590e+07
1.625000000000000056e-02 1.036725575684631882e-02 4.747776400841836631e+07
1.750000000000000167e-02 1.036725575684631882e-02 5.112989970137363672e+07
1.874999999999999931e-02 1.036725575684631882e-02 5.478203539432891458e+07
2.000000000000000042e-02 1.036725575684631882e-02 5.843417108728419244e+07
2.125000000000000153e-02 1.036725575684631882e-02 6.332957874707662314e+07
2.249999999999999917e-02 1.036725575684631882e-02 5.428249606892283261e+07
2.375000000000000028e-02 1.036725575684631882e-02 4.523541339076902717e+07
2.500000000000000139e-02 1.036725575684631882e-02 3.618833071261522174e+07
2.624999999999999903e-02 1.036725575684631882e-02 2.714124803446141630e+07
2.750000000000000014e-02 1.036725575684631882e-02 1.809416535630761459e+07
2.875000000000000125e-02 1.036725575684631882e-02 9.047082678153807297e+06
2.999999999999999889e-02 1.036725575684631882e-02 0.000000000000000000e+00
0.000000000000000000e+00 1.166316272645210803e-02 0.000000000000000000e+00
1.250000000000000026e-03 1.166316272645210803e-02 3.652135692955256905e+06
2.500000000000000052e-03 1.166316272645210803e-02 7.304271385910513811e+06
3.749999999999999861e-03 1.166316272645210803e-02 1.095640707886577025e+07
5.000000000000000104e-03 1.166316272645210803e-02 1.460854277182102762e+07
6.250000000000000347e-03 1.166316272645210803e-02 1.826067846477628499e+07
7.499999999999999722e-03 1.166316272645210803e-02 2.191281415773154050e+07
8.750000000000000833e-03 1.166316272645210803e-02 2.556494985068679601e+07
1.000000000000000021e-02 1.166316272645210803e-02 2.921708554364205152e+07
1.124999999999999958e-02 1.166316272645210803e-02 3.286922123659731075e+07
1.250000000000000069e-02 1.166316272645210803e-02 3.652135692955256999e+07
1.375000000000000007e-02 1.166316272645210803e-02 4.017349262250783294e+07
1.499999999999999944e-02 1.166316272645210803e-02 4.382562831546309590e+07
1.625000000000000056e-02 1.166316272645210803e-02 4.747776400841836631e+07
1.750000000000000167e-02 1.166316272645210803e-02 5.112989970137363672e+07
1.874999999999999931e-02 1.166316272645210803e-02 5.478203539432891458e+07
2.000000000000000042e-02 1.166316272645210803e-02 5.843417108728419244e+07
2.125000000000000153e-02 1.166316272645210803e-02 6.332957874707662314e+07
2.249999999999999917e-02 1.166316272645210803e-02 5.428249606892283261e+07
2.375000000000000028e-02 1.166316272645210803e-02 4.523541339076902717e+07
2.500000000000000139e-02 1.166316272645210803e-02 3.618833071261522174e+07
2.624999999999999903e-02 1.166316272645210803e-02 2.714124803446141630e+07
2.750000000000000014e-02 1.166316272645210803e-02 1.809416535630761459e+07
2.875000000000000125e-02 1.166316272645210803e-02 9.047082678153807297e+06
2.999999999999999889e-02 1.166316272645210803e-02 0.000000000000000000e+00
0.000000000000000000e+00 1.295906969605789896e-02 0.000000000000000000e+00
1.250000000000000026e-03 1.295906969605789896e-02 3.652135692955256905e+06
2.500000000000000052e-03 1.295906969605789896e-02 7.304271385910513811e+06
3.749999999999999861e-03 1.295906969605789896e-02 1.095640707886577025e+07
5.000000000000000104e-03 1.295906969605789896e-02 1.460854277182102762e+07
6.250000000000000347e-03 1.295906969605789896e-02 1.826067846477628499e+07
7.499999999999999722e-03 1.295906969605789896e-02 2.191281415773154050e+07
8.750000000000000833e-03 1.295906969605789896e-02 2.556494985068679601e+07
1.000000000000000021e-02 1.295906969605789896e-02 2.921708554364205152e+07
1.124999999999999958e-02 1.295906969605789896e-02 3.286922123659731075e+07
1.250000000000000069e-02 1.295906969605789896e-02 3.652135692955256999e+07
1.375000000000000007e-02 1.295906969605789896e-02 4.017349262250783294e+07
1.499999999999999944e-02 1.295906969605789896e-02 4.382562831546309590e+07
1.625000000000000056e-02 1.295906969605789896e-02 4.747776400841836631e+07
1.750000000000000167e-02 1.295906969605789896e-02 5.112989970137363672e+07
1.874999999999999931e-02 1.295906969605789896e-02 5.478203539432891458e+07
2.000000000000000042e-02 1.295906969605789896e-02 5.843417108728419244e+07
2.125000000000000153e-02 1.295906969605789896e-02 6.332957874707662314e+07
2.249999999999999917e-02 1.295906969605789896e-02 5.428249606892283261e+07
2.375000000000000028e-02 1.295906969605789896e-02 4.523541339076902717e+07
2.500000000000000139e-02 1.295906969605789896e-02 3.618833071261522174e+07
2.624999999999999903e-02 1.295906969605789896e-02 2.714124803446141630e+07
2.750000000000000014e-02 1.295906969605789896e-02 1.809416535630761459e+07
2.875000000000000125e-02 1.295906969605789896e-02 9.047082678153807297e+06
2.999999999999999889e-02 1.295906969605789896e-02 0.000000000000000000e+00
0.000000000000000000e+00 1.425497666566368817e-02 0.000000000000000000e+00
1.250000000000000026e-03 1.425497666566368817e-02 3.652135692955256905e+06
2.500000000000000052e-03 1.425497666566368817e-02 7.304271385910513811e+06
3.749999999999999861e-03 1.425497666566368817e-02 1.095640707886577025e+07
5.000000000000000104e-03 1.425497666566368817e-02 1.460854277182102762e+07
6.250000000000000347e-03 1.425497666566368817e-02 1.826067846477628499e+07
7.499999999999999722e-03 1.425497666566368817e-02 2.191281415773154050e+07
8.750000000000000833e-03 1.425497666566368817e-02 2.556494985068679601e+07
1.000000000000000021e-02 1.425497666566368817e-02 2.921708554364205152e+07
1.124999999999999958e-02 1.425497666566368817e-02 3.286922123659731075e+07
1.250000000000000069e-02 1.425497666566368817e-02 3.652135692955256999e+07
1.375000000000000007e-02 1.425497666566368817e-02 4.017349262250783294e+07
1.499999999999999944e-02 1.425497666566368817e-02 4.382562831546309590e+07
1.625000000000000056e-02 1.425497666566368817e-02 4.747776400841836631e+07
1.750000000000000167e-02 1.425497666566368817e-02 5.112989970137363672e+07
1.874999999999999931e-02 1.425497666566368817e-02 5.478203539432891458e+07
2.000000000000000042e-02 1.425497666566368817e-02 5.843417108728419244e+07
2.125000000000000153e-02 1.425497666566368817e-02 6.332957874707662314e+07
2.249999999999999917e-02 1.425497666566368817e-02 5.428249606892283261e+07
2.375000000000000028e-02 1.425497666566368817e-02 4.523541339076902717e+07
2.500000000000000139e-02 1.425497666566368817e-02 3.618833071261522174e+07
2.624999999999999903e-02 1.425497666566368817e-02 2.714124803446141630e+07
2.750000000000000014e-02 1.425497666566368817e-02 1.809416535630761459e+07
2.875000000000000125e-02 1.425497666566368817e-02 9.047082678153807297e+06
2.999999999999999889e-02 1.425497666566368817e-02 0.000000000000000000e+00
0.000000000000000000e+00 1.555088363526947737e-02 0.000000000000000000e+00
1.250000000000000026e-03 1.555088363526947737e-02 3.652135692955256905e+06
2.500000000000000052e-03 1.555088363526947737e-02 7.304271385910513811e+06
3.749999999999999861e-03 1.555088363526947737e-02 1.095640707886577025e+07
5.000000000000000104e-03 1.555088363526947737e-02 1.460854277182102762e+07
6.250000000000000347e-03 1.555088363526947737e-02 1.826067846477628499e+07
7.499999999999999722e-03 1.555088363526947737e-02 2.191281415773154050e+07
8.750000000000000833e-03 1.555088363526947737e-02 2.556494985068679601e+07
1.000000000000000021e-02 1.555088363526947737e-02 2.921708554364205152e+07
1.124999999999999958e-02 1.555088363526947737e-02 3.286922123659731075e+07
1.250000000000000069e-02 1.555088363526947737e-02 3.652135692955256999e+07
1.375000000000000007e-02 1.555088363526947737e-02 4.017349262250783294e+07
1.499999999999999944e-02 1.555088363526947737e-02 4.382562831546309590e+07
1.625000000000000056e-02 1.555088363526947737e-02 4.747776400841836631e+07
1.750000000000000167e-02 1.555088363526947737e-02 5.112989970137363672e+07
1.874999999999999931e-02 1.555088363526947737e-02 5.478203539432891458e+07
2.000000000000000042e-02 1.555088363526947737e-02 5.843417108728419244e+07
2.125000000000000153e-02 1.555088363526947737e-02 6.332957874707662314e+07
2.249999999999999917e-02 1.555088363526947737e-02 5.428249606892283261e+07
2.375000000000000028e-02 1.555088363526947737e-02 4.523541339076902717e+07
2.500000000000000139e-02 1.555088363526947737e-02 3.618833071261522174e+07
2.624999999999999903e-02 1.555088363526947737e-02 2.714124803446141630e+07
2.750000000000000014e-02 1.555088363526947737e-02 1.809416535630761459e+07
2.875000000000000125e-02 1.555088363526947737e-02 9.047082678153807297e+06
2.999999999999999889e-02 1.555088363526947737e-02 0.000000000000000000e+00
0.000000000000000000e+00 1.684679060487526830e-02 0.000000000000000000e+00
1.250000000000000026e-03 1.684679060487526830e-02 3.652135692955256905e+06
2.500000000000000052e-03 1.684679060487526830e-02 7.304271385910513811e+06
3.749999999999999861e-03 1.684679060487526830e-02 1.095640707886577025e+07
5.000000000000000104e-03 1.684679060487526830e-02 1.460854277182102762e+07
6.250000000000000347e-03 1.684679060487526830e-02 1.826067846477628499e+07
7.499999999999999722e-03 1.684679060487526830e-02 2.191281415773154050e+07
8.750000000000000833e-03 1.684679060487526830e-02 2.556494985068679601e+07
1.000000000000000021e-02 1.684679060487526830e-02 2.921708554364205152e+07
1.124999999999999958e-02 1.684679060487526830e-02 3.286922123659731075e+07
1.250000000000000069e-02 1.684679060487526830e-02 3.652135692955256999e+07
1.375000000000000007e-02 1.684679060487526830e-02 4.017349262250783294e+07
1.499999999999999944e-02 1.684679060487526830e-02 4.382562831546309590e+07
1.625000000000000056e-02 1.684679060487526830e-02 4.747776400841836631e+07
1.750000000000000167e-02 1.684679060487526830e-02 5.112989970137363672e+07
1.874999999999999931e-02 1.684679060487526830e-02 5.478203539432891458e+07
2.000000000000000042e-02 1.684679060487526830e-02 5.843417108728419244e+07
2.125000000000000153e-02 1.684679060487526830e-02 6.332957874707662314e+07
2.249999999999999917e-02 1.684679060487526830e-02 5.428249606892283261e+07
2.375000000000000028e-02 1.684679060487526830e-02 4.523541339076902717e+07
2.500000000000000139e-02 1.684679060487526830e-02 3.618833071261522174e+07
2.624999999999999903e-02 1.684679060487526830e-02 2.714124803446141630e+07
2.750000000000000014e-02 1.684679060487526830e-02 1.809416535630761459e+07
2.875000000000000125e-02 1.684679060487526830e-02 9.047082678153807297e+06
2.999999999999999889e-02 1.684679060487526830e-02 0.000000000000000000e+00
0.000000000000000000e+00 1.814269757448105924e-02 0.000000000000000000e+00
1.250000000000000026e-03 1.814269757448105924e-02 3.652135692955256905e+06
2.500000000000000052e-03 1.814269757448105924e-02 7.304271385910513811e+06
3.749999999999999861e-03 1.814269757448105924e-02 1.095640707886577025e+07
5.000000000000000104e-03 1.814269757448105924e-02 1.460854277182102762e+07
6.250000000000000347e-03 1.814269757448105924e-02 1.826067846477628499e+07
7.499999999999999722e-03 1.814269757448105924e-02 2.191281415773154050e+07
8.750000000000000833e-03 1.814269757448105924e-02 2.556494985068679601e+07
1.000000000000000021e-02 1.814269757448105924e-02 2.921708554364205152e+07
1.124999999999999958e-02 1.814269757448105924e-02 3.286922123659731075e+07
1.250000000000000069e-02 1.814269757448105924e-02 3.652135692955256999e+07
1.375000000000000007e-02 1.814269757448105924e-02 4.017349262250783294e+07
1.499999999999999944e-02 1.814269757448105924e-02 4.382562831546309590e+07
1.625000000000000056e-02 1.814269757448105924e-02 4.747776400841836631e+07
1.750000000000000167e-02 1.814269757448105924e-02 5.112989970137363672e+07
1.874999999999999931e-02 1.814269757448105924e-02 5.478203539432891458e+07
2.000000000000000042e-02 1.814269757448105924e-02 5.843417108728419244e+07
2.125000000000000153e-02 1.814269757448105924e-02 6.332957874707662314e+07
2.249999999999999917e-02 1.814269757448105924e-02 5.428249606892283261e+07
2.375000000000000028e-02 1.814269757448105924e-02 4.523541339076902717e+07
2.500000000000000139e-02 1.814269757448105924e-02 3.618833071261522174e+07
2.624999999999999903e-02 1.814269757448105924e-02 2.714124803446141630e+07
2.750000000000000014e-02 1.814269757448105924e-02 1.809416535630761459e+07
2.875000000000000125e-02 1.814269757448105924e-02 9.047082678153807297e+06
2.999999999999999889e-02 1.814269757448105924e-02 0.000000000000000000e+00
0.000000000000000000e+00 1.943860454408684671e-02 0.000000000000000000e+00
1.250000000000000026e-03 1.943860454408684671e-02 3.652135692955256905e+06
2.500000000000000052e-03 1.943860454408684671e-02 7.304271385910513811e+06
3.749999999999999861e-03 1.943860454408684671e-02 1.095640707886577025e+07
5.000000000000000104e-03 1.943860454408684671e-02 1.460854277182102762e+07
6.250000000000000347e-03 1.943860454408684671e-02 1.826067846477628499e+07
7.499999999999999722e-03 1.943860454408684671e-02 2.191281415773154050e+07
8.750000000000000833e-03 1.943860454408684671e-02 2.556494985068679601e+07
1.000000000000000021e-02 1.943860454408684671e-02 2.921708554364205152e+07
1.124999999999999958e-02 1.943860454408684671e-02 3.286922123659731075e+07
1.250000000000000069e-02 1.943860454408684671e-02 3.652135692955256999e+07
1.375000000000000007e-02 1.943860454408684671e-02 4.017349262250783294e+07
1.499999999999999944e-02 1.943860454408684671e-02 4.382562831546309590e+07
1.625000000000000056e-02 1.943860454408684671e-02 4.747776400841836631e+07
1.750000000000000167e-02 1.943860454408684671e-02 5.112989970137363672e+07
1.874999999999999931e-02 1.943860454408684671e-02 5.478203539432891458e+07
2.000000000000000042e-02 1.943860454408684671e-02 5.843417108728419244e+07
2.125000000000000153e-02 1.943860454408684671e-02 6.332957874707662314e+07
2.249999999999999917e-02 1.943860454408684671e-02 5.428249606892283261e+07
2.375000000000000028e-02 1.943860454408684671e-02 4.523541339076902717e+07
2.500000000000000139e-02 1.943860454408684671e-02 3.618833071261522174e+07
2.624999999999999903e-02 1.943860454408684671e-02 2.714124803446141630e+07
2.750000000000000014e-02 1.943860454408684671e-02 1.809416535630761459e+07
2.875000000000000125e-02 1.943860454408684671e-02 9.047082678153807297e+06
2.999999999999999889e-02 1.943860454408684671e-02 0.000000000000000000e+00
0.000000000000000000e+00 2.073451151369263765e-02 0.000000000000000000e+00
1.250000000000000026e-03 2.073451151369263765e-02 3.652135692955256905e+06
2.500000000000000052e-03 2.073451151369263765e-02 7.304271385910513811e+06
3.749999999999999861e-03 2.073451151369263765e-02 1.095640707886577025e+07
5.000000000000000104e-03 2.073451151369263765e-02 1.460854277182102762e+07
6.250000000000000347e-03 2.073451151369263765e-02 1.826067846477628499e+07
7.499999999999999722e-03 2.073451151369263765e-02 2.191281415773154050e+07
8.750000000000000833e-03 2.073451151369263765e-02 2.556494985068679601e+07
1.000000000000000021e-02 2.073451151369263765e-02 2.921708554364205152e+07
1.124999999999999958e-02 2.073451151369263765e-02 3.286922123659731075e+07
1.250000000000000069e-02 2.073451151369263765e-02 3.652135692955256999e+07
1.375000000000000007e-02 2.073451151369263765e-02 4.017349262250783294e+07
1.499999999999999944e-02 2.073451151369263765e-02 4.382562831546309590e+07
1.625000000000000056e-02 2.073451151369263765e-02 4.747776400841836631e+07
1.750000000000000167e-02 2.073451151369263765e-02 5.112989970137363672e+07
1.874999999999999931e-02 2.073451151369263765e-02 5.478203539432891458e+07
2.000000000000000042e-02 2.073451151369263765e-02 5.843417108728419244e+07
2.125000000000000153e-02 2.073451151369263765e-02 6.332957874707662314e+07
2.249999999999999917e-02 2.073451151369263765e-02 5.428249606892283261e+07
2.375000000000000028e-02 2.073451151369263765e-02 4.523541339076902717e+07
2.500000000000000139e-02 2.073451151369263765e-02 3.618833071261522174e+07
2.624999999999999903e-02 2.073451151369263765e-02 2.714124803446141630e+07
2.750000000000000014e-02 2.073451151369263765e-02 1.809416535630761459e+07
2.875000000000000125e-02 2.073451151369263765e-02 9.047082678153807297e+06
2.999999999999999889e-02 2.073451151369263765e-02 0.000000000000000000e+00
0.000000000000000000e+00 2.203041848329842858e-02 0.000000000000000000e+00
1.250000000000000026e-03 2.203041848329842858e-02 3.652135692955256905e+06
2.500000000000000052e-03 2.203041848329842858e-02 7.304271385910513811e+06
3.749999999999999861e-03 2.203041848329842858e-02 1.095640707886577025e+07
5.000000000000000104e-03 2.203041848329842858e-02 1.460854277182102762e+07
6.250000000000000347e-03 2.203041848329842858e-02 1.826067846477628499e+07
7.499999999999999722e-03 2.203041848329842858e-02 2.191281415773154050e+07
8.750000000000000833e-03 2.203041848329842858e-02 2.556494985068679601e+07
1.000000000000000021e-02 2.203041848329842858e-02 2.921708554364205152e+07
1.124999999999999958e-02 2.203041848329842858e-02 3.286922123659731075e+07
1.250000000000000069e-02 2.203041848329842858e-02 3.652135692955256999e+07
1.375000000000000007e-02 2.203041848329842858e-02 4.017349262250783294e+07
1.499999999999999944e-02 2.203041848329842858e-02 4.382562831546309590e+07
1.625000000000000056e-02 2.203041848329842858e-02 4.747776400841836631e+07
1.750000000000000167e-02 2.203041848329842858e-02 5.112989970137363672e+07
1.874999999999999931e-02 2.203041848329842858e-02 5.478203539432891458e+07
2.000000000000000042e-02 2.203041848329842858e-02 5.843417108728419244e+07
2.125000000000000153e-02 2.203041848329842858e-02 6.332957874707662314e+07
2.249999999999999917e-02 2.203041848329842858e-02 5.428249606892283261e+07
2.375000000000000028e-02 2.203041848329842858e-02 4.523541339076902717e+07
2.500000000000000139e-02 2.203041848329842858e-02 3.618833071261522174e+07
2.624999999999999903e-02 2.203041848329842858e-02 2.714124803446141630e+07
2.750000000000000014e-02 2.203041848329842858e-02 1.809416535630761459e+07
2.875000000000000125e-02 2.203041848329842858e-02 9.047082678153807297e+06
2.999999999999999889e-02 2.203041848329842858e-02 0.000000000000000000e+00
0.000000000000000000e+00 2.332632545290421605e-02 0.000000000000000000e+00
1.250000000000000026e-03 2.332632545290421605e-02 3.652135692955256905e+06
2.500000000000000052e-03 2.332632545290421605e-02 7.304271385910513811e+06
3.749999999999999861e-03 2.332632545290421605e-02 1.095640707886577025e+07
5.000000000000000104e-03 2.332632545290421605e-02 1.460854277182102762e+07
6.250000000000000347e-03 2.332632545290421605e-02 1.826067846477628499e+07
7.499999999999999722e-03 2.332632545290421605e-02 2.191281415773154050e+07
8.750000000000000833e-03 2.332632545290421605e-02 2.556494985068679601e+07
1.000000000000000021e-02 2.332632545290421605e-02 2.921708554364205152e+07
1.124999999999999958e-02 2.332632545290421605e-02 3.286922123659731075e+07
1.250000000000000069e-02 2.332632545290421605e-02 3.652135692955256999e+07
1.375000000000000007e-02 2.332632545290421605e-02 4.017349262250783294e+07
1.499999999999999944e-02 2.332632545290421605e-02 4.382562831546309590e+07
1.625000000000000056e-02 2.332632545290421605e-02 4.747776400841836631e+07
1.750000000000000167e-02 2.332632545290421605e-02 5.112989970137363672e+07
1.874999999999999931e-02 2.332632545290421605e-02 5.478203539432891458e+07
2.000000000000000042e-02 2.332632545290421605e-02 5.843417108728419244e+07
2.125000000000000153e-02 2.332632545290421605e-02 6.332957874707662314e+07
2.249999999999999917e-02 2.332632545290421605e-02 5.428249606892283261e+07
2.375000000000000028e-02 2.332632545290421605e-02 4.523541339076902717e+07
2.500000000000000139e-02 2.332632545290421605e-02 3.618833071261522174e+07
2.624999999999999903e-02 2.332632545290421605e-02 2.714124803446141630e+07
2.750000000000000014e-02 2.332632545290421605e-02 1.809416535630761459e+07
2.875000000000000125e-02 2.332632545290421605e-02 9.047082678153807297e+06
2.999999999999999889e-02 2.332632545290421605e-02 0.000000000000000000e+00
0.000000000000000000e+00 2.462223242251000699e-02 0.000000000000000000e+00
1.250000000000000026e-03 2.462223242251000699e-02 3.652135692955256905e+06
2.500000000000000052e-03 2.462223242251000699e-02 7.304271385910513811e+06
3.749999999999999861e-03 2.462223242251000699e-02 1.095640707886577025e+07
5.000000000000000104e-03 2.462223242251000699e-02 1.460854277182102762e+07
6.250000000000000347e-03 2.462223242251000699e-02 1.826067846477628499e+07
7.499999999999999722e-03 2.462223242251000699e-02 2.191281415773154050e+07
8.750000000000000833e-03 2.462223242251000699e-02 2.556494985068679601e+07
1.000000000000000021e-02 2.462223242251000699e-02 2.921708554364205152e+07
1.124999999999999958e-02 2.462223242251000699e-02 3.286922123659731075e+07
1.250000000000000069e-02 2.462223242251000699e-02 3.652135692955256999e+07
1.375000000000000007e-02 2.462223242251000699e-02 4.017349262250783294e+07
1.499999999999999944e-02 2.462223242251000699e-02 4.382562831546309590e+07
1.625000000000000056e-02 2.462223242251000699e-02 4.747776400841836631e+07
1.750000000000000167e-02 2.462223242251000699e-02 5.112989970137363672e+07
1.874999999999999931e-02 2.462223242251000699e-02 5.478203539432891458e+07
2.000000000000000042e-02 2.462223242251000699e-02 5.843417108728419244e+07
2.125000000000000153e-02 2.462223242251000699e-02 6.332957874707662314e+07
2.249999999999999917e-02 2.462223242251000699e-02 5.428249606892283261e+07
2.375000000000000028e-02 2.462223242251000699e-02 4.523541339076902717e+07
2.500000000000000139e-02 2.462223242251000699e-02 3.618833071261522174e+07
2.624999999999999903e-02 2.462223242251000699e-02 2.714124803446141630e+07
2.750000000000000014e-02 2.462223242251000699e-02 1.809416535630761459e+07
2.875000000000000125e-02 2.462223242251000699e-02 9.047082678153807297e+06
2.999999999999999889e-02 2.462223242251000699e-02 0.000000000000000000e+00
0.000000000000000000e+00 2.591813939211579793e-02 0.000000000000000000e+00
1.250000000000000026e-03 2.591813939211579793e-02 3.652135692955256905e+06
2.500000000000000052e-03 2.591813939211579793e-02 7.304271385910513811e+06
3.749999999999999861e-03 2.591813939211579793e-02 1.095640707886577025e+07
5.000000000000000104e-03 2.591813939211579793e-02 1.460854277182102762e+07
6.250000000000000347e-03 2.591813939211579793e-02 1.826067846477628499e+07
7.499999999999999722e-03 2.591813939211579793e-02 2.191281415773154050e+07
8.750000000000000833e-03 2.591813939211579793e-02 2.556494985068679601e+07
1.000000000000000021e-02 2.591813939211579793e-02 2.921708554364205152e+07
1.124999999999999958e-02 2.591813939211579793e-02 3.286922123659731075e+07
1.250000000000000069e-02 2.591813939211579793e-02 3.652135692955256999e+07
1.375000000000000007e-02 2.591813939211579793e-02 4.017349262250783294e+07
1.499999999999999944e-02 2.591813939211579793e-02 4.382562831546309590e+07
1.625000000000000056e-02 2.591813939211579793e-02 4.747776400841836631e+07
1.750000000000000167e-02 2.591813939211579793e-02 5.112989970137363672e+07
1.874999999999999931e-02 2.591813939211579793e-02 5.478203539432891458e+07
2.000000000000000042e-02 2.591813939211579793e-02 5.843417108728419244e+07
2.125000000000000153e-02 2.591813939211579793e-02 6.332957874707662314e+07
2.249999999999999917e-02 2.591813939211579793e-02 5.428249606892283261e+07
2.375000000000000028e-02 2.591813939211579793e-02 4.523541339076902717e+07
2.500000000000000139e-02 2.591813939211579793e-02 3.618833071261522174e+07
2.624999999999999903e-02 2.591813939211579793e-02 2.714124803446141630e+07
2.750000000000000014e-02 2.591813939211579793e-02 1.809416535630761459e+07
2.875000000000000125e-02 2.591813939211579793e-02 9.047082678153807297e+06
2.999999999999999889e-02 2.591813939211579793e-02 0.000000000000000000e+00
0.000000000000000000e+00 2.721404636172158539e-02 0.000000000000000000e+00
1.250000000000000026e-03 2.721404636172158539e-02 3.652135692955256905e+06
2.500000000000000052e-03 2.721404636172158539e-02 7.304271385910513811e+06
3.749999999999999861e-03 2.721404636172158539e-02 1.095640707886577025e+07
5.000000000000000104e-03 2.721404636172158539e-02 1.460854277182102762e+07
6.250000000000000347e-03 2.721404636172158539e-02 1.826067846477628499e+07
7.499999999999999722e-03 2.721404636172158539e-02 2.191281415773154050e+07
8.750000000000000833e-03 2.721404636172158539e-02 2.556494985068679601e+07
1.000000000000000021e-02 2.721404636172158539e-02 2.921708554364205152e+07
1.124999999999999958e-02 2.721404636172158539e-02 3.286922123659731075e+07
1.250000000000000069e-02 2.721404636172158539e-02 3.652135692955256999e+07
1.375000000000000007e-02 2.721404636172158539e-02 4.017349262250783294e+07
1.499999999999999944e-02 2.721404636172158539e-02 4.382562831546309590e+07
1.625000000000000056e-02 2.721404636172158539e-02 4.747776400841836631e+07
1.750000000000000167e-02 2.721404636172158539e-02 5.112989970137363672e+07
1.874999999999999931e-02 2.721404636172158539e-02 5.478203539432891458e+07
2.000000000000000042e-02 2.721404636172158539e-02 5.843417108728419244e+07
2.125000000000000153e-02 2.721404636172158539e-02 6.332957874707662314e+07
2.249999999999999917e-02 2.721404636172158539e-02 5.428249606892283261e+07
2.375000000000000028e-02 2.721404636172158539e-02 4.523541339076902717e+07
2.500000000000000139e-02 2.721404636172158539e-02 3.618833071261522174e+07
2.624999999999999903e-02 2.721404636172158539e-02 2.714124803446141630e+07
2.750000000000000014e-02 2.721404636172158539e-02 1.809416535630761459e+07
2.875000000000000125e-02 2.721404636172158539e-02 9.047082678153807297e+06
2.999999999999999889e-02 2.721404636172158539e-02 0.000000000000000000e+00
0.000000000000000000e+00 2.850995333132737633e-02 0.000000000000000000e+00
1.250000000000000026e-03 2.850995333132737633e-02 3.652135692955256905e+06
2.500000000000000052e-03 2.850995333132737633e-02 7.304271385910513811e+06
3.749999999999999861e-03 2.850995333132737633e-02 1.095640707886577025e+07
5.000000000000000104e-03 2.850995333132737633e-02 1.460854277182102762e+07
6.250000000000000347e-03 2.850995333132737633e-02 1.826067846477628499e+07
7.499999999999999722e-03 2.850995333132737633e-02 2.191281415773154050e+07
8.750000000000000833e-03 2.850995333132737633e-02 2.556494985068679601e+07
1.000000000000000021e-02 2.850995333132737633e-02 2.921708554364205152e+07
1.124999999999999958e-02 2.850995333132737633e-02 3.286922123659731075e+07
1.250000000000000069e-02 2.850995333132737633e-02 3.652135692955256999e+07
1.375000000000000007e-02 2.850995333132737633e-02 4.017349262250783294e+07
1.499999999999999944e-02 2.850995333132737633e-02 4.382562831546309590e+07
1.625000000000000056e-02 2.850995333132737633e-02 4.747776400841836631e+07
1.750000000000000167e-02 2.850995333132737633e-02 5.112989970137363672e+07
1.874999999999999931e-02 2.850995333132737633e-02 5.478203539432891458e+07
2.000000000000000042e-02 2.850995333132737633e-02 5.843417108728419244e+07
2.125000000000000153e-02 2.850995333132737633e-02 6.332957874707662314e+07
2.249999999999999917e-02 2.850995333132737633e-02 5.428249606892283261e+07
2.375000000000000028e-02 2.850995333132737633e-02 4.523541339076902717e+07
2.500000000000000139e-02 2.850995333132737633e-02 3.618833071261522174e+07
2.624999999999999903e-02 2.850995333132737633e-02 2.714124803446141630e+07
2.750000000000000014e-02 2.850995333132737633e-02 1.809416535630761459e+07
2.875000000000000125e-02 2.850995333132737633e-02 9.047082678153807297e+06
2.999999999999999889e-02 2.850995333132737633e-02 0.000000000000000000e+00
0.000000000000000000e+00 2.980586030093316727e-02 0.000000000000000000e+00
1.250000000000000026e-03 2.980586030093316727e-02 3.652135692955256905e+06
2.500000000000000052e-03 2.980586030093316727e-02 7.304271385910513811e+06
3.749999999999999861e-03 2.980586030093316727e-02 1.095640707886577025e+07
5.000000000000000104e-03 2.980586030093316727e-02 1.460854277182102762e+07
6.250000000000000347e-03 2.980586030093316727e-02 1.826067846477628499e+07
7.499999999999999722e-03 2.980586030093316727e-02 2.191281415773154050e+07
8.750000000000000833e-03 2.980586030093316727e-02 2.556494985068679601e+07
1.000000000000000021e-02 2.980586030093316727e-02 2.921708554364205152e+07
1.124999999999999958e-02 2.980586030093316727e-02 3.286922123659731075e+07
1.250000000000000069e-02 2.980586030093316727e-02 3.652135692955256999e+07
1.375000000000000007e-02 2.980586030093316727e-02 4.017349262250783294e+07
1.499999999999999944e-02 2.980586030093316727e-02 4.382562831546309590e+07
1.625000000000000056e-02 2.980586030093316727e-02 4.747776400841836631e+07
1.750000000000000167e-02 2.980586030093316727e-02 5.112989970137363672e+07
1.874999999999999931e-02 2.980586030093316727e-02 5.478203539432891458e+07
2.000000000000000042e-02 2.980586030093316727e-02 5.843417108728419244e+07
2.125000000000000153e-02 2.980586030093316727e-02 6.332957874707662314e+07
2.249999999999999917e-02 2.980586030093316727e-02 5.428249606892283261e+07
2.375000000000000028e-02 2.980586030093316727e-02 4.523541339076902717e+07
2.500000000000000139e-02 2.980586030093316727e-02 3.618833071261522174e+07
2.624999999999999903e-02 2.980586030093316727e-02 2.714124803446141630e+07
2.750000000000000014e-02 2.980586030093316727e-02 1.809416535630761459e+07
2.875000000000000125e-02 2.980586030093316727e-02 9.047082678153807297e+06
2.999999999999999889e-02 2.980586030093316727e-02 0.000000000000000000e+00
0.000000000000000000e+00 3.110176727053895473e-02 0.000000000000000000e+00
1.250000000000000026e-03 3.110176727053895473e-02 3.652135692955256905e+06
2.500000000000000052e-03 3.110176727053895473e-02 7.304271385910513811e+06
3.749999999999999861e-03 3.110176727053895473e-02 1.095640707886577025e+07
5.000000000000000104e-03 3.110176727053895473e-02 1.460854277182102762e+07
6.250000000000000347e-03 3.110176727053895473e-02 1.826067846477628499e+07
7.499999999999999722e-03 3.110176727053895473e-02 2.191281415773154050e+07
8.750000000000000833e-03 3.110176727053895473e-02 2.556494985068679601e+07
1.000000000000000021e-02 3.110176727053895473e-02 2.921708554364205152e+07
1.124999999999999958e-02 3.110176727053895473e-02 3.286922123659731075e+07
1.250000000000000069e-02 3.110176727053895473e-02 3.652135692955256999e+07
1.375000000000000007e-02 3.110176727053895473e-02 4.017349262250783294e+07
1.499999999999999944e-02 3.110176727053895473e-02 4.382562831546309590e+07
1.625000000000000056e-02 3.110176727053895473e-02 4.747776400841836631e+07
1.750000000000000167e-02 3.110176727053895473e-02 5.112989970137363672e+07
1.874999999999999931e-02 3.110176727053895473e-02 5.478203539432891458e+07
2.000000000000000042e-02 3.110176727053895473e-02 5.843417108728419244e+07
2.125000000000000153e-02 3.110176727053895473e-02 6.332957874707662314e+07
2.249999999999999917e-02 3.110176727053895473e-02 5.428249606892283261e+07
2.375000000000000028e-02 3.110176727053895473e-02 4.523541339076902717e+07
2.500000000000000139e-02 3.110176727053895473e-02 3.618833071261522174e+07
2.624999999999999903e-02 3.110176727053895473e-02 2.714124803446141630e+07
2.750000000000000014e-02 3.110176727053895473e-02 1.809416535630761459e+07
2.875000000000000125e-02 3.110176727053895473e-02 9.047082678153807297e+06
2.999999999999999889e-02 3.110176727053895473e-02 0.000000000000000000e+00
