1.000000000000000000e+05 1.948098151847656149e-05
1.090909090909090883e+05 1.865161979148969153e-05
1.181818181818181765e+05 1.791989665611401137e-05
1.272727272727272648e+05 1.726804449627668007e-05
1.363636363636363531e+05 1.668251589770056349e-05
1.454545454545454413e+05 1.615277656115868713e-05
1.545454545454545296e+05 1.567049503733140655e-05
1.636363636363636469e+05 1.522898378851523856e-05
1.727272727272727061e+05 1.482280435530171611e-05
1.818181818181818235e+05 1.444748256644644378e-05
1.909090909090908826e+05 1.409929929051774679e-05
2.000000000000000000e+05 1.377513413588458053e-05
2.090909090909090883e+05 1.347234696017941920e-05
2.181818181818181765e+05 1.318868683467558324e-05
2.272727272727272648e+05 1.292222124892694936e-05
2.363636363636363531e+05 1.267128044370035100e-05
2.454545454545454413e+05 1.243441319432646271e-05
2.545454545454545296e+05 1.221035136114828421e-05
2.636363636363636469e+05 1.199798122409087797e-05
2.727272727272727061e+05 1.179632011851644907e-05
2.818181818181817653e+05 1.160449725135166596e-05
2.909090909090908826e+05 1.142173784138642977e-05
3.000000000000000000e+05 1.124734992377056855e-05
3.090909090909090592e+05 1.108071330544717828e-05
3.181818181818181765e+05 1.092127026907385914e-05
3.272727272727272939e+05 1.076851770743912419e-05
3.363636363636363531e+05 1.062200043529679875e-05
3.454545454545454122e+05 1.048130547583533498e-05
3.545454545454545296e+05 1.034605715825769935e-05
3.636363636363635887e+05 1.021591289380870467e-05
3.727272727272727061e+05 1.009055952200901658e-05
3.818181818181817653e+05 9.969710138303777944e-06
3.909090909090908826e+05 9.853101329914826714e-06
4.000000000000000000e+05 9.740490759238280743e-06
4.090909090909090592e+05 9.631655044297632572e-06
4.181818181818181765e+05 9.526387894040836614e-06
4.272727272727272357e+05 9.424498463043207332e-06
4.363636363636363531e+05 9.325809895744845764e-06
4.454545454545454122e+05 9.230158034947820732e-06
4.545454545454545296e+05 9.137390273109144155e-06
4.636363636363635887e+05 9.047364528137980872e-06
4.727272727272727061e+05 8.959948328057005683e-06
4.818181818181817653e+05 8.875017991111693453e-06
4.909090909090908826e+05 8.792457889783721593e-06
4.999999999999999418e+05 8.712159788746133985e-06
5.090909090909090592e+05 8.634022248138340034e-06
5.181818181818181183e+05 8.557950084678603661e-06
5.272727272727272939e+05 8.483853884103532199e-06
5.363636363636363531e+05 8.411649559255305849e-06
5.454545454545454122e+05 8.341257948850281745e-06
5.545454545454545878e+05 8.272604452575883994e-06
5.636363636363635305e+05 8.205618698691414051e-06
5.727272727272727061e+05 8.140234240765520547e-06
5.818181818181817653e+05 8.076388280579343564e-06
5.909090909090908244e+05 8.014021414568419901e-06
6.000000000000000000e+05 7.953077401476165293e-06
6.090909090909090592e+05 7.893502949153230277e-06
6.181818181818181183e+05 7.835247518665703273e-06
6.272727272727271775e+05 7.778263144075622102e-06
6.363636363636363531e+05 7.722504266433153361e-06
6.454545454545454122e+05 7.667927580674685866e-06
6.545454545454544714e+05 7.614491894257620129e-06
6.636363636363635305e+05 7.562157996483126295e-06
6.727272727272727061e+05 7.510888537564826747e-06
6.818181818181817653e+05 7.460647916595875764e-06
6.909090909090908244e+05 7.411402177650858053e-06
7.000000000000000000e+05 7.363118913333488902e-06
7.090909090909090592e+05 7.315767175147640753e-06
7.181818181818181183e+05 7.269317390128442159e-06
7.272727272727271775e+05 7.223741283223221888e-06
7.363636363636363531e+05 7.179011804959415842e-06
7.454545454545454122e+05 7.135103063979061965e-06
7.545454545454544714e+05 7.091990264057595141e-06
7.636363636363635305e+05 7.049649645258873394e-06
7.727272727272727061e+05 7.008058428909225756e-06
7.818181818181817653e+05 6.967194766100961924e-06
7.909090909090908244e+05 6.927037689460944050e-06
7.999999999999998836e+05 6.887567067942291114e-06
8.090909090909090592e+05 6.848763564417851454e-06
8.181818181818181183e+05 6.810608595872471473e-06
8.272727272727271775e+05 6.773084296007945378e-06
8.363636363636363531e+05 6.736173480089709601e-06
8.454545454545454122e+05 6.699859611878156465e-06
8.545454545454544714e+05 6.664126772500048006e-06
8.636363636363635305e+05 6.628959631126916207e-06
8.727272727272727061e+05 6.594343417337791618e-06
8.818181818181817653e+05 6.560263895053072229e-06
8.909090909090908244e+05 6.526707337935103573e-06
8.999999999999998836e+05 6.493660506158854111e-06
9.090909090909090592e+05 6.461110624463474682e-06
9.181818181818181183e+05 6.429045361402044500e-06
9.272727272727271775e+05 6.397452809712995457e-06
9.363636363636362366e+05 6.366321467742240977e-06
9.454545454545454122e+05 6.335640221850175500e-06
9.545454545454544714e+05 6.305398329742448083e-06
9.636363636363635305e+05 6.275585404667687795e-06
9.727272727272727061e+05 6.246191400429455603e-06
9.818181818181817653e+05 6.217206597163231356e-06
9.909090909090908244e+05 6.188621587832762120e-06
1.000000000000000000e+06 6.160427265403149182e-06
