1.000000000000000000e+05 1.709521864644209224e-05
1.090909090909090883e+05 1.636742574512527860e-05
1.181818181818181765e+05 1.572531400265258361e-05
1.272727272727272648e+05 1.515329173637171270e-05
1.363636363636363531e+05 1.463947063311210552e-05
1.454545454545454413e+05 1.417460648983393689e-05
1.545454545454545296e+05 1.375138817862374178e-05
1.636363636363636469e+05 1.336394715948322863e-05
1.727272727272727061e+05 1.300751100076671947e-05
1.818181818181818235e+05 1.267815346623134374e-05
1.909090909090908826e+05 1.237261089254786773e-05
2.000000000000000000e+05 1.208814503076591728e-05
2.090909090909090883e+05 1.182243906686932995e-05
2.181818181818181765e+05 1.157351773494536541e-05
2.272727272727272648e+05 1.133968519186714680e-05
2.363636363636363531e+05 1.111947616756341038e-05
2.454545454545454413e+05 1.091161716341685409e-05
2.545454545454545296e+05 1.071499534408651082e-05
2.636363636363636469e+05 1.052863338262538862e-05
2.727272727272727061e+05 1.035166895765489144e-05
2.818181818181817653e+05 1.018333791886923293e-05
2.909090909090908826e+05 1.002296036961242105e-05
3.000000000000000000e+05 9.869929087378854433e-06
3.090909090909090592e+05 9.723699831833373364e-06
3.181818181818181765e+05 9.583783187188475564e-06
3.272727272727272939e+05 9.449737659889289565e-06
3.363636363636363531e+05 9.321163809522577944e-06
3.454545454545454122e+05 9.197699235000762248e-06
3.545454545454545296e+05 9.079014272522858105e-06
3.636363636363635887e+05 8.964808288895915762e-06
3.727272727272727061e+05 8.854806475232060130e-06
3.818181818181817653e+05 8.748757063103140434e-06
3.909090909090908826e+05 8.646428898907739302e-06
4.000000000000000000e+05 8.547609323221046118e-06
4.090909090909090592e+05 8.452102310820895260e-06
4.181818181818181765e+05 8.359726834348061420e-06
4.272727272727272357e+05 8.270315420502512320e-06
4.363636363636363531e+05 8.183712872562639299e-06
4.454545454545454122e+05 8.099775137047962242e-06
4.545454545454545296e+05 8.018368295689937177e-06
4.636363636363635887e+05 7.939367666659454938e-06
4.727272727272727061e+05 7.862657001326291806e-06
4.818181818181817653e+05 7.788127764777347064e-06
4.909090909090908826e+05 7.715678489963575243e-06
4.999999999999999418e+05 7.645214196733294548e-06
5.090909090909090592e+05 7.576645868185856352e-06
5.181818181818181183e+05 7.509889977779683920e-06
5.272727272727272939e+05 7.444868061481468503e-06
5.363636363636363531e+05 7.381506329972794422e-06
5.454545454545454122e+05 7.319735316556052758e-06
5.545454545454545878e+05 7.259489556939663128e-06
5.636363636363635305e+05 7.200707297546537889e-06
5.727272727272727061e+05 7.143330229391008340e-06
5.818181818181817653e+05 7.087303244916968444e-06
5.909090909090908244e+05 7.032574215492094350e-06
6.000000000000000000e+05 6.979093787515940719e-06
6.090909090909090592e+05 6.926815195329159191e-06
6.181818181818181183e+05 6.875694089311870892e-06
6.272727272727271775e+05 6.825688377734954619e-06
6.363636363636363531e+05 6.776758081082594972e-06
6.454545454545454122e+05 6.728865197700189544e-06
6.545454545454544714e+05 6.681973579741614314e-06
6.636363636363635305e+05 6.636048818495524784e-06
6.727272727272727061e+05 6.591058138264047978e-06
6.818181818181817653e+05 6.546970298050112794e-06
6.909090909090908244e+05 6.503755500383359734e-06
7.000000000000000000e+05 6.461385306680001799e-06
7.090909090909090592e+05 6.419832558590362988e-06
7.181818181818181183e+05 6.379071304839862526e-06
7.272727272727271775e+05 6.339076733115671868e-06
7.363636363636363531e+05 6.299825106592859992e-06
7.454545454545454122e+05 6.261293704731139903e-06
7.545454545454544714e+05 6.223460768006737079e-06
7.636363636363635305e+05 6.186305446273933866e-06
7.727272727272727061e+05 6.149807750477941226e-06
7.818181818181817653e+05 6.113948507464996433e-06
7.909090909090908244e+05 6.078709317657647973e-06
7.999999999999998836e+05 6.044072515382959485e-06
8.090909090909090592e+05 6.010021131659345427e-06
8.181818181818181183e+05 5.976538859263943841e-06
8.272727272727271775e+05 5.943610019917203875e-06
8.363636363636363531e+05 5.911219533434664977e-06
8.454545454545454122e+05 5.879352888708073992e-06
8.545454545454544714e+05 5.847996116389000359e-06
8.636363636363635305e+05 5.817135763158141043e-06
8.727272727272727061e+05 5.786758867472682703e-06
8.818181818181817653e+05 5.756852936692398029e-06
8.909090909090908244e+05 5.727405925492812027e-06
8.999999999999998836e+05 5.698406215480699388e-06
9.090909090909090592e+05 5.669842595933573400e-06
9.181818181818181183e+05 5.641704245590655305e-06
9.272727272727271775e+05 5.613980715428117961e-06
9.363636363636362366e+05 5.586661912356390939e-06
9.454545454545454122e+05 5.559738083781705188e-06
9.545454545454544714e+05 5.533199802978276194e-06
9.636363636363635305e+05 5.507037955221291273e-06
9.727272727272727061e+05 5.481243724634374243e-06
9.818181818181817653e+05 5.455808581708427046e-06
9.909090909090908244e+05 5.430724271451704885e-06
1.000000000000000000e+06 5.405982802133775803e-06
