0.000000000000000000e+00 2.063575435398696170e-05
3.141592653589793632e-04 2.051365187892872073e-05
6.283185307179587264e-04 2.039154940387047637e-05
9.424777960769380354e-04 2.026944692881223539e-05
1.256637061435917453e-03 2.014734445375399442e-05
1.570796326794896870e-03 2.002524197869575345e-05
1.884955592153876071e-03 1.990313950363751248e-05
2.199114857512855705e-03 1.978103702857927150e-05
2.513274122871834906e-03 1.965893455352103053e-05
2.827433388230814106e-03 1.953683207846278956e-05
3.141592653589793740e-03 1.941472960340454859e-05
3.455751918948772941e-03 1.929262712834630422e-05
3.769911184307752142e-03 1.917052465328806325e-05
4.084070449666731342e-03 1.904842217822982228e-05
4.398229715025711410e-03 1.892631970317157792e-05
4.712388980384690611e-03 1.880421722811333695e-05
5.026548245743669811e-03 1.868211475305509597e-05
5.340707511102649012e-03 1.856001227799685500e-05
5.654866776461628212e-03 1.843790980293861403e-05
5.969026041820608280e-03 1.831580732788037306e-05
6.283185307179587481e-03 1.819370485282213208e-05
6.597344572538566682e-03 1.807160237776388772e-05
6.911503837897545882e-03 1.794949990270564675e-05
7.225663103256525083e-03 1.782739742764740578e-05
7.539822368615504283e-03 1.770529495258916142e-05
7.853981633974483484e-03 1.758319247753092044e-05
8.168140899333462684e-03 1.746109000247267947e-05
8.482300164692443620e-03 1.733898752741443850e-05
8.796459430051422820e-03 1.721688505235619753e-05
9.110618695410402021e-03 1.709478257729795655e-05
9.424777960769381221e-03 1.697268010223971558e-05
9.738937226128360422e-03 1.685057762718147461e-05
1.005309649148733962e-02 1.672847515212323025e-05
1.036725575684631882e-02 1.660637267706498927e-05
1.068141502220529802e-02 1.648427020200674830e-05
1.099557428756427722e-02 1.636216772694850394e-05
1.130973355292325642e-02 1.624006525189026297e-05
1.162389281828223563e-02 1.611796277683202200e-05
1.193805208364121656e-02 1.599586030177378102e-05
1.225221134900019576e-02 1.587375782671554005e-05
1.256637061435917496e-02 1.575165535165729908e-05
1.288052987971815416e-02 1.562955287659905811e-05
1.319468914507713336e-02 1.550745040154081374e-05
1.350884841043611256e-02 1.538534792648257277e-05
1.382300767579509176e-02 1.526324545142433180e-05
1.413716694115407096e-02 1.514114297636609083e-05
1.445132620651305017e-02 1.501904050130784985e-05
1.476548547187202937e-02 1.489693802624960888e-05
1.507964473723100857e-02 1.477483555119136621e-05
1.539380400258998950e-02 1.465273307613312355e-05
1.570796326794896697e-02 1.453063060107488258e-05
1.602212253330794617e-02 1.440852812601664160e-05
1.633628179866692537e-02 1.428642565095840063e-05
1.665044106402590457e-02 1.416432317590015796e-05
1.696460032938488724e-02 1.404222070084191530e-05
1.727875959474386644e-02 1.392011822578367432e-05
1.759291886010284564e-02 1.379801575072543335e-05
1.790707812546182484e-02 1.367591327566719238e-05
1.822123739082080404e-02 1.355381080060894802e-05
1.853539665617978324e-02 1.343170832555070705e-05
1.884955592153876244e-02 1.330960585049246607e-05
1.916371518689774164e-02 1.318750337543422510e-05
1.947787445225672084e-02 1.306540090037598413e-05
1.979203371761570004e-02 1.294329842531774146e-05
2.010619298297467925e-02 1.282119595025950049e-05
2.042035224833365845e-02 1.269909347520125952e-05
2.073451151369263765e-02 1.257699100014301685e-05
2.104867077905161685e-02 1.245488852508477588e-05
2.136283004441059605e-02 1.233278605002653490e-05
2.167698930976957525e-02 1.221068357496829224e-05
2.199114857512855445e-02 1.208858109991005126e-05
2.230530784048753365e-02 1.196647862485180860e-05
2.261946710584651285e-02 1.184437614979356763e-05
2.293362637120549205e-02 1.172227367473532665e-05
2.324778563656447125e-02 1.160017119967708568e-05
2.356194490192345392e-02 1.147806872461884301e-05
2.387610416728243312e-02 1.135596624956060204e-05
2.419026343264141232e-02 1.123386377450235937e-05
2.450442269800039152e-02 1.111176129944411840e-05
2.481858196335937072e-02 1.098965882438587573e-05
2.513274122871834992e-02 1.086755634932763476e-05
2.544690049407732912e-02 1.074545387426939379e-05
2.576105975943630833e-02 1.062335139921115112e-05
2.607521902479528753e-02 1.050124892415291015e-05
2.638937829015426673e-02 1.037914644909466918e-05
2.670353755551324593e-02 1.025704397403642651e-05
2.701769682087222513e-02 1.013494149897818554e-05
2.733185608623120433e-02 1.001283902391994287e-05
2.764601535159018353e-02 9.890736548861701899e-06
2.796017461694916273e-02 9.768634073803460926e-06
2.827433388230814193e-02 9.646531598745219954e-06
2.858849314766712113e-02 9.524429123686978981e-06
2.890265241302610033e-02 9.402326648628738008e-06
2.921681167838507953e-02 9.280224173570495342e-06
2.953097094374405873e-02 9.158121698512254369e-06
2.984513020910303793e-02 9.036019223454011702e-06
3.015928947446201713e-02 8.913916748395770730e-06
3.047344873982099980e-02 8.791814273337528063e-06
3.078760800517997900e-02 8.669711798279285396e-06
3.110176727053895473e-02 8.547609323221046118e-06
