0.000000000000000000e+00 1.817381609191211683e-05
3.113290017070966632e-05 1.817381609191211683e-05
6.226580034141933264e-05 1.817381609191211683e-05
9.339870051212900573e-05 1.817381609191211683e-05
1.245316006828386653e-04 1.817381609191211683e-05
1.556645008535483248e-04 1.817381609191211683e-05
1.867974010242580115e-04 1.817381609191211683e-05
2.179303011949676710e-04 1.817381609191211683e-05
2.490632013656773306e-04 1.817381609191211683e-05
2.801961015363870172e-04 1.817381609191211683e-05
3.113290017070966496e-04 1.817381609191211683e-05
3.424619018778063363e-04 1.817381609191211683e-05
3.735948020485160229e-04 1.817381609191211683e-05
4.047277022192256554e-04 1.817381609191211683e-05
4.358606023899353420e-04 1.817381609191211683e-05
4.669935025606449745e-04 1.817381609191211683e-05
4.981264027313546611e-04 1.817381609191211683e-05
5.292593029020643478e-04 1.817381609191211683e-05
5.603922030727740344e-04 1.817381609191211683e-05
5.915251032434836126e-04 1.817381609191211683e-05
6.226580034141932993e-04 1.817381609191211683e-05
6.537909035849029859e-04 1.817381609191211683e-05
6.849238037556126726e-04 1.817381609191211683e-05
7.160567039263223592e-04 1.817381609191211683e-05
7.471896040970320459e-04 1.817381609191211683e-05
7.783225042677416241e-04 1.817381609191211683e-05
8.094554044384513107e-04 1.817381609191211683e-05
8.405883046091609974e-04 1.817381609191211683e-05
8.717212047798706840e-04 1.817381609191211683e-05
9.028541049505803707e-04 1.817381609191211683e-05
9.339870051212899489e-04 1.817381609191211683e-05
9.651199052919996356e-04 1.817381609191211683e-05
9.962528054627093222e-04 1.817381609191211683e-05
1.027385705633418900e-03 1.817381609191211683e-05
1.058518605804128696e-03 1.817381609191211683e-05
1.089651505974838274e-03 1.817381609191211683e-05
1.120784406145548069e-03 1.817381609191211683e-05
1.151917306316257647e-03 1.817381609191211683e-05
1.183050206486967225e-03 1.817381609191211683e-05
1.214183106657677020e-03 1.817381609191211683e-05
1.245316006828386599e-03 1.817381609191211683e-05
1.276448906999096394e-03 1.817381609191211683e-05
1.307581807169805972e-03 1.817381609191211683e-05
1.338714707340515550e-03 1.817381609191211683e-05
1.369847607511225345e-03 1.817381609191211683e-05
1.400980507681934923e-03 1.817381609191211683e-05
1.432113407852644718e-03 1.817381609191211683e-05
1.463246308023354297e-03 1.817381609191211683e-05
1.494379208194064092e-03 1.817381609191211683e-05
1.525512108364773670e-03 1.817381609191211683e-05
1.556645008535483248e-03 1.817381609191211683e-05
1.587777908706193043e-03 1.817381609191211683e-05
1.618910808876902621e-03 1.817381609191211683e-05
1.650043709047612417e-03 1.817381609191211683e-05
1.681176609218321995e-03 1.817381609191211683e-05
1.712309509389031573e-03 1.817381609191211683e-05
1.743442409559741368e-03 1.817381609191211683e-05
1.774575309730450946e-03 1.817381609191211683e-05
1.805708209901160741e-03 1.817381609191211683e-05
1.836841110071870320e-03 1.817381609191211683e-05
1.867974010242579898e-03 1.817381609191211683e-05
1.899106910413289693e-03 1.817381609191211683e-05
1.930239810583999271e-03 1.817381609191211683e-05
1.961372710754708849e-03 1.817381609191211683e-05
1.992505610925418644e-03 1.817381609191211683e-05
2.023638511096128439e-03 1.817381609191211683e-05
2.054771411266837801e-03 1.817381609191211683e-05
2.085904311437547596e-03 1.817381609191211683e-05
2.117037211608257391e-03 1.817381609191211683e-05
2.148170111778967186e-03 1.817381609191211683e-05
2.179303011949676547e-03 1.817381609191211683e-05
2.210435912120386343e-03 1.817381609191211683e-05
2.241568812291096138e-03 1.817381609191211683e-05
2.272701712461805499e-03 1.817381609191211683e-05
2.303834612632515294e-03 1.817381609191211683e-05
2.334967512803225089e-03 1.817381609191211683e-05
2.366100412973934451e-03 1.817381609191211683e-05
2.397233313144644246e-03 1.817381609191211683e-05
2.428366213315354041e-03 1.817381609191211683e-05
2.459499113486063836e-03 1.817381609191211683e-05
2.490632013656773197e-03 1.817381609191211683e-05
2.521764913827482992e-03 1.817381609191211683e-05
2.552897813998192787e-03 1.817381609191211683e-05
2.584030714168902149e-03 1.817381609191211683e-05
2.615163614339611944e-03 1.817381609191211683e-05
2.646296514510321739e-03 1.817381609191211683e-05
2.677429414681031100e-03 1.817381609191211683e-05
2.708562314851740895e-03 1.817381609191211683e-05
2.739695215022450690e-03 1.817381609191211683e-05
2.770828115193160485e-03 1.817381609191211683e-05
2.801961015363869847e-03 1.817381609191211683e-05
2.833093915534579642e-03 1.817381609191211683e-05
2.864226815705289437e-03 1.817381609191211683e-05
2.895359715875998798e-03 1.817381609191211683e-05
2.926492616046708593e-03 1.817381609191211683e-05
2.957625516217418388e-03 1.817381609191211683e-05
2.988758416388128183e-03 1.817381609191211683e-05
3.019891316558837545e-03 1.817381609191211683e-05
3.051024216729547340e-03 1.817381609191211683e-05
3.082157116900257135e-03 1.817381609191211683e-05
3.113290017070966496e-03 1.817381609191211683e-05
3.144422917241676291e-03 1.817381609191211683e-05
3.175555817412386087e-03 1.817381609191211683e-05
3.206688717583095448e-03 1.817381609191211683e-05
3.237821617753805243e-03 1.817381609191211683e-05
3.268954517924515038e-03 1.817381609191211683e-05
3.300087418095224833e-03 1.817381609191211683e-05
3.331220318265934194e-03 1.817381609191211683e-05
3.362353218436643990e-03 1.817381609191211683e-05
3.393486118607353785e-03 1.817381609191211683e-05
3.424619018778063146e-03 1.817381609191211683e-05
3.455751918948772941e-03 1.817381609191211683e-05
3.486884819119482736e-03 1.817381609191211683e-05
3.518017719290192098e-03 1.817381609191211683e-05
3.549150619460901893e-03 1.817381609191211683e-05
3.580283519631611688e-03 1.817381609191211683e-05
3.611416419802321483e-03 1.817381609191211683e-05
3.642549319973030844e-03 1.817381609191211683e-05
3.673682220143740639e-03 1.817381609191211683e-05
3.704815120314450434e-03 1.817381609191211683e-05
3.735948020485159796e-03 1.817381609191211683e-05
3.767080920655869591e-03 1.817381609191211683e-05
3.798213820826579386e-03 1.817381609191211683e-05
3.829346720997288747e-03 1.817381609191211683e-05
3.860479621167998542e-03 1.817381609191211683e-05
3.891612521338708337e-03 1.817381609191211683e-05
3.922745421509417699e-03 1.817381609191211683e-05
3.953878321680127927e-03 1.817381609191211683e-05
3.985011221850837289e-03 1.817381609191211683e-05
4.016144122021546650e-03 1.817381609191211683e-05
4.047277022192256879e-03 1.817381609191211683e-05
4.078409922362966240e-03 1.817381609191211683e-05
4.109542822533675602e-03 1.817381609191211683e-05
4.140675722704385830e-03 1.817381609191211683e-05
4.171808622875095192e-03 1.817381609191211683e-05
4.202941523045804553e-03 1.817381609191211683e-05
4.234074423216514782e-03 1.817381609191211683e-05
4.265207323387224143e-03 1.817381609191211683e-05
4.296340223557934372e-03 1.817381609191211683e-05
4.327473123728643734e-03 1.817381609191211683e-05
4.358606023899353095e-03 1.817381609191211683e-05
4.389738924070063324e-03 1.817381609191211683e-05
4.420871824240772685e-03 1.817381609191211683e-05
4.452004724411482046e-03 1.817381609191211683e-05
4.483137624582192275e-03 1.817381609191211683e-05
4.514270524752901637e-03 1.817381609191211683e-05
4.545403424923610998e-03 1.817381609191211683e-05
4.576536325094321227e-03 1.817381609191211683e-05
4.607669225265030588e-03 1.817381609191211683e-05
4.638802125435739949e-03 1.817381609191211683e-05
4.669935025606450178e-03 1.817381609191211683e-05
4.701067925777159540e-03 1.817381609191211683e-05
4.732200825947868901e-03 1.817381609191211683e-05
4.763333726118579130e-03 1.817381609191211683e-05
4.794466626289288491e-03 1.817381609191211683e-05
4.825599526459997853e-03 1.817381609191211683e-05
4.856732426630708081e-03 1.817381609191211683e-05
4.887865326801417443e-03 1.817381609191211683e-05
4.918998226972127671e-03 1.817381609191211683e-05
4.950131127142837033e-03 1.817381609191211683e-05
4.981264027313546394e-03 1.817381609191211683e-05
5.012396927484256623e-03 1.817381609191211683e-05
5.043529827654965984e-03 1.817381609191211683e-05
5.074662727825675346e-03 1.817381609191211683e-05
5.105795627996385574e-03 1.817381609191211683e-05
5.136928528167094936e-03 1.817381609191211683e-05
5.168061428337804297e-03 1.817381609191211683e-05
5.199194328508514526e-03 1.817381609191211683e-05
5.230327228679223887e-03 1.817381609191211683e-05
5.261460128849933249e-03 1.817381609191211683e-05
5.292593029020643478e-03 1.817381609191211683e-05
5.323725929191352839e-03 1.817381609191211683e-05
5.354858829362062200e-03 1.817381609191211683e-05
5.385991729532772429e-03 1.817381609191211683e-05
5.417124629703481790e-03 1.817381609191211683e-05
5.448257529874192019e-03 1.817381609191211683e-05
5.479390430044901381e-03 1.817381609191211683e-05
5.510523330215610742e-03 1.817381609191211683e-05
5.541656230386320971e-03 1.817381609191211683e-05
5.572789130557030332e-03 1.817381609191211683e-05
5.603922030727739693e-03 1.817381609191211683e-05
5.635054930898449922e-03 1.817381609191211683e-05
5.666187831069159284e-03 1.817381609191211683e-05
5.697320731239868645e-03 1.817381609191211683e-05
5.728453631410578874e-03 1.817381609191211683e-05
5.759586531581288235e-03 1.817381609191211683e-05
5.790719431751997597e-03 1.817381609191211683e-05
5.821852331922707825e-03 1.817381609191211683e-05
5.852985232093417187e-03 1.817381609191211683e-05
5.884118132264126548e-03 1.817381609191211683e-05
5.915251032434836777e-03 1.817381609191211683e-05
5.946383932605546138e-03 1.817381609191211683e-05
5.977516832776256367e-03 1.817381609191211683e-05
6.008649732946965728e-03 1.817381609191211683e-05
6.039782633117675090e-03 1.817381609191211683e-05
6.070915533288385318e-03 1.817381609191211683e-05
6.102048433459094680e-03 1.817381609191211683e-05
6.133181333629804041e-03 1.817381609191211683e-05
6.164314233800514270e-03 1.817381609191211683e-05
6.195447133971223631e-03 1.817381609191211683e-05
6.226580034141932993e-03 1.817381609191211683e-05
6.257712934312643221e-03 1.817381609191211683e-05
6.288845834483352583e-03 1.817381609191211683e-05
6.319978734654061944e-03 1.817381609191211683e-05
6.351111634824772173e-03 1.817381609191211683e-05
6.382244534995481534e-03 1.817381609191211683e-05
6.413377435166190896e-03 1.817381609191211683e-05
6.444510335336901125e-03 1.817381609191211683e-05
6.475643235507610486e-03 1.817381609191211683e-05
6.506776135678319847e-03 1.817381609191211683e-05
6.537909035849030076e-03 1.817381609191211683e-05
6.569041936019739437e-03 1.817381609191211683e-05
6.600174836190449666e-03 1.817381609191211683e-05
6.631307736361159028e-03 1.817381609191211683e-05
6.662440636531868389e-03 1.817381609191211683e-05
6.693573536702578618e-03 1.817381609191211683e-05
6.724706436873287979e-03 1.817381609191211683e-05
6.755839337043997340e-03 1.817381609191211683e-05
6.786972237214707569e-03 1.817381609191211683e-05
6.818105137385416931e-03 1.817381609191211683e-05
6.849238037556126292e-03 1.817381609191211683e-05
6.880370937726836521e-03 1.817381609191211683e-05
6.911503837897545882e-03 1.817381609191211683e-05
6.942636738068255244e-03 1.817381609191211683e-05
6.973769638238965472e-03 1.817381609191211683e-05
7.004902538409674834e-03 1.817381609191211683e-05
7.036035438580384195e-03 1.817381609191211683e-05
7.067168338751094424e-03 1.817381609191211683e-05
7.098301238921803785e-03 1.817381609191211683e-05
7.129434139092514014e-03 1.817381609191211683e-05
7.160567039263223375e-03 1.817381609191211683e-05
7.191699939433932737e-03 1.817381609191211683e-05
7.222832839604642965e-03 1.817381609191211683e-05
7.253965739775352327e-03 1.817381609191211683e-05
7.285098639946061688e-03 1.817381609191211683e-05
7.316231540116771917e-03 1.817381609191211683e-05
7.347364440287481278e-03 1.817381609191211683e-05
7.378497340458190640e-03 1.817381609191211683e-05
7.409630240628900869e-03 1.817381609191211683e-05
7.440763140799610230e-03 1.817381609191211683e-05
7.471896040970319591e-03 1.817381609191211683e-05
7.503028941141029820e-03 1.817381609191211683e-05
7.534161841311739181e-03 1.817381609191211683e-05
7.565294741482448543e-03 1.817381609191211683e-05
7.596427641653158772e-03 1.817381609191211683e-05
7.627560541823868133e-03 1.817381609191211683e-05
7.658693441994577494e-03 1.817381609191211683e-05
7.689826342165287723e-03 1.817381609191211683e-05
7.720959242335997084e-03 1.817381609191211683e-05
7.752092142506707313e-03 1.817381609191211683e-05
7.783225042677416675e-03 1.817381609191211683e-05
7.814357942848126903e-03 1.817381609191211683e-05
7.845490843018835397e-03 1.817381609191211683e-05
7.876623743189545626e-03 1.817381609191211683e-05
7.907756643360255855e-03 1.817381609191211683e-05
7.938889543530964349e-03 1.817381609191211683e-05
7.970022443701674578e-03 1.817381609191211683e-05
8.001155343872384806e-03 1.817381609191211683e-05
8.032288244043093300e-03 1.817381609191211683e-05
8.063421144213803529e-03 1.817381609191211683e-05
8.094554044384513758e-03 1.817381609191211683e-05
8.125686944555222252e-03 1.817381609191211683e-05
8.156819844725932481e-03 1.817381609191211683e-05
8.187952744896642709e-03 1.817381609191211683e-05
8.219085645067351203e-03 1.817381609191211683e-05
8.250218545238061432e-03 1.817381609191211683e-05
8.281351445408771661e-03 1.817381609191211683e-05
8.312484345579480155e-03 1.817381609191211683e-05
8.343617245750190384e-03 1.817381609191211683e-05
8.374750145920900612e-03 1.817381609191211683e-05
8.405883046091609107e-03 1.817381609191211683e-05
8.437015946262319335e-03 1.817381609191211683e-05
8.468148846433029564e-03 1.817381609191211683e-05
8.499281746603738058e-03 1.817381609191211683e-05
8.530414646774448287e-03 1.817381609191211683e-05
8.561547546945158516e-03 1.817381609191211683e-05
8.592680447115868744e-03 1.817381609191211683e-05
8.623813347286577238e-03 1.817381609191211683e-05
8.654946247457287467e-03 1.817381609191211683e-05
8.686079147627997696e-03 1.817381609191211683e-05
8.717212047798706190e-03 1.817381609191211683e-05
8.748344947969416419e-03 1.817381609191211683e-05
8.779477848140126647e-03 1.817381609191211683e-05
8.810610748310835141e-03 1.817381609191211683e-05
8.841743648481545370e-03 1.817381609191211683e-05
8.872876548652255599e-03 1.817381609191211683e-05
8.904009448822964093e-03 1.817381609191211683e-05
8.935142348993674322e-03 1.817381609191211683e-05
8.966275249164384550e-03 1.817381609191211683e-05
8.997408149335093044e-03 1.817381609191211683e-05
9.028541049505803273e-03 1.817381609191211683e-05
9.059673949676513502e-03 1.817381609191211683e-05
9.090806849847221996e-03 1.817381609191211683e-05
9.121939750017932225e-03 1.817381609191211683e-05
9.153072650188642453e-03 1.817381609191211683e-05
9.184205550359350947e-03 1.817381609191211683e-05
9.215338450530061176e-03 1.817381609191211683e-05
9.246471350700771405e-03 1.817381609191211683e-05
9.277604250871479899e-03 1.817381609191211683e-05
9.308737151042190128e-03 1.817381609191211683e-05
9.339870051212900356e-03 1.817381609191211683e-05
9.371002951383608850e-03 1.817381609191211683e-05
9.402135851554319079e-03 1.817381609191211683e-05
9.433268751725029308e-03 1.817381609191211683e-05
9.464401651895737802e-03 1.817381609191211683e-05
9.495534552066448031e-03 1.817381609191211683e-05
9.526667452237158260e-03 1.817381609191211683e-05
9.557800352407866754e-03 1.817381609191211683e-05
9.588933252578576982e-03 1.817381609191211683e-05
9.620066152749287211e-03 1.817381609191211683e-05
9.651199052919995705e-03 1.817381609191211683e-05
9.682331953090705934e-03 1.817381609191211683e-05
9.713464853261416163e-03 1.817381609191211683e-05
9.744597753432126391e-03 1.817381609191211683e-05
9.775730653602834885e-03 1.817381609191211683e-05
9.806863553773545114e-03 1.817381609191211683e-05
9.837996453944255343e-03 1.817381609191211683e-05
9.869129354114963837e-03 1.817381609191211683e-05
9.900262254285674066e-03 1.817381609191211683e-05
9.931395154456384294e-03 1.817381609191211683e-05
9.962528054627092788e-03 1.817381609191211683e-05
9.993660954797803017e-03 1.817381609191211683e-05
1.002479385496851325e-02 1.817381609191211683e-05
1.005592675513922174e-02 1.817381609191211683e-05
1.008705965530993197e-02 1.817381609191211683e-05
1.011819255548064220e-02 1.817381609191211683e-05
1.014932545565135069e-02 1.817381609191211683e-05
1.018045835582206092e-02 1.817381609191211683e-05
1.021159125599277115e-02 1.817381609191211683e-05
1.024272415616347964e-02 1.817381609191211683e-05
1.027385705633418987e-02 1.817381609191211683e-05
1.030498995650490010e-02 1.817381609191211683e-05
1.033612285667560859e-02 1.817381609191211683e-05
1.036725575684631882e-02 1.817381609191211683e-05
1.039838865701702905e-02 1.817381609191211683e-05
1.042952155718773755e-02 1.817381609191211683e-05
1.046065445735844777e-02 1.817381609191211683e-05
1.049178735752915800e-02 1.817381609191211683e-05
1.052292025769986650e-02 1.817381609191211683e-05
1.055405315787057673e-02 1.817381609191211683e-05
1.058518605804128696e-02 1.817381609191211683e-05
1.061631895821199545e-02 1.817381609191211683e-05
1.064745185838270568e-02 1.817381609191211683e-05
1.067858475855341591e-02 1.817381609191211683e-05
1.070971765872412440e-02 1.817381609191211683e-05
1.074085055889483463e-02 1.817381609191211683e-05
1.077198345906554486e-02 1.817381609191211683e-05
1.080311635923625335e-02 1.817381609191211683e-05
1.083424925940696358e-02 1.817381609191211683e-05
1.086538215957767381e-02 1.817381609191211683e-05
1.089651505974838404e-02 1.817381609191211683e-05
1.092764795991909253e-02 1.817381609191211683e-05
1.095878086008980276e-02 1.817381609191211683e-05
1.098991376026051299e-02 1.817381609191211683e-05
1.102104666043122148e-02 1.817381609191211683e-05
1.105217956060193171e-02 1.817381609191211683e-05
1.108331246077264194e-02 1.817381609191211683e-05
1.111444536094335044e-02 1.817381609191211683e-05
1.114557826111406066e-02 1.817381609191211683e-05
1.117671116128477089e-02 1.817381609191211683e-05
1.120784406145547939e-02 1.817381609191211683e-05
1.123897696162618962e-02 1.817381609191211683e-05
1.127010986179689984e-02 1.817381609191211683e-05
1.130124276196760834e-02 1.817381609191211683e-05
1.133237566213831857e-02 1.817381609191211683e-05
1.136350856230902880e-02 1.817381609191211683e-05
1.139464146247973729e-02 1.817381609191211683e-05
1.142577436265044752e-02 1.817381609191211683e-05
1.145690726282115775e-02 1.817381609191211683e-05
1.148804016299186624e-02 1.817381609191211683e-05
1.151917306316257647e-02 1.817381609191211683e-05
1.155030596333328670e-02 1.817381609191211683e-05
1.158143886350399519e-02 1.817381609191211683e-05
1.161257176367470542e-02 1.817381609191211683e-05
1.164370466384541565e-02 1.817381609191211683e-05
1.167483756401612414e-02 1.817381609191211683e-05
1.170597046418683437e-02 1.817381609191211683e-05
1.173710336435754460e-02 1.817381609191211683e-05
1.176823626452825310e-02 1.817381609191211683e-05
1.179936916469896332e-02 1.817381609191211683e-05
1.183050206486967355e-02 1.817381609191211683e-05
1.186163496504038205e-02 1.817381609191211683e-05
1.189276786521109228e-02 1.817381609191211683e-05
1.192390076538180251e-02 1.817381609191211683e-05
1.195503366555251273e-02 1.817381609191211683e-05
1.198616656572322123e-02 1.817381609191211683e-05
1.201729946589393146e-02 1.817381609191211683e-05
1.204843236606464169e-02 1.817381609191211683e-05
1.207956526623535018e-02 1.817381609191211683e-05
1.211069816640606041e-02 1.817381609191211683e-05
1.214183106657677064e-02 1.817381609191211683e-05
1.217296396674747913e-02 1.817381609191211683e-05
1.220409686691818936e-02 1.817381609191211683e-05
1.223522976708889959e-02 1.817381609191211683e-05
1.226636266725960808e-02 1.817381609191211683e-05
1.229749556743031831e-02 1.817381609191211683e-05
1.232862846760102854e-02 1.817381609191211683e-05
1.235976136777173703e-02 1.817381609191211683e-05
1.239089426794244726e-02 1.817381609191211683e-05
1.242202716811315749e-02 1.817381609191211683e-05
1.245316006828386599e-02 1.817381609191211683e-05
1.248429296845457621e-02 1.817381609191211683e-05
1.251542586862528644e-02 1.817381609191211683e-05
1.254655876879599494e-02 1.817381609191211683e-05
1.257769166896670517e-02 1.817381609191211683e-05
1.260882456913741539e-02 1.817381609191211683e-05
1.263995746930812389e-02 1.817381609191211683e-05
1.267109036947883412e-02 1.817381609191211683e-05
1.270222326964954435e-02 1.817381609191211683e-05
1.273335616982025284e-02 1.817381609191211683e-05
1.276448906999096307e-02 1.817381609191211683e-05
1.279562197016167330e-02 1.817381609191211683e-05
1.282675487033238179e-02 1.817381609191211683e-05
1.285788777050309202e-02 1.817381609191211683e-05
1.288902067067380225e-02 1.817381609191211683e-05
1.292015357084451074e-02 1.817381609191211683e-05
1.295128647101522097e-02 1.817381609191211683e-05
1.298241937118593120e-02 1.817381609191211683e-05
1.301355227135663969e-02 1.817381609191211683e-05
1.304468517152734992e-02 1.817381609191211683e-05
1.307581807169806015e-02 1.817381609191211683e-05
1.310695097186877038e-02 1.817381609191211683e-05
1.313808387203947887e-02 1.817381609191211683e-05
1.316921677221018910e-02 1.817381609191211683e-05
1.320034967238089933e-02 1.817381609191211683e-05
1.323148257255160783e-02 1.817381609191211683e-05
1.326261547272231806e-02 1.817381609191211683e-05
1.329374837289302828e-02 1.817381609191211683e-05
1.332488127306373678e-02 1.817381609191211683e-05
1.335601417323444701e-02 1.817381609191211683e-05
1.338714707340515724e-02 1.817381609191211683e-05
1.341827997357586573e-02 1.817381609191211683e-05
1.344941287374657596e-02 1.817381609191211683e-05
1.348054577391728619e-02 1.817381609191211683e-05
1.351167867408799468e-02 1.817381609191211683e-05
1.354281157425870491e-02 1.817381609191211683e-05
1.357394447442941514e-02 1.817381609191211683e-05
1.360507737460012363e-02 1.817381609191211683e-05
1.363621027477083386e-02 1.817381609191211683e-05
1.366734317494154409e-02 1.817381609191211683e-05
1.369847607511225258e-02 1.817381609191211683e-05
1.372960897528296281e-02 1.817381609191211683e-05
1.376074187545367304e-02 1.817381609191211683e-05
1.379187477562438154e-02 1.817381609191211683e-05
1.382300767579509176e-02 1.817381609191211683e-05
1.385414057596580199e-02 1.817381609191211683e-05
1.388527347613651049e-02 1.817381609191211683e-05
1.391640637630722072e-02 1.817381609191211683e-05
1.394753927647793094e-02 1.817381609191211683e-05
1.397867217664863944e-02 1.817381609191211683e-05
1.400980507681934967e-02 1.817381609191211683e-05
1.404093797699005990e-02 1.817381609191211683e-05
1.407207087716076839e-02 1.817381609191211683e-05
1.410320377733147862e-02 1.817381609191211683e-05
1.413433667750218885e-02 1.817381609191211683e-05
1.416546957767289734e-02 1.817381609191211683e-05
1.419660247784360757e-02 1.817381609191211683e-05
1.422773537801431780e-02 1.817381609191211683e-05
1.425886827818502803e-02 1.817381609191211683e-05
1.429000117835573652e-02 1.817381609191211683e-05
1.432113407852644675e-02 1.817381609191211683e-05
1.435226697869715698e-02 1.817381609191211683e-05
1.438339987886786547e-02 1.817381609191211683e-05
1.441453277903857570e-02 1.817381609191211683e-05
1.444566567920928593e-02 1.817381609191211683e-05
1.447679857937999442e-02 1.817381609191211683e-05
1.450793147955070465e-02 1.817381609191211683e-05
1.453906437972141488e-02 1.817381609191211683e-05
1.457019727989212338e-02 1.817381609191211683e-05
1.460133018006283361e-02 1.817381609191211683e-05
1.463246308023354383e-02 1.817381609191211683e-05
1.466359598040425233e-02 1.817381609191211683e-05
1.469472888057496256e-02 1.817381609191211683e-05
1.472586178074567279e-02 1.817381609191211683e-05
1.475699468091638128e-02 1.817381609191211683e-05
1.478812758108709151e-02 1.817381609191211683e-05
1.481926048125780174e-02 1.817381609191211683e-05
1.485039338142851023e-02 1.817381609191211683e-05
1.488152628159922046e-02 1.817381609191211683e-05
1.491265918176993069e-02 1.817381609191211683e-05
1.494379208194063918e-02 1.817381609191211683e-05
1.497492498211134941e-02 1.817381609191211683e-05
1.500605788228205964e-02 1.817381609191211683e-05
1.503719078245276813e-02 1.817381609191211683e-05
1.506832368262347836e-02 1.817381609191211683e-05
1.509945658279418859e-02 1.817381609191211683e-05
1.513058948296489709e-02 1.817381609191211683e-05
1.516172238313560731e-02 1.817381609191211683e-05
1.519285528330631754e-02 1.817381609191211683e-05
1.522398818347702604e-02 1.817381609191211683e-05
1.525512108364773627e-02 1.817381609191211683e-05
1.528625398381844649e-02 1.817381609191211683e-05
1.531738688398915499e-02 1.817381609191211683e-05
1.534851978415986522e-02 1.817381609191211683e-05
1.537965268433057545e-02 1.817381609191211683e-05
1.541078558450128567e-02 1.817381609191211683e-05
1.544191848467199417e-02 1.817381609191211683e-05
1.547305138484270440e-02 1.817381609191211683e-05
1.550418428501341463e-02 1.817381609191211683e-05
1.553531718518412312e-02 1.817381609191211683e-05
1.556645008535483335e-02 1.817381609191211683e-05
1.559758298552554358e-02 1.817381609191211683e-05
1.562871588569625381e-02 1.817381609191211683e-05
1.565984878586696230e-02 1.817381609191211683e-05
1.569098168603767079e-02 1.817381609191211683e-05
1.572211458620838276e-02 1.817381609191211683e-05
1.575324748637909125e-02 1.817381609191211683e-05
1.578438038654979975e-02 1.817381609191211683e-05
1.581551328672051171e-02 1.817381609191211683e-05
1.584664618689122020e-02 1.817381609191211683e-05
1.587777908706192870e-02 1.817381609191211683e-05
1.590891198723264066e-02 1.817381609191211683e-05
1.594004488740334916e-02 1.817381609191211683e-05
1.597117778757405765e-02 1.817381609191211683e-05
1.600231068774476961e-02 1.817381609191211683e-05
1.603344358791547811e-02 1.817381609191211683e-05
1.606457648808618660e-02 1.817381609191211683e-05
1.609570938825689856e-02 1.817381609191211683e-05
1.612684228842760706e-02 1.817381609191211683e-05
1.615797518859831555e-02 1.817381609191211683e-05
1.618910808876902752e-02 1.817381609191211683e-05
1.622024098893973601e-02 1.817381609191211683e-05
1.625137388911044450e-02 1.817381609191211683e-05
1.628250678928115647e-02 1.817381609191211683e-05
1.631363968945186496e-02 1.817381609191211683e-05
1.634477258962257346e-02 1.817381609191211683e-05
1.637590548979328542e-02 1.817381609191211683e-05
1.640703838996399391e-02 1.817381609191211683e-05
1.643817129013470241e-02 1.817381609191211683e-05
1.646930419030541437e-02 1.817381609191211683e-05
1.650043709047612286e-02 1.817381609191211683e-05
1.653156999064683136e-02 1.817381609191211683e-05
1.656270289081754332e-02 1.817381609191211683e-05
1.659383579098825182e-02 1.817381609191211683e-05
1.662496869115896031e-02 1.817381609191211683e-05
1.665610159132967227e-02 1.817381609191211683e-05
1.668723449150038077e-02 1.817381609191211683e-05
1.671836739167108926e-02 1.817381609191211683e-05
1.674950029184180122e-02 1.817381609191211683e-05
1.678063319201250972e-02 1.817381609191211683e-05
1.681176609218321821e-02 1.817381609191211683e-05
1.684289899235393018e-02 1.817381609191211683e-05
1.687403189252463867e-02 1.817381609191211683e-05
1.690516479269534716e-02 1.817381609191211683e-05
1.693629769286605913e-02 1.817381609191211683e-05
1.696743059303676762e-02 1.817381609191211683e-05
1.699856349320747612e-02 1.817381609191211683e-05
1.702969639337818808e-02 1.817381609191211683e-05
1.706082929354889657e-02 1.817381609191211683e-05
1.709196219371960854e-02 1.817381609191211683e-05
1.712309509389031703e-02 1.817381609191211683e-05
1.715422799406102553e-02 1.817381609191211683e-05
1.718536089423173749e-02 1.817381609191211683e-05
1.721649379440244598e-02 1.817381609191211683e-05
1.724762669457315448e-02 1.817381609191211683e-05
1.727875959474386644e-02 1.817381609191211683e-05
1.730989249491457493e-02 1.817381609191211683e-05
1.734102539508528343e-02 1.817381609191211683e-05
1.737215829525599539e-02 1.817381609191211683e-05
1.740329119542670389e-02 1.817381609191211683e-05
1.743442409559741238e-02 1.817381609191211683e-05
1.746555699576812434e-02 1.817381609191211683e-05
1.749668989593883284e-02 1.817381609191211683e-05
1.752782279610954133e-02 1.817381609191211683e-05
1.755895569628025329e-02 1.817381609191211683e-05
1.759008859645096179e-02 1.817381609191211683e-05
1.762122149662167028e-02 1.817381609191211683e-05
1.765235439679238225e-02 1.817381609191211683e-05
1.768348729696309074e-02 1.817381609191211683e-05
1.771462019713379923e-02 1.817381609191211683e-05
1.774575309730451120e-02 1.817381609191211683e-05
1.777688599747521969e-02 1.817381609191211683e-05
1.780801889764592819e-02 1.817381609191211683e-05
1.783915179781664015e-02 1.817381609191211683e-05
1.787028469798734864e-02 1.817381609191211683e-05
1.790141759815805714e-02 1.817381609191211683e-05
1.793255049832876910e-02 1.817381609191211683e-05
1.796368339849947759e-02 1.817381609191211683e-05
1.799481629867018609e-02 1.817381609191211683e-05
1.802594919884089805e-02 1.817381609191211683e-05
1.805708209901160655e-02 1.817381609191211683e-05
1.808821499918231504e-02 1.817381609191211683e-05
1.811934789935302700e-02 1.817381609191211683e-05
1.815048079952373550e-02 1.817381609191211683e-05
1.818161369969444399e-02 1.817381609191211683e-05
1.821274659986515596e-02 1.817381609191211683e-05
1.824387950003586445e-02 1.817381609191211683e-05
1.827501240020657294e-02 1.817381609191211683e-05
1.830614530037728491e-02 1.817381609191211683e-05
1.833727820054799340e-02 1.817381609191211683e-05
1.836841110071870189e-02 1.817381609191211683e-05
1.839954400088941386e-02 1.817381609191211683e-05
1.843067690106012235e-02 1.817381609191211683e-05
1.846180980123083085e-02 1.817381609191211683e-05
1.849294270140154281e-02 1.817381609191211683e-05
1.852407560157225130e-02 1.817381609191211683e-05
1.855520850174295980e-02 1.817381609191211683e-05
1.858634140191367176e-02 1.817381609191211683e-05
1.861747430208438026e-02 1.817381609191211683e-05
1.864860720225508875e-02 1.817381609191211683e-05
1.867974010242580071e-02 1.817381609191211683e-05
1.871087300259650921e-02 1.817381609191211683e-05
1.874200590276721770e-02 1.817381609191211683e-05
1.877313880293792966e-02 1.817381609191211683e-05
1.880427170310863816e-02 1.817381609191211683e-05
1.883540460327934665e-02 1.817381609191211683e-05
1.886653750345005862e-02 1.817381609191211683e-05
1.889767040362076711e-02 1.817381609191211683e-05
1.892880330379147560e-02 1.817381609191211683e-05
1.895993620396218757e-02 1.817381609191211683e-05
1.899106910413289606e-02 1.817381609191211683e-05
1.902220200430360456e-02 1.817381609191211683e-05
1.905333490447431652e-02 1.817381609191211683e-05
1.908446780464502501e-02 1.817381609191211683e-05
1.911560070481573351e-02 1.817381609191211683e-05
1.914673360498644547e-02 1.817381609191211683e-05
1.917786650515715396e-02 1.817381609191211683e-05
1.920899940532786246e-02 1.817381609191211683e-05
1.924013230549857442e-02 1.817381609191211683e-05
1.927126520566928292e-02 1.817381609191211683e-05
1.930239810583999141e-02 1.817381609191211683e-05
1.933353100601070337e-02 1.817381609191211683e-05
1.936466390618141187e-02 1.817381609191211683e-05
1.939579680635212383e-02 1.817381609191211683e-05
1.942692970652283233e-02 1.817381609191211683e-05
1.945806260669354082e-02 1.817381609191211683e-05
1.948919550686425278e-02 1.817381609191211683e-05
1.952032840703496128e-02 1.817381609191211683e-05
1.955146130720566977e-02 1.817381609191211683e-05
1.958259420737638173e-02 1.817381609191211683e-05
1.961372710754709023e-02 1.817381609191211683e-05
1.964486000771779872e-02 1.817381609191211683e-05
1.967599290788851069e-02 1.817381609191211683e-05
1.970712580805921918e-02 1.817381609191211683e-05
1.973825870822992767e-02 1.817381609191211683e-05
1.976939160840063964e-02 1.817381609191211683e-05
1.980052450857134813e-02 1.817381609191211683e-05
1.983165740874205663e-02 1.817381609191211683e-05
1.986279030891276859e-02 1.817381609191211683e-05
1.989392320908347708e-02 1.817381609191211683e-05
1.992505610925418558e-02 1.817381609191211683e-05
1.995618900942489754e-02 1.817381609191211683e-05
1.998732190959560603e-02 1.817381609191211683e-05
2.001845480976631453e-02 1.817381609191211683e-05
2.004958770993702649e-02 1.817381609191211683e-05
2.008072061010773499e-02 1.817381609191211683e-05
2.011185351027844348e-02 1.817381609191211683e-05
2.014298641044915544e-02 1.817381609191211683e-05
2.017411931061986394e-02 1.817381609191211683e-05
2.020525221079057243e-02 1.817381609191211683e-05
2.023638511096128439e-02 1.817381609191211683e-05
2.026751801113199289e-02 1.817381609191211683e-05
2.029865091130270138e-02 1.817381609191211683e-05
2.032978381147341335e-02 1.817381609191211683e-05
2.036091671164412184e-02 1.817381609191211683e-05
2.039204961181483033e-02 1.817381609191211683e-05
2.042318251198554230e-02 1.817381609191211683e-05
2.045431541215625079e-02 1.817381609191211683e-05
2.048544831232695929e-02 1.817381609191211683e-05
2.051658121249767125e-02 1.817381609191211683e-05
2.054771411266837974e-02 1.817381609191211683e-05
2.057884701283908824e-02 1.817381609191211683e-05
2.060997991300980020e-02 1.817381609191211683e-05
2.064111281318050869e-02 1.817381609191211683e-05
2.067224571335121719e-02 1.817381609191211683e-05
2.070337861352192915e-02 1.817381609191211683e-05
2.073451151369263765e-02 1.817381609191211683e-05
2.076564441386334614e-02 1.817381609191211683e-05
2.079677731403405810e-02 1.817381609191211683e-05
2.082791021420476660e-02 1.817381609191211683e-05
2.085904311437547509e-02 1.817381609191211683e-05
2.089017601454618706e-02 1.817381609191211683e-05
2.092130891471689555e-02 1.817381609191211683e-05
2.095244181488760404e-02 1.817381609191211683e-05
2.098357471505831601e-02 1.817381609191211683e-05
2.101470761522902450e-02 1.817381609191211683e-05
2.104584051539973300e-02 1.817381609191211683e-05
2.107697341557044496e-02 1.817381609191211683e-05
2.110810631574115345e-02 1.817381609191211683e-05
2.113923921591186195e-02 1.817381609191211683e-05
2.117037211608257391e-02 1.817381609191211683e-05
2.120150501625328240e-02 1.817381609191211683e-05
2.123263791642399090e-02 1.817381609191211683e-05
2.126377081659470286e-02 1.817381609191211683e-05
2.129490371676541136e-02 1.817381609191211683e-05
2.132603661693611985e-02 1.817381609191211683e-05
2.135716951710683181e-02 1.817381609191211683e-05
2.138830241727754031e-02 1.817381609191211683e-05
2.141943531744824880e-02 1.817381609191211683e-05
2.145056821761896076e-02 1.817381609191211683e-05
2.148170111778966926e-02 1.817381609191211683e-05
2.151283401796037775e-02 1.817381609191211683e-05
2.154396691813108972e-02 1.817381609191211683e-05
2.157509981830179821e-02 1.817381609191211683e-05
2.160623271847250670e-02 1.817381609191211683e-05
2.163736561864321867e-02 1.817381609191211683e-05
2.166849851881392716e-02 1.817381609191211683e-05
2.169963141898463913e-02 1.817381609191211683e-05
2.173076431915534762e-02 1.817381609191211683e-05
2.176189721932605611e-02 1.817381609191211683e-05
2.179303011949676808e-02 1.817381609191211683e-05
2.182416301966747657e-02 1.817381609191211683e-05
2.185529591983818506e-02 1.817381609191211683e-05
2.188642882000889703e-02 1.817381609191211683e-05
2.191756172017960552e-02 1.817381609191211683e-05
2.194869462035031402e-02 1.817381609191211683e-05
2.197982752052102598e-02 1.817381609191211683e-05
2.201096042069173447e-02 1.817381609191211683e-05
2.204209332086244297e-02 1.817381609191211683e-05
2.207322622103315493e-02 1.817381609191211683e-05
2.210435912120386343e-02 1.817381609191211683e-05
2.213549202137457192e-02 1.817381609191211683e-05
2.216662492154528388e-02 1.817381609191211683e-05
2.219775782171599238e-02 1.817381609191211683e-05
2.222889072188670087e-02 1.817381609191211683e-05
2.226002362205741283e-02 1.817381609191211683e-05
2.229115652222812133e-02 1.817381609191211683e-05
2.232228942239882982e-02 1.817381609191211683e-05
2.235342232256954179e-02 9.740490759238280743e-06
2.238455522274025028e-02 9.740490759238280743e-06
2.241568812291095877e-02 9.740490759238280743e-06
2.244682102308167074e-02 9.740490759238280743e-06
2.247795392325237923e-02 9.740490759238280743e-06
2.250908682342308773e-02 9.740490759238280743e-06
2.254021972359379969e-02 9.740490759238280743e-06
2.257135262376450818e-02 9.740490759238280743e-06
2.260248552393521668e-02 9.740490759238280743e-06
2.263361842410592864e-02 9.740490759238280743e-06
2.266475132427663713e-02 9.740490759238280743e-06
2.269588422444734563e-02 9.740490759238280743e-06
2.272701712461805759e-02 9.740490759238280743e-06
2.275815002478876609e-02 9.740490759238280743e-06
2.278928292495947458e-02 9.740490759238280743e-06
2.282041582513018654e-02 9.740490759238280743e-06
2.285154872530089504e-02 9.740490759238280743e-06
2.288268162547160353e-02 9.740490759238280743e-06
2.291381452564231549e-02 9.740490759238280743e-06
2.294494742581302399e-02 9.740490759238280743e-06
2.297608032598373248e-02 9.740490759238280743e-06
2.300721322615444445e-02 9.740490759238280743e-06
2.303834612632515294e-02 9.740490759238280743e-06
2.306947902649586143e-02 9.740490759238280743e-06
2.310061192666657340e-02 9.740490759238280743e-06
2.313174482683728189e-02 9.740490759238280743e-06
2.316287772700799039e-02 9.740490759238280743e-06
2.319401062717870235e-02 9.740490759238280743e-06
2.322514352734941084e-02 9.740490759238280743e-06
2.325627642752011934e-02 9.740490759238280743e-06
2.328740932769083130e-02 9.740490759238280743e-06
2.331854222786153980e-02 9.740490759238280743e-06
2.334967512803224829e-02 9.740490759238280743e-06
2.338080802820296025e-02 9.740490759238280743e-06
2.341194092837366875e-02 9.740490759238280743e-06
2.344307382854437724e-02 9.740490759238280743e-06
2.347420672871508920e-02 9.740490759238280743e-06
2.350533962888579770e-02 9.740490759238280743e-06
2.353647252905650619e-02 9.740490759238280743e-06
2.356760542922721816e-02 9.740490759238280743e-06
2.359873832939792665e-02 9.740490759238280743e-06
2.362987122956863514e-02 9.740490759238280743e-06
2.366100412973934711e-02 9.740490759238280743e-06
2.369213702991005560e-02 9.740490759238280743e-06
2.372326993008076410e-02 9.740490759238280743e-06
2.375440283025147606e-02 9.740490759238280743e-06
2.378553573042218455e-02 9.740490759238280743e-06
2.381666863059289305e-02 9.740490759238280743e-06
2.384780153076360501e-02 9.740490759238280743e-06
2.387893443093431350e-02 9.740490759238280743e-06
2.391006733110502547e-02 9.740490759238280743e-06
2.394120023127573396e-02 9.740490759238280743e-06
2.397233313144644246e-02 9.740490759238280743e-06
2.400346603161715442e-02 9.740490759238280743e-06
2.403459893178786291e-02 9.740490759238280743e-06
2.406573183195857141e-02 9.740490759238280743e-06
2.409686473212928337e-02 9.740490759238280743e-06
2.412799763229999186e-02 9.740490759238280743e-06
2.415913053247070036e-02 9.740490759238280743e-06
2.419026343264141232e-02 9.740490759238280743e-06
2.422139633281212082e-02 9.740490759238280743e-06
2.425252923298282931e-02 9.740490759238280743e-06
2.428366213315354127e-02 9.740490759238280743e-06
2.431479503332424977e-02 9.740490759238280743e-06
2.434592793349495826e-02 9.740490759238280743e-06
2.437706083366567023e-02 9.740490759238280743e-06
2.440819373383637872e-02 9.740490759238280743e-06
2.443932663400708721e-02 9.740490759238280743e-06
2.447045953417779918e-02 9.740490759238280743e-06
2.450159243434850767e-02 9.740490759238280743e-06
2.453272533451921616e-02 9.740490759238280743e-06
2.456385823468992813e-02 9.740490759238280743e-06
2.459499113486063662e-02 9.740490759238280743e-06
2.462612403503134512e-02 9.740490759238280743e-06
2.465725693520205708e-02 9.740490759238280743e-06
2.468838983537276557e-02 9.740490759238280743e-06
2.471952273554347407e-02 9.740490759238280743e-06
2.475065563571418603e-02 9.740490759238280743e-06
2.478178853588489453e-02 9.740490759238280743e-06
2.481292143605560302e-02 9.740490759238280743e-06
2.484405433622631498e-02 9.740490759238280743e-06
2.487518723639702348e-02 9.740490759238280743e-06
2.490632013656773197e-02 9.740490759238280743e-06
2.493745303673844393e-02 9.740490759238280743e-06
2.496858593690915243e-02 9.740490759238280743e-06
2.499971883707986092e-02 9.740490759238280743e-06
2.503085173725057289e-02 9.740490759238280743e-06
2.506198463742128138e-02 9.740490759238280743e-06
2.509311753759198987e-02 9.740490759238280743e-06
2.512425043776270184e-02 9.740490759238280743e-06
2.515538333793341033e-02 9.740490759238280743e-06
2.518651623810411883e-02 9.740490759238280743e-06
2.521764913827483079e-02 9.740490759238280743e-06
2.524878203844553928e-02 9.740490759238280743e-06
2.527991493861624778e-02 9.740490759238280743e-06
2.531104783878695974e-02 9.740490759238280743e-06
2.534218073895766823e-02 9.740490759238280743e-06
2.537331363912837673e-02 9.740490759238280743e-06
2.540444653929908869e-02 9.740490759238280743e-06
2.543557943946979719e-02 9.740490759238280743e-06
2.546671233964050568e-02 9.740490759238280743e-06
2.549784523981121764e-02 9.740490759238280743e-06
2.552897813998192614e-02 9.740490759238280743e-06
2.556011104015263463e-02 9.740490759238280743e-06
2.559124394032334660e-02 9.740490759238280743e-06
2.562237684049405509e-02 9.740490759238280743e-06
2.565350974066476358e-02 9.740490759238280743e-06
2.568464264083547555e-02 9.740490759238280743e-06
2.571577554100618404e-02 9.740490759238280743e-06
2.574690844117689253e-02 9.740490759238280743e-06
2.577804134134760450e-02 9.740490759238280743e-06
2.580917424151831299e-02 9.740490759238280743e-06
2.584030714168902149e-02 9.740490759238280743e-06
2.587144004185973345e-02 9.740490759238280743e-06
2.590257294203044194e-02 9.740490759238280743e-06
2.593370584220115044e-02 9.740490759238280743e-06
2.596483874237186240e-02 9.740490759238280743e-06
2.599597164254257090e-02 9.740490759238280743e-06
2.602710454271327939e-02 9.740490759238280743e-06
2.605823744288399135e-02 9.740490759238280743e-06
2.608937034305469985e-02 9.740490759238280743e-06
2.612050324322540834e-02 9.740490759238280743e-06
2.615163614339612030e-02 9.740490759238280743e-06
2.618276904356682880e-02 9.740490759238280743e-06
2.621390194373754076e-02 9.740490759238280743e-06
2.624503484390824926e-02 9.740490759238280743e-06
2.627616774407895775e-02 9.740490759238280743e-06
2.630730064424966971e-02 9.740490759238280743e-06
2.633843354442037821e-02 9.740490759238280743e-06
2.636956644459108670e-02 9.740490759238280743e-06
2.640069934476179866e-02 9.740490759238280743e-06
2.643183224493250716e-02 9.740490759238280743e-06
2.646296514510321565e-02 9.740490759238280743e-06
2.649409804527392762e-02 9.740490759238280743e-06
2.652523094544463611e-02 9.740490759238280743e-06
2.655636384561534460e-02 9.740490759238280743e-06
2.658749674578605657e-02 9.740490759238280743e-06
2.661862964595676506e-02 9.740490759238280743e-06
2.664976254612747356e-02 9.740490759238280743e-06
2.668089544629818552e-02 9.740490759238280743e-06
2.671202834646889401e-02 9.740490759238280743e-06
2.674316124663960251e-02 9.740490759238280743e-06
2.677429414681031447e-02 9.740490759238280743e-06
2.680542704698102296e-02 9.740490759238280743e-06
2.683655994715173146e-02 9.740490759238280743e-06
2.686769284732244342e-02 9.740490759238280743e-06
2.689882574749315192e-02 9.740490759238280743e-06
2.692995864766386041e-02 9.740490759238280743e-06
2.696109154783457237e-02 9.740490759238280743e-06
2.699222444800528087e-02 9.740490759238280743e-06
2.702335734817598936e-02 9.740490759238280743e-06
2.705449024834670133e-02 9.740490759238280743e-06
2.708562314851740982e-02 9.740490759238280743e-06
2.711675604868811831e-02 9.740490759238280743e-06
2.714788894885883028e-02 9.740490759238280743e-06
2.717902184902953877e-02 9.740490759238280743e-06
2.721015474920024727e-02 9.740490759238280743e-06
2.724128764937095923e-02 9.740490759238280743e-06
2.727242054954166772e-02 9.740490759238280743e-06
2.730355344971237622e-02 9.740490759238280743e-06
2.733468634988308818e-02 9.740490759238280743e-06
2.736581925005379667e-02 9.740490759238280743e-06
2.739695215022450517e-02 9.740490759238280743e-06
2.742808505039521713e-02 9.740490759238280743e-06
2.745921795056592563e-02 9.740490759238280743e-06
2.749035085073663412e-02 9.740490759238280743e-06
2.752148375090734608e-02 9.740490759238280743e-06
2.755261665107805458e-02 9.740490759238280743e-06
2.758374955124876307e-02 9.740490759238280743e-06
2.761488245141947503e-02 9.740490759238280743e-06
2.764601535159018353e-02 9.740490759238280743e-06
2.767714825176089202e-02 9.740490759238280743e-06
2.770828115193160399e-02 9.740490759238280743e-06
2.773941405210231248e-02 9.740490759238280743e-06
2.777054695227302097e-02 9.740490759238280743e-06
2.780167985244373294e-02 9.740490759238280743e-06
2.783281275261444143e-02 9.740490759238280743e-06
2.786394565278514993e-02 9.740490759238280743e-06
2.789507855295586189e-02 9.740490759238280743e-06
2.792621145312657038e-02 9.740490759238280743e-06
2.795734435329727888e-02 9.740490759238280743e-06
2.798847725346799084e-02 9.740490759238280743e-06
2.801961015363869933e-02 9.740490759238280743e-06
2.805074305380940783e-02 9.740490759238280743e-06
2.808187595398011979e-02 9.740490759238280743e-06
2.811300885415082829e-02 9.740490759238280743e-06
2.814414175432153678e-02 9.740490759238280743e-06
2.817527465449224874e-02 9.740490759238280743e-06
2.820640755466295724e-02 9.740490759238280743e-06
2.823754045483366573e-02 9.740490759238280743e-06
2.826867335500437770e-02 9.740490759238280743e-06
2.829980625517508619e-02 9.740490759238280743e-06
2.833093915534579468e-02 9.740490759238280743e-06
2.836207205551650665e-02 9.740490759238280743e-06
2.839320495568721514e-02 9.740490759238280743e-06
2.842433785585792363e-02 9.740490759238280743e-06
2.845547075602863560e-02 9.740490759238280743e-06
2.848660365619934409e-02 9.740490759238280743e-06
2.851773655637005606e-02 9.740490759238280743e-06
2.854886945654076455e-02 9.740490759238280743e-06
2.858000235671147304e-02 9.740490759238280743e-06
2.861113525688218501e-02 9.740490759238280743e-06
2.864226815705289350e-02 9.740490759238280743e-06
2.867340105722360200e-02 9.740490759238280743e-06
2.870453395739431396e-02 9.740490759238280743e-06
2.873566685756502245e-02 9.740490759238280743e-06
2.876679975773573095e-02 9.740490759238280743e-06
2.879793265790644291e-02 9.740490759238280743e-06
2.882906555807715140e-02 9.740490759238280743e-06
2.886019845824785990e-02 9.740490759238280743e-06
2.889133135841857186e-02 9.740490759238280743e-06
2.892246425858928036e-02 9.740490759238280743e-06
2.895359715875998885e-02 9.740490759238280743e-06
2.898473005893070081e-02 9.740490759238280743e-06
2.901586295910140931e-02 9.740490759238280743e-06
2.904699585927211780e-02 9.740490759238280743e-06
2.907812875944282976e-02 9.740490759238280743e-06
2.910926165961353826e-02 9.740490759238280743e-06
2.914039455978424675e-02 9.740490759238280743e-06
2.917152745995495872e-02 9.740490759238280743e-06
2.920266036012566721e-02 9.740490759238280743e-06
2.923379326029637570e-02 9.740490759238280743e-06
2.926492616046708767e-02 9.740490759238280743e-06
2.929605906063779616e-02 9.740490759238280743e-06
2.932719196080850466e-02 9.740490759238280743e-06
2.935832486097921662e-02 9.740490759238280743e-06
2.938945776114992511e-02 9.740490759238280743e-06
2.942059066132063361e-02 9.740490759238280743e-06
2.945172356149134557e-02 9.740490759238280743e-06
2.948285646166205407e-02 9.740490759238280743e-06
2.951398936183276256e-02 9.740490759238280743e-06
2.954512226200347452e-02 9.740490759238280743e-06
2.957625516217418302e-02 9.740490759238280743e-06
2.960738806234489151e-02 9.740490759238280743e-06
2.963852096251560347e-02 9.740490759238280743e-06
2.966965386268631197e-02 9.740490759238280743e-06
2.970078676285702046e-02 9.740490759238280743e-06
2.973191966302773243e-02 9.740490759238280743e-06
2.976305256319844092e-02 9.740490759238280743e-06
2.979418546336914941e-02 9.740490759238280743e-06
2.982531836353986138e-02 9.740490759238280743e-06
2.985645126371056987e-02 9.740490759238280743e-06
2.988758416388127837e-02 9.740490759238280743e-06
2.991871706405199033e-02 9.740490759238280743e-06
2.994984996422269882e-02 9.740490759238280743e-06
2.998098286439340732e-02 9.740490759238280743e-06
3.001211576456411928e-02 9.740490759238280743e-06
3.004324866473482777e-02 9.740490759238280743e-06
3.007438156490553627e-02 9.740490759238280743e-06
3.010551446507624823e-02 9.740490759238280743e-06
3.013664736524695673e-02 9.740490759238280743e-06
3.016778026541766522e-02 9.740490759238280743e-06
3.019891316558837718e-02 9.740490759238280743e-06
3.023004606575908568e-02 9.740490759238280743e-06
3.026117896592979417e-02 9.740490759238280743e-06
3.029231186610050613e-02 9.740490759238280743e-06
3.032344476627121463e-02 9.740490759238280743e-06
3.035457766644192312e-02 9.740490759238280743e-06
3.038571056661263509e-02 9.740490759238280743e-06
3.041684346678334358e-02 9.740490759238280743e-06
3.044797636695405207e-02 9.740490759238280743e-06
3.047910926712476404e-02 9.740490759238280743e-06
3.051024216729547253e-02 9.740490759238280743e-06
3.054137506746618103e-02 9.740490759238280743e-06
3.057250796763689299e-02 9.740490759238280743e-06
3.060364086780760148e-02 9.740490759238280743e-06
3.063477376797830998e-02 9.740490759238280743e-06
3.066590666814902194e-02 9.740490759238280743e-06
3.069703956831973043e-02 9.740490759238280743e-06
3.072817246849043893e-02 9.740490759238280743e-06
3.075930536866115089e-02 9.740490759238280743e-06
3.079043826883185939e-02 9.740490759238280743e-06
3.082157116900257135e-02 9.740490759238280743e-06
3.085270406917327984e-02 9.740490759238280743e-06
3.088383696934398834e-02 9.740490759238280743e-06
3.091496986951470030e-02 9.740490759238280743e-06
3.094610276968540880e-02 9.740490759238280743e-06
3.097723566985611729e-02 9.740490759238280743e-06
3.100836857002682925e-02 9.740490759238280743e-06
3.103950147019753775e-02 9.740490759238280743e-06
3.107063437036824624e-02 9.740490759238280743e-06
3.110176727053895473e-02 9.740490759238280743e-06
