0.000000000000000000e+00 0.000000000000000000e+00
3.113290017070966632e-05 8.717355164904642152e+04
6.226580034141933264e-05 1.743471032980928430e+05
9.339870051212900573e-05 2.615206549471392646e+05
1.245316006828386653e-04 3.486942065961856861e+05
1.556645008535483248e-04 4.358677582452321076e+05
1.867974010242580115e-04 5.230413098942785873e+05
2.179303011949676710e-04 6.102148615433250088e+05
2.490632013656773306e-04 6.973884131923714885e+05
2.801961015363870172e-04 7.845619648414179683e+05
3.113290017070966496e-04 8.717355164904645644e+05
3.424619018778063363e-04 9.589090681395111606e+05
3.735948020485160229e-04 1.046082619788557757e+06
4.047277022192256554e-04 1.133256171437604353e+06
4.358606023899353420e-04 1.220429723086650949e+06
4.669935025606449745e-04 1.307603274735697545e+06
4.981264027313546611e-04 1.394776826384744141e+06
5.292593029020643478e-04 1.481950378033790737e+06
5.603922030727740344e-04 1.569123929682837334e+06
5.915251032434836126e-04 1.656297481331883930e+06
6.226580034141932993e-04 1.743471032980930526e+06
6.537909035849029859e-04 1.830644584629977122e+06
6.849238037556126726e-04 1.917818136279023718e+06
7.160567039263223592e-04 2.004991687928070081e+06
7.471896040970320459e-04 2.092165239577116678e+06
7.783225042677416241e-04 2.179338791226163041e+06
8.094554044384513107e-04 2.266512342875209637e+06
8.405883046091609974e-04 2.353685894524256233e+06
8.717212047798706840e-04 2.440859446173302364e+06
9.028541049505803707e-04 2.528032997822348960e+06
9.339870051212899489e-04 2.615206549471395556e+06
9.651199052919996356e-04 2.702380101120442152e+06
9.962528054627093222e-04 2.789553652769489214e+06
1.027385705633418900e-03 2.876727204418536276e+06
1.058518605804128696e-03 2.963900756067583337e+06
1.089651505974838274e-03 3.051074307716630399e+06
1.120784406145548069e-03 3.138247859365676995e+06
1.151917306316257647e-03 3.225421411014723126e+06
1.183050206486967225e-03 3.312594962663769256e+06
1.214183106657677020e-03 3.399768514312815852e+06
1.245316006828386599e-03 3.486942065961861983e+06
1.276448906999096394e-03 3.574115617610908579e+06
1.307581807169805972e-03 3.661289169259955641e+06
1.338714707340515550e-03 3.748462720909002237e+06
1.369847607511225345e-03 3.835636272558049299e+06
1.400980507681934923e-03 3.922809824207096361e+06
1.432113407852644718e-03 4.009983375856142957e+06
1.463246308023354297e-03 4.097156927505189553e+06
1.494379208194064092e-03 4.184330479154236615e+06
1.525512108364773670e-03 4.271504030803283677e+06
1.556645008535483248e-03 4.358677582452329807e+06
1.587777908706193043e-03 4.445851134101376869e+06
1.618910808876902621e-03 4.533024685750423931e+06
1.650043709047612417e-03 4.620198237399470061e+06
1.681176609218321995e-03 4.707371789048516192e+06
1.712309509389031573e-03 4.794545340697563253e+06
1.743442409559741368e-03 4.881718892346609384e+06
1.774575309730450946e-03 4.968892443995655514e+06
1.805708209901160741e-03 5.056065995644701645e+06
1.836841110071870320e-03 5.143239547293747775e+06
1.867974010242579898e-03 5.230413098942793906e+06
1.899106910413289693e-03 5.317586650591839105e+06
1.930239810583999271e-03 5.404760202240884304e+06
1.961372710754708849e-03 5.491933753889929503e+06
1.992505610925418644e-03 5.579107305538974702e+06
2.023638511096128439e-03 5.666280857188020833e+06
2.054771411266837801e-03 5.753454408837066032e+06
2.085904311437547596e-03 5.840627960486111231e+06
2.117037211608257391e-03 5.927801512135156430e+06
2.148170111778967186e-03 6.014975063784203492e+06
2.179303011949676547e-03 6.102148615433251485e+06
2.210435912120386343e-03 6.189322167082299478e+06
2.241568812291096138e-03 6.276495718731346540e+06
2.272701712461805499e-03 6.363669270380392671e+06
2.303834612632515294e-03 6.450842822029439732e+06
2.334967512803225089e-03 6.538016373678486794e+06
2.366100412973934451e-03 6.625189925327533856e+06
2.397233313144644246e-03 6.712363476976579987e+06
2.428366213315354041e-03 6.799537028625625186e+06
2.459499113486063836e-03 6.886710580274671316e+06
2.490632013656773197e-03 6.973884131923717447e+06
2.521764913827482992e-03 7.061057683572763577e+06
2.552897813998192787e-03 7.148231235221810639e+06
2.584030714168902149e-03 7.235404786870857701e+06
2.615163614339611944e-03 7.322578338519904763e+06
2.646296514510321739e-03 7.409751890168951824e+06
2.677429414681031100e-03 7.496925441817997955e+06
2.708562314851740895e-03 7.584098993467044085e+06
2.739695215022450690e-03 7.671272545116090216e+06
2.770828115193160485e-03 7.758446096765136346e+06
2.801961015363869847e-03 7.845619648414183408e+06
2.833093915534579642e-03 7.932793200063230470e+06
2.864226815705289437e-03 8.019966751712277532e+06
2.895359715875998798e-03 8.107140303361323662e+06
2.926492616046708593e-03 8.194313855010370724e+06
2.957625516217418388e-03 8.281487406659418717e+06
2.988758416388128183e-03 8.368660958308466710e+06
3.019891316558837545e-03 8.455834509957514703e+06
3.051024216729547340e-03 8.543008061606561765e+06
3.082157116900257135e-03 8.630181613255608827e+06
3.113290017070966496e-03 8.717355164904657751e+06
3.144422917241676291e-03 8.804528716553706676e+06
3.175555817412386087e-03 8.891702268202755600e+06
3.206688717583095448e-03 8.978875819851802662e+06
3.237821617753805243e-03 9.066049371500849724e+06
3.268954517924515038e-03 9.153222923149896786e+06
3.300087418095224833e-03 9.240396474798943847e+06
3.331220318265934194e-03 9.327570026447990909e+06
3.362353218436643990e-03 9.414743578097037971e+06
3.393486118607353785e-03 9.501917129746083170e+06
3.424619018778063146e-03 9.589090681395128369e+06
3.455751918948772941e-03 9.676264233044173568e+06
3.486884819119482736e-03 9.763437784693218768e+06
3.518017719290192098e-03 9.850611336342263967e+06
3.549150619460901893e-03 9.937784887991309166e+06
3.580283519631611688e-03 1.002495843964035437e+07
3.611416419802321483e-03 1.011213199128940143e+07
3.642549319973030844e-03 1.019930554293844849e+07
3.673682220143740639e-03 1.028647909458749555e+07
3.704815120314450434e-03 1.037365264623654075e+07
3.735948020485159796e-03 1.046082619788558595e+07
3.767080920655869591e-03 1.054799974953462929e+07
3.798213820826579386e-03 1.063517330118367262e+07
3.829346720997288747e-03 1.072234685283271782e+07
3.860479621167998542e-03 1.080952040448176116e+07
3.891612521338708337e-03 1.089669395613080263e+07
3.922745421509417699e-03 1.098386750777984411e+07
3.953878321680127927e-03 1.107104105942888744e+07
3.985011221850837289e-03 1.115821461107793078e+07
4.016144122021546650e-03 1.124538816272697411e+07
4.047277022192256879e-03 1.133256171437601373e+07
4.078409922362966240e-03 1.141973526602505334e+07
4.109542822533675602e-03 1.150690881767409295e+07
4.140675722704385830e-03 1.159408236932313256e+07
4.171808622875095192e-03 1.168125592097217217e+07
4.202941523045804553e-03 1.176842947262121364e+07
4.234074423216514782e-03 1.185560302427025326e+07
4.265207323387224143e-03 1.194277657591929287e+07
4.296340223557934372e-03 1.202995012756833248e+07
4.327473123728643734e-03 1.211712367921737395e+07
4.358606023899353095e-03 1.220429723086641543e+07
4.389738924070063324e-03 1.229147078251545690e+07
4.420871824240772685e-03 1.237864433416449837e+07
4.452004724411482046e-03 1.246581788581353985e+07
4.483137624582192275e-03 1.255299143746258132e+07
4.514270524752901637e-03 1.264016498911162280e+07
4.545403424923610998e-03 1.272733854076066427e+07
4.576536325094321227e-03 1.281451209240970574e+07
4.607669225265030588e-03 1.290168564405874908e+07
4.638802125435739949e-03 1.298885919570779428e+07
4.669935025606450178e-03 1.307603274735683948e+07
4.701067925777159540e-03 1.316320629900588468e+07
4.732200825947868901e-03 1.325037985065492988e+07
4.763333726118579130e-03 1.333755340230397508e+07
4.794466626289288491e-03 1.342472695395302027e+07
4.825599526459997853e-03 1.351190050560206547e+07
4.856732426630708081e-03 1.359907405725111067e+07
4.887865326801417443e-03 1.368624760890015587e+07
4.918998226972127671e-03 1.377342116054919921e+07
4.950131127142837033e-03 1.386059471219824441e+07
4.981264027313546394e-03 1.394776826384728961e+07
5.012396927484256623e-03 1.403494181549633294e+07
5.043529827654965984e-03 1.412211536714537628e+07
5.074662727825675346e-03 1.420928891879441589e+07
5.105795627996385574e-03 1.429646247044345550e+07
5.136928528167094936e-03 1.438363602209249698e+07
5.168061428337804297e-03 1.447080957374153659e+07
5.199194328508514526e-03 1.455798312539057434e+07
5.230327228679223887e-03 1.464515667703961022e+07
5.261460128849933249e-03 1.473233022868864611e+07
5.292593029020643478e-03 1.481950378033768199e+07
5.323725929191352839e-03 1.490667733198671788e+07
5.354858829362062200e-03 1.499385088363575377e+07
5.385991729532772429e-03 1.508102443528478965e+07
5.417124629703481790e-03 1.516819798693382554e+07
5.448257529874192019e-03 1.525537153858285956e+07
5.479390430044901381e-03 1.534254509023189172e+07
5.510523330215610742e-03 1.542971864188092388e+07
5.541656230386320971e-03 1.551689219352995791e+07
5.572789130557030332e-03 1.560406574517899379e+07
5.603922030727739693e-03 1.569123929682802968e+07
5.635054930898449922e-03 1.577841284847706556e+07
5.666187831069159284e-03 1.586558640012610145e+07
5.697320731239868645e-03 1.595275995177513734e+07
5.728453631410578874e-03 1.603993350342417136e+07
5.759586531581288235e-03 1.612710705507320724e+07
5.790719431751997597e-03 1.621428060672224313e+07
5.821852331922707825e-03 1.630145415837128088e+07
5.852985232093417187e-03 1.638862771002031863e+07
5.884118132264126548e-03 1.647580126166935451e+07
5.915251032434836777e-03 1.656297481331839226e+07
5.946383932605546138e-03 1.665014836496743001e+07
5.977516832776256367e-03 1.673732191661646776e+07
6.008649732946965728e-03 1.682449546826550364e+07
6.039782633117675090e-03 1.691166901991453767e+07
6.070915533288385318e-03 1.699884257156357169e+07
6.102048433459094680e-03 1.708601612321260571e+07
6.133181333629804041e-03 1.717318967486164346e+07
6.164314233800514270e-03 1.726036322651068121e+07
6.195447133971223631e-03 1.734753677815971896e+07
6.226580034141932993e-03 1.743471032980875298e+07
6.257712934312643221e-03 1.752188388145779073e+07
6.288845834483352583e-03 1.760905743310682848e+07
6.319978734654061944e-03 1.769623098475586623e+07
6.351111634824772173e-03 1.778340453640490025e+07
6.382244534995481534e-03 1.787057808805393055e+07
6.413377435166190896e-03 1.795775163970296457e+07
6.444510335336901125e-03 1.804492519135200232e+07
6.475643235507610486e-03 1.813209874300103635e+07
6.506776135678319847e-03 1.821927229465007037e+07
6.537909035849030076e-03 1.830644584629910439e+07
6.569041936019739437e-03 1.839361939794814214e+07
6.600174836190449666e-03 1.848079294959717989e+07
6.631307736361159028e-03 1.856796650124621391e+07
6.662440636531868389e-03 1.865514005289524794e+07
6.693573536702578618e-03 1.874231360454428568e+07
6.724706436873287979e-03 1.882948715619332343e+07
6.755839337043997340e-03 1.891666070784236118e+07
6.786972237214707569e-03 1.900383425949139893e+07
6.818105137385416931e-03 1.909100781114043295e+07
6.849238037556126292e-03 1.917818136278946698e+07
6.880370937726836521e-03 1.926535491443850100e+07
6.911503837897545882e-03 1.935252846608753502e+07
6.942636738068255244e-03 1.943970201773657277e+07
6.973769638238965472e-03 1.952687556938561052e+07
7.004902538409674834e-03 1.961404912103464454e+07
7.036035438580384195e-03 1.970122267268367857e+07
7.067168338751094424e-03 1.978839622433271259e+07
7.098301238921803785e-03 1.987556977598174661e+07
7.129434139092514014e-03 1.996274332763078436e+07
7.160567039263223375e-03 2.004991687927981839e+07
7.191699939433932737e-03 2.013709043092884868e+07
7.222832839604642965e-03 2.022426398257787898e+07
7.253965739775352327e-03 2.031143753422690928e+07
7.285098639946061688e-03 2.039861108587593958e+07
7.316231540116771917e-03 2.048578463752496988e+07
7.347364440287481278e-03 2.057295818917399272e+07
7.378497340458190640e-03 2.066013174082301930e+07
7.409630240628900869e-03 2.074730529247204587e+07
7.440763140799610230e-03 2.083447884412107244e+07
7.471896040970319591e-03 2.092165239577009529e+07
7.503028941141029820e-03 2.100882594741911814e+07
7.534161841311739181e-03 2.109599949906814098e+07
7.565294741482448543e-03 2.118317305071716383e+07
7.596427641653158772e-03 2.127034660236618668e+07
7.627560541823868133e-03 2.135752015401520953e+07
7.658693441994577494e-03 2.144469370566422865e+07
7.689826342165287723e-03 2.153186725731324777e+07
7.720959242335997084e-03 2.161904080896227062e+07
7.752092142506707313e-03 2.170621436061128974e+07
7.783225042677416675e-03 2.179338791226030886e+07
7.814357942848126903e-03 2.188056146390932426e+07
7.845490843018835397e-03 2.196773501555834338e+07
7.876623743189545626e-03 2.205490856720736250e+07
7.907756643360255855e-03 2.214208211885637790e+07
7.938889543530964349e-03 2.222925567050539330e+07
7.970022443701674578e-03 2.231642922215440869e+07
8.001155343872384806e-03 2.240360277380342409e+07
8.032288244043093300e-03 2.249077632545244321e+07
8.063421144213803529e-03 2.257794987710146233e+07
8.094554044384513758e-03 2.266512342875048518e+07
8.125686944555222252e-03 2.275229698039950430e+07
8.156819844725932481e-03 2.283947053204852343e+07
8.187952744896642709e-03 2.292664408369754255e+07
8.219085645067351203e-03 2.301381763534656167e+07
8.250218545238061432e-03 2.310099118699558079e+07
8.281351445408771661e-03 2.318816473864459991e+07
8.312484345579480155e-03 2.327533829029362276e+07
8.343617245750190384e-03 2.336251184194264561e+07
8.374750145920900612e-03 2.344968539359166846e+07
8.405883046091609107e-03 2.353685894524069130e+07
8.437015946262319335e-03 2.362403249688971788e+07
8.468148846433029564e-03 2.371120604853874445e+07
8.499281746603738058e-03 2.379837960018776730e+07
8.530414646774448287e-03 2.388555315183678642e+07
8.561547546945158516e-03 2.397272670348580554e+07
8.592680447115868744e-03 2.405990025513482466e+07
8.623813347286577238e-03 2.414707380678384751e+07
8.654946247457287467e-03 2.423424735843287036e+07
8.686079147627997696e-03 2.432142091008189321e+07
8.717212047798706190e-03 2.440859446173091978e+07
8.748344947969416419e-03 2.449576801337994635e+07
8.779477848140126647e-03 2.458294156502897292e+07
8.810610748310835141e-03 2.467011511667799577e+07
8.841743648481545370e-03 2.475728866832701862e+07
8.872876548652255599e-03 2.484446221997604147e+07
8.904009448822964093e-03 2.493163577162506431e+07
8.935142348993674322e-03 2.501880932327408716e+07
8.966275249164384550e-03 2.510598287492311001e+07
8.997408149335093044e-03 2.519315642657213658e+07
9.028541049505803273e-03 2.528032997822116688e+07
9.059673949676513502e-03 2.536750352987019718e+07
9.090806849847221996e-03 2.545467708151922375e+07
9.121939750017932225e-03 2.554185063316825405e+07
9.153072650188642453e-03 2.562902418481728435e+07
9.184205550359350947e-03 2.571619773646631464e+07
9.215338450530061176e-03 2.580337128811534494e+07
9.246471350700771405e-03 2.589054483976437524e+07
9.277604250871479899e-03 2.597771839141340554e+07
9.308737151042190128e-03 2.606489194306243956e+07
9.339870051212900356e-03 2.615206549471146613e+07
9.371002951383608850e-03 2.623923904636049271e+07
9.402135851554319079e-03 2.632641259800951555e+07
9.433268751725029308e-03 2.641358614965853840e+07
9.464401651895737802e-03 2.650075970130755752e+07
9.495534552066448031e-03 2.658793325295657665e+07
9.526667452237158260e-03 2.667510680460559204e+07
9.557800352407866754e-03 2.676228035625460744e+07
9.588933252578576982e-03 2.684945390790362656e+07
9.620066152749287211e-03 2.693662745955264568e+07
9.651199052919995705e-03 2.702380101120166481e+07
9.682331953090705934e-03 2.711097456285068020e+07
9.713464853261416163e-03 2.719814811449969560e+07
9.744597753432126391e-03 2.728532166614871472e+07
9.775730653602834885e-03 2.737249521779773384e+07
9.806863553773545114e-03 2.745966876944675669e+07
9.837996453944255343e-03 2.754684232109578326e+07
9.869129354114963837e-03 2.763401587274480984e+07
9.900262254285674066e-03 2.772118942439384013e+07
9.931395154456384294e-03 2.780836297604287416e+07
9.962528054627092788e-03 2.789553652769190446e+07
9.993660954797803017e-03 2.798271007934093475e+07
1.002479385496851325e-02 2.806988363098996878e+07
1.005592675513922174e-02 2.815705718263899907e+07
1.008705965530993197e-02 2.824423073428802937e+07
1.011819255548064220e-02 2.833140428593706340e+07
1.014932545565135069e-02 2.841857783758609742e+07
1.018045835582206092e-02 2.850575138923513144e+07
1.021159125599277115e-02 2.859292494088416547e+07
1.024272415616347964e-02 2.868009849253319949e+07
1.027385705633418987e-02 2.876727204418223351e+07
1.030498995650490010e-02 2.885444559583126754e+07
1.033612285667560859e-02 2.894161914748029783e+07
1.036725575684631882e-02 2.902879269912933186e+07
1.039838865701702905e-02 2.911596625077836588e+07
1.042952155718773755e-02 2.920313980242740735e+07
1.046065445735844777e-02 2.929031335407644883e+07
1.049178735752915800e-02 2.937748690572549030e+07
1.052292025769986650e-02 2.946466045737453550e+07
1.055405315787057673e-02 2.955183400902358070e+07
1.058518605804128696e-02 2.963900756067262590e+07
1.061631895821199545e-02 2.972618111232167482e+07
1.064745185838270568e-02 2.981335466397072747e+07
1.067858475855341591e-02 2.990052821561977640e+07
1.070971765872412440e-02 2.998770176726882532e+07
1.074085055889483463e-02 3.007487531891787052e+07
1.077198345906554486e-02 3.016204887056691572e+07
1.080311635923625335e-02 3.024922242221596092e+07
1.083424925940696358e-02 3.033639597386500239e+07
1.086538215957767381e-02 3.042356952551404387e+07
1.089651505974838404e-02 3.051074307716308534e+07
1.092764795991909253e-02 3.059791662881212682e+07
1.095878086008980276e-02 3.068509018046116829e+07
1.098991376026051299e-02 3.077226373211020976e+07
1.102104666043122148e-02 3.085943728375925124e+07
1.105217956060193171e-02 3.094661083540829271e+07
1.108331246077264194e-02 3.103378438705733418e+07
1.111444536094335044e-02 3.112095793870637566e+07
1.114557826111406066e-02 3.120813149035542086e+07
1.117671116128477089e-02 3.129530504200446233e+07
1.120784406145547939e-02 3.138247859365350753e+07
1.123897696162618962e-02 3.146965214530255273e+07
1.127010986179689984e-02 3.155682569695159420e+07
1.130124276196760834e-02 3.164399924860063568e+07
1.133237566213831857e-02 3.173117280024968088e+07
1.136350856230902880e-02 3.181834635189872608e+07
1.139464146247973729e-02 3.190551990354777128e+07
1.142577436265044752e-02 3.199269345519682020e+07
1.145690726282115775e-02 3.207986700684586540e+07
1.148804016299186624e-02 3.216704055849491432e+07
1.151917306316257647e-02 3.225421411014395952e+07
1.155030596333328670e-02 3.234138766179300845e+07
1.158143886350399519e-02 3.242856121344205737e+07
1.161257176367470542e-02 3.251573476509110630e+07
1.164370466384541565e-02 3.260290831674015149e+07
1.167483756401612414e-02 3.269008186838919297e+07
1.170597046418683437e-02 3.277725542003823072e+07
1.173710336435754460e-02 3.286442897168727219e+07
1.176823626452825310e-02 3.295160252333631739e+07
1.179936916469896332e-02 3.303877607498536259e+07
1.183050206486967355e-02 3.312594962663441151e+07
1.186163496504038205e-02 3.321312317828346044e+07
1.189276786521109228e-02 3.330029672993250936e+07
1.192390076538180251e-02 3.338747028158155456e+07
1.195503366555251273e-02 3.347464383323059976e+07
1.198616656572322123e-02 3.356181738487964123e+07
1.201729946589393146e-02 3.364899093652868271e+07
1.204843236606464169e-02 3.373616448817772418e+07
1.207956526623535018e-02 3.382333803982676566e+07
1.211069816640606041e-02 3.391051159147580713e+07
1.214183106657677064e-02 3.399768514312484860e+07
1.217296396674747913e-02 3.408485869477389753e+07
1.220409686691818936e-02 3.417203224642293900e+07
1.223522976708889959e-02 3.425920579807198048e+07
1.226636266725960808e-02 3.434637934972102195e+07
1.229749556743031831e-02 3.443355290137006342e+07
1.232862846760102854e-02 3.452072645301910490e+07
1.235976136777173703e-02 3.460790000466814637e+07
1.239089426794244726e-02 3.469507355631718785e+07
1.242202716811315749e-02 3.478224710796622932e+07
1.245316006828386599e-02 3.486942065961527824e+07
1.248429296845457621e-02 3.495659421126432717e+07
1.251542586862528644e-02 3.504376776291337609e+07
1.254655876879599494e-02 3.513094131456243247e+07
1.257769166896670517e-02 3.521811486621148139e+07
1.260882456913741539e-02 3.530528841786053032e+07
1.263995746930812389e-02 3.539246196950957924e+07
1.267109036947883412e-02 3.547963552115862817e+07
1.270222326964954435e-02 3.556680907280767709e+07
1.273335616982025284e-02 3.565398262445672601e+07
1.276448906999096307e-02 3.574115617610576749e+07
1.279562197016167330e-02 3.582832972775481641e+07
1.282675487033238179e-02 3.591550327940386534e+07
1.285788777050309202e-02 3.600267683105291426e+07
1.288902067067380225e-02 3.608985038270195574e+07
1.292015357084451074e-02 3.617702393435100466e+07
1.295128647101522097e-02 3.626419748600005358e+07
1.298241937118593120e-02 3.635137103764909506e+07
1.301355227135663969e-02 3.643854458929814398e+07
1.304468517152734992e-02 3.652571814094718546e+07
1.307581807169806015e-02 3.661289169259621948e+07
1.310695097186877038e-02 3.670006524424526095e+07
1.313808387203947887e-02 3.678723879589430243e+07
1.316921677221018910e-02 3.687441234754334390e+07
1.320034967238089933e-02 3.696158589919239283e+07
1.323148257255160783e-02 3.704875945084144175e+07
1.326261547272231806e-02 3.713593300249049067e+07
1.329374837289302828e-02 3.722310655413953960e+07
1.332488127306373678e-02 3.731028010578858852e+07
1.335601417323444701e-02 3.739745365743763000e+07
1.338714707340515724e-02 3.748462720908667892e+07
1.341827997357586573e-02 3.757180076073572040e+07
1.344941287374657596e-02 3.765897431238476187e+07
1.348054577391728619e-02 3.774614786403381079e+07
1.351167867408799468e-02 3.783332141568285227e+07
1.354281157425870491e-02 3.792049496733189374e+07
1.357394447442941514e-02 3.800766851898093522e+07
1.360507737460012363e-02 3.809484207062996924e+07
1.363621027477083386e-02 3.818201562227901071e+07
1.366734317494154409e-02 3.826918917392804474e+07
1.369847607511225258e-02 3.835636272557708621e+07
1.372960897528296281e-02 3.844353627722612023e+07
1.376074187545367304e-02 3.853070982887515426e+07
1.379187477562438154e-02 3.861788338052418083e+07
1.382300767579509176e-02 3.870505693217319995e+07
1.385414057596580199e-02 3.879223048382221907e+07
1.388527347613651049e-02 3.887940403547124565e+07
1.391640637630722072e-02 3.896657758712027222e+07
1.394753927647793094e-02 3.905375113876930624e+07
1.397867217664863944e-02 3.914092469041833282e+07
1.400980507681934967e-02 3.922809824206735939e+07
1.404093797699005990e-02 3.931527179371638596e+07
1.407207087716076839e-02 3.940244534536541253e+07
1.410320377733147862e-02 3.948961889701443911e+07
1.413433667750218885e-02 3.957679244866346568e+07
1.416546957767289734e-02 3.966396600031249970e+07
1.419660247784360757e-02 3.975113955196153373e+07
1.422773537801431780e-02 3.983831310361056030e+07
1.425886827818502803e-02 3.992548665525959432e+07
1.429000117835573652e-02 4.001266020690862089e+07
1.432113407852644675e-02 4.009983375855764002e+07
1.435226697869715698e-02 4.018700731020666659e+07
1.438339987886786547e-02 4.027418086185569316e+07
1.441453277903857570e-02 4.036135441350471973e+07
1.444566567920928593e-02 4.044852796515374631e+07
1.447679857937999442e-02 4.053570151680276543e+07
1.450793147955070465e-02 4.062287506845179200e+07
1.453906437972141488e-02 4.071004862010081857e+07
1.457019727989212338e-02 4.079722217174983770e+07
1.460133018006283361e-02 4.088439572339887172e+07
1.463246308023354383e-02 4.097156927504790574e+07
1.466359598040425233e-02 4.105874282669693977e+07
1.469472888057496256e-02 4.114591637834596634e+07
1.472586178074567279e-02 4.123308992999499291e+07
1.475699468091638128e-02 4.132026348164401948e+07
1.478812758108709151e-02 4.140743703329304606e+07
1.481926048125780174e-02 4.149461058494207263e+07
1.485039338142851023e-02 4.158178413659109175e+07
1.488152628159922046e-02 4.166895768824011832e+07
1.491265918176993069e-02 4.175613123988914490e+07
1.494379208194063918e-02 4.184330479153817147e+07
1.497492498211134941e-02 4.193047834318719804e+07
1.500605788228205964e-02 4.201765189483622462e+07
1.503719078245276813e-02 4.210482544648525119e+07
1.506832368262347836e-02 4.219199899813427776e+07
1.509945658279418859e-02 4.227917254978330433e+07
1.513058948296489709e-02 4.236634610143233091e+07
1.516172238313560731e-02 4.245351965308135748e+07
1.519285528330631754e-02 4.254069320473037660e+07
1.522398818347702604e-02 4.262786675637939572e+07
1.525512108364773627e-02 4.271504030802841485e+07
1.528625398381844649e-02 4.280221385967742652e+07
1.531738688398915499e-02 4.288938741132644564e+07
1.534851978415986522e-02 4.297656096297545731e+07
1.537965268433057545e-02 4.306373451462446898e+07
1.541078558450128567e-02 4.315090806627348065e+07
1.544191848467199417e-02 4.323808161792249233e+07
1.547305138484270440e-02 4.332525516957151145e+07
1.550418428501341463e-02 4.341242872122053057e+07
1.553531718518412312e-02 4.349960227286954969e+07
1.556645008535483335e-02 4.358677582451856136e+07
1.559758298552554358e-02 4.367394937616757303e+07
1.562871588569625381e-02 4.376112292781659216e+07
1.565984878586696230e-02 4.384829647946561128e+07
1.569098168603767079e-02 4.393547003111463040e+07
1.572211458620838276e-02 4.402264358276365697e+07
1.575324748637909125e-02 4.410981713441267610e+07
1.578438038654979975e-02 4.419699068606170267e+07
1.581551328672051171e-02 4.428416423771072179e+07
1.584664618689122020e-02 4.437133778935974836e+07
1.587777908706192870e-02 4.445851134100876749e+07
1.590891198723264066e-02 4.454568489265778661e+07
1.594004488740334916e-02 4.463285844430680573e+07
1.597117778757405765e-02 4.472003199595583230e+07
1.600231068774476961e-02 4.480720554760485142e+07
1.603344358791547811e-02 4.489437909925387055e+07
1.606457648808618660e-02 4.498155265090288967e+07
1.609570938825689856e-02 4.506872620255190879e+07
1.612684228842760706e-02 4.515589975420092791e+07
1.615797518859831555e-02 4.524307330584994704e+07
1.618910808876902752e-02 4.533024685749897361e+07
1.622024098893973601e-02 4.541742040914799273e+07
1.625137388911044450e-02 4.550459396079700440e+07
1.628250678928115647e-02 4.559176751244603097e+07
1.631363968945186496e-02 4.567894106409505755e+07
1.634477258962257346e-02 4.576611461574408412e+07
1.637590548979328542e-02 4.585328816739309579e+07
1.640703838996399391e-02 4.594046171904211491e+07
1.643817129013470241e-02 4.602763527069112659e+07
1.646930419030541437e-02 4.611480882234014571e+07
1.650043709047612286e-02 4.620198237398916483e+07
1.653156999064683136e-02 4.628915592563818395e+07
1.656270289081754332e-02 4.637632947728720307e+07
1.659383579098825182e-02 4.646350302893622220e+07
1.662496869115896031e-02 4.655067658058524132e+07
1.665610159132967227e-02 4.663785013223426789e+07
1.668723449150038077e-02 4.672502368388329446e+07
1.671836739167108926e-02 4.681219723553232104e+07
1.674950029184180122e-02 4.689937078718134761e+07
1.678063319201250972e-02 4.698654433883037418e+07
1.681176609218321821e-02 4.707371789047940820e+07
1.684289899235393018e-02 4.716089144212844223e+07
1.687403189252463867e-02 4.724806499377747625e+07
1.690516479269534716e-02 4.733523854542650282e+07
1.693629769286605913e-02 4.742241209707553685e+07
1.696743059303676762e-02 4.750958564872457087e+07
1.699856349320747612e-02 4.759675920037359744e+07
1.702969639337818808e-02 4.768393275202262402e+07
1.706082929354889657e-02 4.777110630367165059e+07
1.709196219371960854e-02 4.785827985532068461e+07
1.712309509389031703e-02 4.794545340696971864e+07
1.715422799406102553e-02 4.803262695861875266e+07
1.718536089423173749e-02 4.811980051026778668e+07
1.721649379440244598e-02 4.820697406191682816e+07
1.724762669457315448e-02 4.829414761356587708e+07
1.727875959474386644e-02 4.838132116521492600e+07
1.730989249491457493e-02 4.846849471686397493e+07
1.734102539508528343e-02 4.855566826851302385e+07
1.737215829525599539e-02 4.864284182016206533e+07
1.740329119542670389e-02 4.873001537181111425e+07
1.743442409559741238e-02 4.881718892346016318e+07
1.746555699576812434e-02 4.890436247510921210e+07
1.749668989593883284e-02 4.899153602675826102e+07
1.752782279610954133e-02 4.907870957840730995e+07
1.755895569628025329e-02 4.916588313005635887e+07
1.759008859645096179e-02 4.925305668170541525e+07
1.762122149662167028e-02 4.934023023335446417e+07
1.765235439679238225e-02 4.942740378500351310e+07
1.768348729696309074e-02 4.951457733665255457e+07
1.771462019713379923e-02 4.960175088830159605e+07
1.774575309730451120e-02 4.968892443995063752e+07
1.777688599747521969e-02 4.977609799159967899e+07
1.780801889764592819e-02 4.986327154324872047e+07
1.783915179781664015e-02 4.995044509489775449e+07
1.787028469798734864e-02 5.003761864654678851e+07
1.790141759815805714e-02 5.012479219819582999e+07
1.793255049832876910e-02 5.021196574984487146e+07
1.796368339849947759e-02 5.029913930149391294e+07
1.799481629867018609e-02 5.038631285314296186e+07
1.802594919884089805e-02 5.047348640479201078e+07
1.805708209901160655e-02 5.056065995644105226e+07
1.808821499918231504e-02 5.064783350809009373e+07
1.811934789935302700e-02 5.073500705973912776e+07
1.815048079952373550e-02 5.082218061138816923e+07
1.818161369969444399e-02 5.090935416303721070e+07
1.821274659986515596e-02 5.099652771468624473e+07
1.824387950003586445e-02 5.108370126633527875e+07
1.827501240020657294e-02 5.117087481798430532e+07
1.830614530037728491e-02 5.125804836963333935e+07
1.833727820054799340e-02 5.134522192128236592e+07
1.836841110071870189e-02 5.143239547293139994e+07
1.839954400088941386e-02 5.151956902458043396e+07
1.843067690106012235e-02 5.160674257622946054e+07
1.846180980123083085e-02 5.169391612787848711e+07
1.849294270140154281e-02 5.178108967952752113e+07
1.852407560157225130e-02 5.186826323117655516e+07
1.855520850174295980e-02 5.195543678282558918e+07
1.858634140191367176e-02 5.204261033447462320e+07
1.861747430208438026e-02 5.212978388612366468e+07
1.864860720225508875e-02 5.221695743777269870e+07
1.867974010242580071e-02 5.230413098942173272e+07
1.871087300259650921e-02 5.239130454107076675e+07
1.874200590276721770e-02 5.247847809271980822e+07
1.877313880293792966e-02 5.256565164436883479e+07
1.880427170310863816e-02 5.265282519601786137e+07
1.883540460327934665e-02 5.273999874766688794e+07
1.886653750345005862e-02 5.282717229931590706e+07
1.889767040362076711e-02 5.291434585096493363e+07
1.892880330379147560e-02 5.300151940261396021e+07
1.895993620396218757e-02 5.308869295426299423e+07
1.899106910413289606e-02 5.317586650591202825e+07
1.902220200430360456e-02 5.326304005756106228e+07
1.905333490447431652e-02 5.335021360921009630e+07
1.908446780464502501e-02 5.343738716085914522e+07
1.911560070481573351e-02 5.352456071250818670e+07
1.914673360498644547e-02 5.361173426415723562e+07
1.917786650515715396e-02 5.369890781580627710e+07
1.920899940532786246e-02 5.378608136745531112e+07
1.924013230549857442e-02 5.387325491910433769e+07
1.927126520566928292e-02 5.396042847075337172e+07
1.930239810583999141e-02 5.404760202240240574e+07
1.933353100601070337e-02 5.413477557405143976e+07
1.936466390618141187e-02 5.422194912570046633e+07
1.939579680635212383e-02 5.430912267734949291e+07
1.942692970652283233e-02 5.439629622899851948e+07
1.945806260669354082e-02 5.448346978064755350e+07
1.948919550686425278e-02 5.457064333229658008e+07
1.952032840703496128e-02 5.465781688394559920e+07
1.955146130720566977e-02 5.474499043559461087e+07
1.958259420737638173e-02 5.483216398724362254e+07
1.961372710754709023e-02 5.491933753889263421e+07
1.964486000771779872e-02 5.500651109054165334e+07
1.967599290788851069e-02 5.509368464219067991e+07
1.970712580805921918e-02 5.518085819383970648e+07
1.973825870822992767e-02 5.526803174548872560e+07
1.976939160840063964e-02 5.535520529713775218e+07
1.980052450857134813e-02 5.544237884878677875e+07
1.983165740874205663e-02 5.552955240043580532e+07
1.986279030891276859e-02 5.561672595208483189e+07
1.989392320908347708e-02 5.570389950373385847e+07
1.992505610925418558e-02 5.579107305538287759e+07
1.995618900942489754e-02 5.587824660703190416e+07
1.998732190959560603e-02 5.596542015868093073e+07
2.001845480976631453e-02 5.605259371032996476e+07
2.004958770993702649e-02 5.613976726197900623e+07
2.008072061010773499e-02 5.622694081362804770e+07
2.011185351027844348e-02 5.631411436527707428e+07
2.014298641044915544e-02 5.640128791692610085e+07
2.017411931061986394e-02 5.648846146857513487e+07
2.020525221079057243e-02 5.657563502022416145e+07
2.023638511096128439e-02 5.666280857187318802e+07
2.026751801113199289e-02 5.674998212352222204e+07
2.029865091130270138e-02 5.683715567517125607e+07
2.032978381147341335e-02 5.692432922682028264e+07
2.036091671164412184e-02 5.701150277846930176e+07
2.039204961181483033e-02 5.709867633011832088e+07
2.042318251198554230e-02 5.718584988176734000e+07
2.045431541215625079e-02 5.727302343341637403e+07
2.048544831232695929e-02 5.736019698506540060e+07
2.051658121249767125e-02 5.744737053671441972e+07
2.054771411266837974e-02 5.753454408836343884e+07
2.057884701283908824e-02 5.762171764001246542e+07
2.060997991300980020e-02 5.770889119166149199e+07
2.064111281318050869e-02 5.779606474331051856e+07
2.067224571335121719e-02 5.788323829495953023e+07
2.070337861352192915e-02 5.797041184660854191e+07
2.073451151369263765e-02 5.805758539825756103e+07
2.076564441386334614e-02 5.814475894990658760e+07
2.079677731403405810e-02 5.823193250155561417e+07
2.082791021420476660e-02 5.831910605320464075e+07
2.085904311437547509e-02 5.840627960485365987e+07
2.089017601454618706e-02 5.849345315650268644e+07
2.092130891471689555e-02 5.858062670815170556e+07
2.095244181488760404e-02 5.866780025980073214e+07
2.098357471505831601e-02 5.875497381144975871e+07
2.101470761522902450e-02 5.884214736309878528e+07
2.104584051539973300e-02 5.892932091474781185e+07
2.107697341557044496e-02 5.901649446639684588e+07
2.110810631574115345e-02 5.910366801804587990e+07
2.113923921591186195e-02 5.919084156969492137e+07
2.117037211608257391e-02 5.927801512134396285e+07
2.120150501625328240e-02 5.936518867299300432e+07
2.123263791642399090e-02 5.945236222464203835e+07
2.126377081659470286e-02 5.953953577629107982e+07
2.129490371676541136e-02 5.962670932794012129e+07
2.132603661693611985e-02 5.971388287958915532e+07
2.135716951710683181e-02 5.980105643123819679e+07
2.138830241727754031e-02 5.988822998288723081e+07
2.141943531744824880e-02 5.997540353453626484e+07
2.145056821761896076e-02 6.006257708618530631e+07
2.148170111778966926e-02 6.014975063783434778e+07
2.151283401796037775e-02 6.023692418948339671e+07
2.154396691813108972e-02 6.032409774113243818e+07
2.157509981830179821e-02 6.041127129278147966e+07
2.160623271847250670e-02 6.049844484443050623e+07
2.163736561864321867e-02 6.058561839607953280e+07
2.166849851881392716e-02 6.067279194772855937e+07
2.169963141898463913e-02 6.075996549937758595e+07
2.173076431915534762e-02 6.084713905102661252e+07
2.176189721932605611e-02 6.093431260267563909e+07
2.179303011949676808e-02 6.102148615432466567e+07
2.182416301966747657e-02 6.110865970597369969e+07
2.185529591983818506e-02 6.119583325762272626e+07
2.188642882000889703e-02 6.128300680927175283e+07
2.191756172017960552e-02 6.137018036092077941e+07
2.194869462035031402e-02 6.145735391256979853e+07
2.197982752052102598e-02 6.154452746421881765e+07
2.201096042069173447e-02 6.163170101586784422e+07
2.204209332086244297e-02 6.171887456751687080e+07
2.207322622103315493e-02 6.180604811916589737e+07
2.210435912120386343e-02 6.189322167081492394e+07
2.213549202137457192e-02 6.198039522246395797e+07
2.216662492154528388e-02 6.206756877411299199e+07
2.219775782171599238e-02 6.215474232576202601e+07
2.222889072188670087e-02 6.224191587741105258e+07
2.226002362205741283e-02 6.232908942906009406e+07
2.229115652222812133e-02 6.241626298070912808e+07
2.232228942239882982e-02 6.250343653235816211e+07
2.235342232256954179e-02 6.261987480276254565e+07
2.238455522274025028e-02 6.239702827321538329e+07
2.241568812291095877e-02 6.217418174366822839e+07
2.244682102308167074e-02 6.195133521412107348e+07
2.247795392325237923e-02 6.172848868457392603e+07
2.250908682342308773e-02 6.150564215502677858e+07
2.254021972359379969e-02 6.128279562547963113e+07
2.257135262376450818e-02 6.105994909593247622e+07
2.260248552393521668e-02 6.083710256638532132e+07
2.263361842410592864e-02 6.061425603683817387e+07
2.266475132427663713e-02 6.039140950729101896e+07
2.269588422444734563e-02 6.016856297774387151e+07
2.272701712461805759e-02 5.994571644819673151e+07
2.275815002478876609e-02 5.972286991864959151e+07
2.278928292495947458e-02 5.950002338910245150e+07
2.282041582513018654e-02 5.927717685955531150e+07
2.285154872530089504e-02 5.905433033000816405e+07
2.288268162547160353e-02 5.883148380046100914e+07
2.291381452564231549e-02 5.860863727091386169e+07
2.294494742581302399e-02 5.838579074136671424e+07
2.297608032598373248e-02 5.816294421181956679e+07
2.300721322615444445e-02 5.794009768227241188e+07
2.303834612632515294e-02 5.771725115272525698e+07
2.306947902649586143e-02 5.749440462317809463e+07
2.310061192666657340e-02 5.727155809363093227e+07
2.313174482683728189e-02 5.704871156408377737e+07
2.316287772700799039e-02 5.682586503453662246e+07
2.319401062717870235e-02 5.660301850498947501e+07
2.322514352734941084e-02 5.638017197544233501e+07
2.325627642752011934e-02 5.615732544589519501e+07
2.328740932769083130e-02 5.593447891634805501e+07
2.331854222786153980e-02 5.571163238680090755e+07
2.334967512803224829e-02 5.548878585725377500e+07
2.338080802820296025e-02 5.526593932770663500e+07
2.341194092837366875e-02 5.504309279815949500e+07
2.344307382854437724e-02 5.482024626861234754e+07
2.347420672871508920e-02 5.459739973906520754e+07
2.350533962888579770e-02 5.437455320951806009e+07
2.353647252905650619e-02 5.415170667997090518e+07
2.356760542922721816e-02 5.392886015042375773e+07
2.359873832939792665e-02 5.370601362087661028e+07
2.362987122956863514e-02 5.348316709132945538e+07
2.366100412973934711e-02 5.326032056178230047e+07
2.369213702991005560e-02 5.303747403223513067e+07
2.372326993008076410e-02 5.281462750268796086e+07
2.375440283025147606e-02 5.259178097314079106e+07
2.378553573042218455e-02 5.236893444359362125e+07
2.381666863059289305e-02 5.214608791404645145e+07
2.384780153076360501e-02 5.192324138449928910e+07
2.387893443093431350e-02 5.170039485495211929e+07
2.391006733110502547e-02 5.147754832540494949e+07
2.394120023127573396e-02 5.125470179585777968e+07
2.397233313144644246e-02 5.103185526631060243e+07
2.400346603161715442e-02 5.080900873676343262e+07
2.403459893178786291e-02 5.058616220721626282e+07
2.406573183195857141e-02 5.036331567766909301e+07
2.409686473212928337e-02 5.014046914812191576e+07
2.412799763229999186e-02 4.991762261857473850e+07
2.415913053247070036e-02 4.969477608902756125e+07
2.419026343264141232e-02 4.947192955948039144e+07
2.422139633281212082e-02 4.924908302993322164e+07
2.425252923298282931e-02 4.902623650038605183e+07
2.428366213315354127e-02 4.880338997083888948e+07
2.431479503332424977e-02 4.858054344129172713e+07
2.434592793349495826e-02 4.835769691174456477e+07
2.437706083366567023e-02 4.813485038219740242e+07
2.440819373383637872e-02 4.791200385265024006e+07
2.443932663400708721e-02 4.768915732310307771e+07
2.447045953417779918e-02 4.746631079355591536e+07
2.450159243434850767e-02 4.724346426400874555e+07
2.453272533451921616e-02 4.702061773446157575e+07
2.456385823468992813e-02 4.679777120491440594e+07
2.459499113486063662e-02 4.657492467536722869e+07
2.462612403503134512e-02 4.635207814582005143e+07
2.465725693520205708e-02 4.612923161627287418e+07
2.468838983537276557e-02 4.590638508672568947e+07
2.471952273554347407e-02 4.568353855717850477e+07
2.475065563571418603e-02 4.546069202763131261e+07
2.478178853588489453e-02 4.523784549808412045e+07
2.481292143605560302e-02 4.501499896853693575e+07
2.484405433622631498e-02 4.479215243898974359e+07
2.487518723639702348e-02 4.456930590944255888e+07
2.490632013656773197e-02 4.434645937989536673e+07
2.493745303673844393e-02 4.412361285034817457e+07
2.496858593690915243e-02 4.390076632080098242e+07
2.499971883707986092e-02 4.367791979125378281e+07
2.503085173725057289e-02 4.345507326170659065e+07
2.506198463742128138e-02 4.323222673215939850e+07
2.509311753759198987e-02 4.300938020261220634e+07
2.512425043776270184e-02 4.278653367306501418e+07
2.515538333793341033e-02 4.256368714351781458e+07
2.518651623810411883e-02 4.234084061397062242e+07
2.521764913827483079e-02 4.211799408442343026e+07
2.524878203844553928e-02 4.189514755487624556e+07
2.527991493861624778e-02 4.167230102532906085e+07
2.531104783878695974e-02 4.144945449578186870e+07
2.534218073895766823e-02 4.122660796623467654e+07
2.537331363912837673e-02 4.100376143668747693e+07
2.540444653929908869e-02 4.078091490714028478e+07
2.543557943946979719e-02 4.055806837759308517e+07
2.546671233964050568e-02 4.033522184804589301e+07
2.549784523981121764e-02 4.011237531849870086e+07
2.552897813998192614e-02 3.988952878895150125e+07
2.556011104015263463e-02 3.966668225940430909e+07
2.559124394032334660e-02 3.944383572985711694e+07
2.562237684049405509e-02 3.922098920030992478e+07
2.565350974066476358e-02 3.899814267076274008e+07
2.568464264083547555e-02 3.877529614121554792e+07
2.571577554100618404e-02 3.855244961166834831e+07
2.574690844117689253e-02 3.832960308212114871e+07
2.577804134134760450e-02 3.810675655257394910e+07
2.580917424151831299e-02 3.788391002302674949e+07
2.584030714168902149e-02 3.766106349347954988e+07
2.587144004185973345e-02 3.743821696393235028e+07
2.590257294203044194e-02 3.721537043438515067e+07
2.593370584220115044e-02 3.699252390483794361e+07
2.596483874237186240e-02 3.676967737529073656e+07
2.599597164254257090e-02 3.654683084574353695e+07
2.602710454271327939e-02 3.632398431619633734e+07
2.605823744288399135e-02 3.610113778664913028e+07
2.608937034305469985e-02 3.587829125710192323e+07
2.612050324322540834e-02 3.565544472755471617e+07
2.615163614339612030e-02 3.543259819800750911e+07
2.618276904356682880e-02 3.520975166846030205e+07
2.621390194373754076e-02 3.498690513891310245e+07
2.624503484390824926e-02 3.476405860936589539e+07
2.627616774407895775e-02 3.454121207981868833e+07
2.630730064424966971e-02 3.431836555027148128e+07
2.633843354442037821e-02 3.409551902072428167e+07
2.636956644459108670e-02 3.387267249117707461e+07
2.640069934476179866e-02 3.364982596162986755e+07
2.643183224493250716e-02 3.342697943208265677e+07
2.646296514510321565e-02 3.320413290253544599e+07
2.649409804527392762e-02 3.298128637298823893e+07
2.652523094544463611e-02 3.275843984344103187e+07
2.655636384561534460e-02 3.253559331389382482e+07
2.658749674578605657e-02 3.231274678434661776e+07
2.661862964595676506e-02 3.208990025479941070e+07
2.664976254612747356e-02 3.186705372525221109e+07
2.668089544629818552e-02 3.164420719570501149e+07
2.671202834646889401e-02 3.142136066615781188e+07
2.674316124663960251e-02 3.119851413661061227e+07
2.677429414681031447e-02 3.097566760706341639e+07
2.680542704698102296e-02 3.075282107751622051e+07
2.683655994715173146e-02 3.052997454796902090e+07
2.686769284732244342e-02 3.030712801842182502e+07
2.689882574749315192e-02 3.008428148887462541e+07
2.692995864766386041e-02 2.986143495932742581e+07
2.696109154783457237e-02 2.963858842978023365e+07
2.699222444800528087e-02 2.941574190023303777e+07
2.702335734817598936e-02 2.919289537068584189e+07
2.705449024834670133e-02 2.897004884113864228e+07
2.708562314851740982e-02 2.874720231159145012e+07
2.711675604868811831e-02 2.852435578204425052e+07
2.714788894885883028e-02 2.830150925249705464e+07
2.717902184902953877e-02 2.807866272294985875e+07
2.721015474920024727e-02 2.785581619340266287e+07
2.724128764937095923e-02 2.763296966385547072e+07
2.727242054954166772e-02 2.741012313430827484e+07
2.730355344971237622e-02 2.718727660476107895e+07
2.733468634988308818e-02 2.696443007521388307e+07
2.736581925005379667e-02 2.674158354566668719e+07
2.739695215022450517e-02 2.651873701611949503e+07
2.742808505039521713e-02 2.629589048657230288e+07
2.745921795056592563e-02 2.607304395702511445e+07
2.749035085073663412e-02 2.585019742747792229e+07
2.752148375090734608e-02 2.562735089793073013e+07
2.755261665107805458e-02 2.540450436838353798e+07
2.758374955124876307e-02 2.518165783883634210e+07
2.761488245141947503e-02 2.495881130928914249e+07
2.764601535159018353e-02 2.473596477974194288e+07
2.767714825176089202e-02 2.451311825019474328e+07
2.770828115193160399e-02 2.429027172064754367e+07
2.773941405210231248e-02 2.406742519110034779e+07
2.777054695227302097e-02 2.384457866155314818e+07
2.780167985244373294e-02 2.362173213200594857e+07
2.783281275261444143e-02 2.339888560245874524e+07
2.786394565278514993e-02 2.317603907291153818e+07
2.789507855295586189e-02 2.295319254336433485e+07
2.792621145312657038e-02 2.273034601381713152e+07
2.795734435329727888e-02 2.250749948426992446e+07
2.798847725346799084e-02 2.228465295472271740e+07
2.801961015363869933e-02 2.206180642517551035e+07
2.805074305380940783e-02 2.183895989562829956e+07
2.808187595398011979e-02 2.161611336608108878e+07
2.811300885415082829e-02 2.139326683653387800e+07
2.814414175432153678e-02 2.117042030698666349e+07
2.817527465449224874e-02 2.094757377743944898e+07
2.820640755466295724e-02 2.072472724789223447e+07
2.823754045483366573e-02 2.050188071834501624e+07
2.826867335500437770e-02 2.027903418879779801e+07
2.829980625517508619e-02 2.005618765925057977e+07
2.833093915534579468e-02 1.983334112970336154e+07
2.836207205551650665e-02 1.961049460015613958e+07
2.839320495568721514e-02 1.938764807060892135e+07
2.842433785585792363e-02 1.916480154106169939e+07
2.845547075602863560e-02 1.894195501151448116e+07
2.848660365619934409e-02 1.871910848196726292e+07
2.851773655637005606e-02 1.849626195242004097e+07
2.854886945654076455e-02 1.827341542287282273e+07
2.858000235671147304e-02 1.805056889332560077e+07
2.861113525688218501e-02 1.782772236377838254e+07
2.864226815705289350e-02 1.760487583423116431e+07
2.867340105722360200e-02 1.738202930468394607e+07
2.870453395739431396e-02 1.715918277513672411e+07
2.873566685756502245e-02 1.693633624558950216e+07
2.876679975773573095e-02 1.671348971604227647e+07
2.879793265790644291e-02 1.649064318649505079e+07
2.882906555807715140e-02 1.626779665694782510e+07
2.886019845824785990e-02 1.604495012740060128e+07
2.889133135841857186e-02 1.582210359785337560e+07
2.892246425858928036e-02 1.559925706830614805e+07
2.895359715875998885e-02 1.537641053875892237e+07
2.898473005893070081e-02 1.515356400921169482e+07
2.901586295910140931e-02 1.493071747966446728e+07
2.904699585927211780e-02 1.470787095011723973e+07
2.907812875944282976e-02 1.448502442057001404e+07
2.910926165961353826e-02 1.426217789102278836e+07
2.914039455978424675e-02 1.403933136147556268e+07
2.917152745995495872e-02 1.381648483192833513e+07
2.920266036012566721e-02 1.359363830238110758e+07
2.923379326029637570e-02 1.337079177283388004e+07
2.926492616046708767e-02 1.314794524328665435e+07
2.929605906063779616e-02 1.292509871373942867e+07
2.932719196080850466e-02 1.270225218419219926e+07
2.935832486097921662e-02 1.247940565464496985e+07
2.938945776114992511e-02 1.225655912509774044e+07
2.942059066132063361e-02 1.203371259555050917e+07
2.945172356149134557e-02 1.181086606600327976e+07
2.948285646166205407e-02 1.158801953645605035e+07
2.951398936183276256e-02 1.136517300690882094e+07
2.954512226200347452e-02 1.114232647736158781e+07
2.957625516217418302e-02 1.091947994781435654e+07
2.960738806234489151e-02 1.069663341826712526e+07
2.963852096251560347e-02 1.047378688871989399e+07
2.966965386268631197e-02 1.025094035917266272e+07
2.970078676285702046e-02 1.002809382962543145e+07
2.973191966302773243e-02 9.805247300078200176e+06
2.976305256319844092e-02 9.582400770530968904e+06
2.979418546336914941e-02 9.359554240983737633e+06
2.982531836353986138e-02 9.136707711436506361e+06
2.985645126371056987e-02 8.913861181889275089e+06
2.988758416388127837e-02 8.691014652342041954e+06
2.991871706405199033e-02 8.468168122794810683e+06
2.994984996422269882e-02 8.245321593247579411e+06
2.998098286439340732e-02 8.022475063700349070e+06
3.001211576456411928e-02 7.799628534153117798e+06
3.004324866473482777e-02 7.576782004605887458e+06
3.007438156490553627e-02 7.353935475058655255e+06
3.010551446507624823e-02 7.131088945511423051e+06
3.013664736524695673e-02 6.908242415964189917e+06
3.016778026541766522e-02 6.685395886416957714e+06
3.019891316558837718e-02 6.462549356869725510e+06
3.023004606575908568e-02 6.239702827322493307e+06
3.026117896592979417e-02 6.016856297775261104e+06
3.029231186610050613e-02 5.794009768228028901e+06
3.032344476627121463e-02 5.571163238680797629e+06
3.035457766644192312e-02 5.348316709133566357e+06
3.038571056661263509e-02 5.125470179586335085e+06
3.041684346678334358e-02 4.902623650039102882e+06
3.044797636695405207e-02 4.679777120491870679e+06
3.047910926712476404e-02 4.456930590944639407e+06
3.051024216729547253e-02 4.234084061397407204e+06
3.054137506746618103e-02 4.011237531850175466e+06
3.057250796763689299e-02 3.788391002302943729e+06
3.060364086780760148e-02 3.565544472755711991e+06
3.063477376797830998e-02 3.342697943208480254e+06
3.066590666814902194e-02 3.119851413661248516e+06
3.069703956831973043e-02 2.897004884114016779e+06
3.072817246849043893e-02 2.674158354566785041e+06
3.075930536866115089e-02 2.451311825019553304e+06
3.079043826883185939e-02 2.228465295472321566e+06
3.082157116900257135e-02 2.005618765925089363e+06
3.085270406917327984e-02 1.782772236377857160e+06
3.088383696934398834e-02 1.559925706830624724e+06
3.091496986951470030e-02 1.337079177283392521e+06
3.094610276968540880e-02 1.114232647736160317e+06
3.097723566985611729e-02 8.913861181889282307e+05
3.100836857002682925e-02 6.685395886416961439e+05
3.103950147019753775e-02 4.456930590944640571e+05
3.107063437036824624e-02 2.228465295472320286e+05
3.110176727053895473e-02 0.000000000000000000e+00
