0.000000000000000000e+00 -5.137947075699925148e-02
3.141592653589793632e-04 5.822373869904043386e+05
6.283185307179587264e-04 1.166436910761083243e+06
9.424777960769380354e-04 1.752542934003836708e+06
1.256637061435917453e-03 2.340496248912063427e+06
1.570796326794896870e-03 2.930233900178830605e+06
1.884955592153876071e-03 3.521688998955844436e+06
2.199114857512855705e-03 4.114790527273022104e+06
2.513274122871834906e-03 4.709463132388027385e+06
2.827433388230814106e-03 5.305626910502764396e+06
3.141592653589793740e-03 5.903197179249310866e+06
3.455751918948772941e-03 6.502084238310904242e+06
3.769911184307752142e-03 7.102193117504255846e+06
4.084070449666731342e-03 7.703423311607494950e+06
4.398229715025711410e-03 8.305668501173071563e+06
4.712388980384690611e-03 8.908816258517008275e+06
5.026548245743669811e-03 9.512747738024642691e+06
5.340707511102649012e-03 1.011733734985794500e+07
5.654866776461628212e-03 1.072245241609095037e+07
5.969026041820608280e-03 1.132795280823685974e+07
6.283185307179587481e-03 1.193369056506303325e+07
6.597344572538566682e-03 1.253950948951797001e+07
6.911503837897545882e-03 1.314524472351699695e+07
7.225663103256525083e-03 1.375072229925050586e+07
7.539822368615504283e-03 1.435575866558952257e+07
7.853981633974483484e-03 1.496016018806791306e+07
8.168140899333462684e-03 1.556372262081813626e+07
8.482300164692443620e-03 1.616623054872697219e+07
8.796459430051422820e-03 1.676745679795964621e+07
9.110618695410402021e-03 1.736716181287316233e+07
9.424777960769381221e-03 1.796509299720289558e+07
9.738937226128360422e-03 1.856098401725903898e+07
1.005309649148733962e-02 1.915455406471080706e+07
1.036725575684631882e-02 1.974550707636523992e+07
1.068141502220529802e-02 2.033353090816344693e+07
1.099557428756427722e-02 2.091829646041793749e+07
1.130973355292325642e-02 2.149945675110059604e+07
1.162389281828223563e-02 2.207664593375942111e+07
1.193805208364121656e-02 2.264947825639170408e+07
1.225221134900019576e-02 2.321754695733159408e+07
1.256637061435917496e-02 2.378042309391757101e+07
1.288052987971815416e-02 2.433765429938929528e+07
1.319468914507713336e-02 2.488876346312126517e+07
1.350884841043611256e-02 2.543324732892982289e+07
1.382300767579509176e-02 2.597057500578900054e+07
1.413716694115407096e-02 2.650018638485435024e+07
1.445132620651305017e-02 2.702149045622218773e+07
1.476548547187202937e-02 2.753386351833811030e+07
1.507964473723100857e-02 2.803664727241142467e+07
1.539380400258998950e-02 2.852914679358629882e+07
1.570796326794896697e-02 2.901062836996138841e+07
1.602212253330794617e-02 2.948031719983231649e+07
1.633628179866692537e-02 2.993739493674991280e+07
1.665044106402590457e-02 3.038099707113605365e+07
1.696460032938488724e-02 3.081021013626927882e+07
1.727875959474386644e-02 3.122406872543957457e+07
1.759291886010284564e-02 3.162155230596388876e+07
1.790707812546182484e-02 3.200158181454399228e+07
1.822123739082080404e-02 3.236301601712480187e+07
1.853539665617978324e-02 3.270464761496194080e+07
1.884955592153876244e-02 3.302519907702075690e+07
1.916371518689774164e-02 3.332331817708832398e+07
1.947787445225672084e-02 3.359757321207113564e+07
1.979203371761570004e-02 3.384644787585502118e+07
2.010619298297467925e-02 3.406833576079965383e+07
2.042035224833365845e-02 3.426153445640660077e+07
2.073451151369263765e-02 3.442423921191038936e+07
2.104867077905161685e-02 3.455453612646904588e+07
2.136283004441059605e-02 3.465039482724195719e+07
2.167698930976957525e-02 3.470966059190243483e+07
2.199114857512855445e-02 3.473004586800026149e+07
2.230530784048753365e-02 3.470912113702133298e+07
2.261946710584651285e-02 3.464430506593277305e+07
2.293362637120549205e-02 3.453285388340082020e+07
2.324778563656447125e-02 3.437184991165379435e+07
2.356194490192345392e-02 3.415818917806541920e+07
2.387610416728243312e-02 3.388856802286775410e+07
2.419026343264141232e-02 3.355946861087571084e+07
2.450442269800039152e-02 3.316714324560791254e+07
2.481858196335937072e-02 3.270759737360124290e+07
2.513274122871834992e-02 3.217657115489817038e+07
2.544690049407732912e-02 3.156951946248110011e+07
2.576105975943630833e-02 3.088159015865398943e+07
2.607521902479528753e-02 3.010760047982402891e+07
2.638937829015426673e-02 2.924201134257842228e+07
2.670353755551324593e-02 2.827889936311275139e+07
2.701769682087222513e-02 2.721192635863866657e+07
2.733185608623120433e-02 2.603430607302196324e+07
2.764601535159018353e-02 2.473876783916628361e+07
2.796017461694916273e-02 2.331751685709084570e+07
2.827433388230814193e-02 2.176219072870150208e+07
2.858849314766712113e-02 2.006381184729367122e+07
2.890265241302610033e-02 1.821273519111470506e+07
2.921681167838507953e-02 1.619859101500112563e+07
2.953097094374405873e-02 1.401022187119928002e+07
2.984513020910303793e-02 1.163561331881883927e+07
3.015928947446201713e-02 9.061817599605154246e+06
3.047344873982099980e-02 6.274869464267604984e+06
3.078760800517997900e-02 3.259693226610331796e+06
3.110176727053895473e-02 -2.106773729227679609e-02
