9.000000000000000222e-01 2.229013012730717222e-05
9.041666666666666741e-01 2.065818568286273291e-05
9.083333333333333259e-01 1.909568568286273898e-05
9.124999999999999778e-01 1.760263012730718703e-05
9.166666666666667407e-01 1.617901901619604320e-05
9.208333333333333925e-01 1.482485234952938371e-05
9.250000000000000444e-01 1.354013012730716791e-05
9.291666666666666963e-01 1.232485234952939409e-05
9.333333333333333481e-01 1.117901901619606397e-05
9.375000000000000000e-01 1.010263012730717922e-05
9.416666666666666519e-01 9.095685682862738157e-06
9.458333333333333037e-01 8.158185682862742475e-06
9.499999999999999556e-01 7.290130127307188783e-06
9.541666666666667185e-01 6.491519016196059296e-06
9.583333333333333703e-01 5.762352349529395516e-06
9.625000000000000222e-01 5.102630127307177116e-06
9.666666666666666741e-01 4.512352349529400708e-06
9.708333333333333259e-01 3.991519016196069679e-06
9.749999999999999778e-01 3.540130127307181912e-06
9.791666666666666297e-01 3.158185682862738677e-06
9.833333333333333925e-01 2.845685682862731505e-06
9.875000000000000444e-01 2.602630127307177759e-06
9.916666666666666963e-01 2.429019016196067698e-06
9.958333333333333481e-01 2.324852349529402170e-06
1.000000000000000000e+00 2.290130127307179904e-06
