9.000000000000000222e-01 -1.000000000000000000e+00 0.000000000000000000e+00
9.041666666666666741e-01 -1.000000000000000000e+00 0.000000000000000000e+00
9.083333333333333259e-01 -1.000000000000000000e+00 0.000000000000000000e+00
9.124999999999999778e-01 -1.000000000000000000e+00 0.000000000000000000e+00
9.166666666666667407e-01 -1.000000000000000000e+00 0.000000000000000000e+00
9.208333333333333925e-01 -1.000000000000000000e+00 0.000000000000000000e+00
9.250000000000000444e-01 -1.000000000000000000e+00 0.000000000000000000e+00
9.291666666666666963e-01 -1.000000000000000000e+00 0.000000000000000000e+00
9.333333333333333481e-01 -1.000000000000000000e+00 0.000000000000000000e+00
9.375000000000000000e-01 -1.000000000000000000e+00 0.000000000000000000e+00
9.416666666666666519e-01 -1.000000000000000000e+00 0.000000000000000000e+00
9.458333333333333037e-01 -1.000000000000000000e+00 0.000000000000000000e+00
9.499999999999999556e-01 -1.000000000000000000e+00 0.000000000000000000e+00
9.541666666666667185e-01 -1.000000000000000000e+00 0.000000000000000000e+00
9.583333333333333703e-01 -1.000000000000000000e+00 0.000000000000000000e+00
9.625000000000000222e-01 -1.000000000000000000e+00 0.000000000000000000e+00
9.666666666666666741e-01 -1.000000000000000000e+00 0.000000000000000000e+00
9.708333333333333259e-01 -1.000000000000000000e+00 0.000000000000000000e+00
9.749999999999999778e-01 -1.000000000000000000e+00 0.000000000000000000e+00
9.791666666666666297e-01 -1.000000000000000000e+00 0.000000000000000000e+00
9.833333333333333925e-01 -1.000000000000000000e+00 0.000000000000000000e+00
9.875000000000000444e-01 -1.000000000000000000e+00 0.000000000000000000e+00
9.916666666666666963e-01 -1.000000000000000000e+00 0.000000000000000000e+00
9.958333333333333481e-01 -1.000000000000000000e+00 0.000000000000000000e+00
1.000000000000000000e+00 -1.000000000000000000e+00 0.000000000000000000e+00
9.000000000000000222e-01 -9.166666666666666297e-01 0.000000000000000000e+00
9.041666666666666741e-01 -9.166666666666666297e-01 4.435973798786787665e+04
9.083333333333333259e-01 -9.166666666666666297e-01 5.576242966921118932e+04
9.124999999999999778e-01 -9.166666666666666297e-01 6.665365552896496956e+04
9.166666666666667407e-01 -9.166666666666666297e-01 7.974780532917690289e+04
9.208333333333333925e-01 -9.166666666666666297e-01 9.585680410431783821e+04
9.250000000000000444e-01 -9.166666666666666297e-01 1.157967603387630807e+05
9.291666666666666963e-01 -9.166666666666666297e-01 1.405979619201306487e+05
9.333333333333333481e-01 -9.166666666666666297e-01 1.715838327243750973e+05
9.375000000000000000e-01 -9.166666666666666297e-01 2.104515667314737511e+05
9.416666666666666519e-01 -9.166666666666666297e-01 2.593628860824776348e+05
9.458333333333333037e-01 -9.166666666666666297e-01 3.210344157652001013e+05
9.499999999999999556e-01 -9.166666666666666297e-01 3.987979241654987563e+05
9.541666666666667185e-01 -9.166666666666666297e-01 4.965636364381904714e+05
9.583333333333333703e-01 -9.166666666666666297e-01 6.185498638066975400e+05
9.625000000000000222e-01 -9.166666666666666297e-01 7.685199520937915659e+05
9.666666666666666741e-01 -9.166666666666666297e-01 9.480803068091992754e+05
9.708333333333333259e-01 -9.166666666666666297e-01 1.153379808705022326e+06
9.749999999999999778e-01 -9.166666666666666297e-01 1.369525131068914896e+06
9.791666666666666297e-01 -9.166666666666666297e-01 1.562816502818856388e+06
9.833333333333333925e-01 -9.166666666666666297e-01 1.673733274549384136e+06
9.875000000000000444e-01 -9.166666666666666297e-01 1.619384083686020691e+06
9.916666666666666963e-01 -9.166666666666666297e-01 1.319451815096796723e+06
9.958333333333333481e-01 -9.166666666666666297e-01 7.508572858276421903e+05
1.000000000000000000e+00 -9.166666666666666297e-01 0.000000000000000000e+00
9.000000000000000222e-01 -8.333333333333333703e-01 0.000000000000000000e+00
9.041666666666666741e-01 -8.333333333333333703e-01 8.330127404574942193e+04
9.083333333333333259e-01 -8.333333333333333703e-01 1.049112097292454855e+05
9.124999999999999778e-01 -8.333333333333333703e-01 1.252804936622792447e+05
9.166666666666667407e-01 -8.333333333333333703e-01 1.496991965654384403e+05
9.208333333333333925e-01 -8.333333333333333703e-01 1.796813635790239205e+05
9.250000000000000444e-01 -8.333333333333333703e-01 2.167177243333054939e+05
9.291666666666666963e-01 -8.333333333333333703e-01 2.626807573543893523e+05
9.333333333333333481e-01 -8.333333333333333703e-01 3.199664619473764906e+05
9.375000000000000000e-01 -8.333333333333333703e-01 3.916350560373573098e+05
9.416666666666666519e-01 -8.333333333333333703e-01 4.815671022455944330e+05
9.458333333333333037e-01 -8.333333333333333703e-01 5.946154917942727916e+05
9.499999999999999556e-01 -8.333333333333333703e-01 7.366992384641476674e+05
9.541666666666667185e-01 -8.333333333333333703e-01 9.147195925096240826e+05
9.583333333333333703e-01 -8.333333333333333703e-01 1.136056177298113704e+06
9.625000000000000222e-01 -8.333333333333333703e-01 1.407187071832541376e+06
9.666666666666666741e-01 -8.333333333333333703e-01 1.730649457515399903e+06
9.708333333333333259e-01 -8.333333333333333703e-01 2.099182107454299461e+06
9.749999999999999778e-01 -8.333333333333333703e-01 2.485835596621172037e+06
9.791666666666666297e-01 -8.333333333333333703e-01 2.830196968477239367e+06
9.833333333333333925e-01 -8.333333333333333703e-01 3.025827146126696840e+06
9.875000000000000444e-01 -8.333333333333333703e-01 2.924336597424185369e+06
9.916666666666666963e-01 -8.333333333333333703e-01 2.381402943197714165e+06
9.958333333333333481e-01 -8.333333333333333703e-01 1.354935644503434421e+06
1.000000000000000000e+00 -8.333333333333333703e-01 0.000000000000000000e+00
9.000000000000000222e-01 -7.500000000000000000e-01 0.000000000000000000e+00
9.041666666666666741e-01 -7.500000000000000000e-01 1.172810661883203284e+05
9.083333333333333259e-01 -7.500000000000000000e-01 1.479568801417717768e+05
9.124999999999999778e-01 -7.500000000000000000e-01 1.765294507722735580e+05
9.166666666666667407e-01 -7.500000000000000000e-01 2.106907865054161230e+05
9.208333333333333925e-01 -7.500000000000000000e-01 2.525601933352641936e+05
9.250000000000000444e-01 -7.500000000000000000e-01 3.041838483916526893e+05
9.291666666666666963e-01 -7.500000000000000000e-01 3.681197316147579113e+05
9.333333333333333481e-01 -7.500000000000000000e-01 4.476293744738910464e+05
9.375000000000000000e-01 -7.500000000000000000e-01 5.468628527630135650e+05
9.416666666666666519e-01 -7.500000000000000000e-01 6.710612482769745402e+05
9.458333333333333037e-01 -7.500000000000000000e-01 8.267493615248019341e+05
9.499999999999999556e-01 -7.500000000000000000e-01 1.021844992320990073e+06
9.541666666666667185e-01 -7.500000000000000000e-01 1.265524032320994651e+06
9.583333333333333703e-01 -7.500000000000000000e-01 1.567518106735777808e+06
9.625000000000000222e-01 -7.500000000000000000e-01 1.936239407418587478e+06
9.666666666666666741e-01 -7.500000000000000000e-01 2.374695342240823433e+06
9.708333333333333259e-01 -7.500000000000000000e-01 2.872656888271109667e+06
9.749999999999999778e-01 -7.500000000000000000e-01 3.393457281574436929e+06
9.791666666666666297e-01 -7.500000000000000000e-01 3.855566877496314701e+06
9.833333333333333925e-01 -7.500000000000000000e-01 4.115640224455805030e+06
9.875000000000000444e-01 -7.500000000000000000e-01 3.973624041672750842e+06
9.916666666666666963e-01 -7.500000000000000000e-01 3.234275689072841313e+06
9.958333333333333481e-01 -7.500000000000000000e-01 1.839890576461313292e+06
1.000000000000000000e+00 -7.500000000000000000e-01 0.000000000000000000e+00
9.000000000000000222e-01 -6.666666666666667407e-01 0.000000000000000000e+00
9.041666666666666741e-01 -6.666666666666667407e-01 1.466970590440184751e+05
9.083333333333333259e-01 -6.666666666666667407e-01 1.853471551995973568e+05
9.124999999999999778e-01 -6.666666666666667407e-01 2.209679117199411849e+05
9.166666666666667407e-01 -6.666666666666667407e-01 2.634521148899150430e+05
9.208333333333333925e-01 -6.666666666666667407e-01 3.154380389430776122e+05
9.250000000000000444e-01 -6.666666666666667407e-01 3.794267862672394840e+05
9.291666666666666963e-01 -6.666666666666667407e-01 4.585312893696264364e+05
9.333333333333333481e-01 -6.666666666666667407e-01 5.567077903125640005e+05
9.375000000000000000e-01 -6.666666666666667407e-01 6.789731335890226765e+05
9.416666666666666519e-01 -6.666666666666667407e-01 8.316394563499080250e+05
9.458333333333333037e-01 -6.666666666666667407e-01 1.022532732489548391e+06
9.499999999999999556e-01 -6.666666666666667407e-01 1.261105789102714509e+06
9.541666666666667185e-01 -6.666666666666667407e-01 1.558252985099724028e+06
9.583333333333333703e-01 -6.666666666666667407e-01 1.925441583901127335e+06
9.625000000000000222e-01 -6.666666666666667407e-01 2.372441966428552289e+06
9.666666666666666741e-01 -6.666666666666667407e-01 2.902428582985134330e+06
9.708333333333333259e-01 -6.666666666666667407e-01 3.502630354228894692e+06
9.749999999999999778e-01 -6.666666666666667407e-01 4.128589449857682455e+06
9.791666666666666297e-01 -6.666666666666667407e-01 4.682145413861311972e+06
9.833333333333333925e-01 -6.666666666666667407e-01 4.991010977991545573e+06
9.875000000000000444e-01 -6.666666666666667407e-01 4.814494253729849122e+06
9.916666666666666963e-01 -6.666666666666667407e-01 3.916955875026527327e+06
9.958333333333333481e-01 -6.666666666666667407e-01 2.227923055684471969e+06
1.000000000000000000e+00 -6.666666666666667407e-01 0.000000000000000000e+00
9.000000000000000222e-01 -5.833333333333333703e-01 0.000000000000000000e+00
9.041666666666666741e-01 -5.833333333333333703e-01 1.718934695854749298e+05
9.083333333333333259e-01 -5.833333333333333703e-01 2.174713789168807562e+05
9.124999999999999778e-01 -5.833333333333333703e-01 2.590879533495852957e+05
9.166666666666667407e-01 -5.833333333333333703e-01 3.086143439750309917e+05
9.208333333333333925e-01 -5.833333333333333703e-01 3.691300843302254798e+05
9.250000000000000444e-01 -5.833333333333333703e-01 4.435061801428534673e+05
9.291666666666666963e-01 -5.833333333333333703e-01 5.353016042758623371e+05
9.333333333333333481e-01 -5.833333333333333703e-01 6.490262813517570030e+05
9.375000000000000000e-01 -5.833333333333333703e-01 7.903816355122269597e+05
9.416666666666666519e-01 -5.833333333333333703e-01 9.665171953405055683e+05
9.458333333333333037e-01 -5.833333333333333703e-01 1.186264579260764411e+06
9.499999999999999556e-01 -5.833333333333333703e-01 1.460247073699231958e+06
9.541666666666667185e-01 -5.833333333333333703e-01 1.800647320788788609e+06
9.583333333333333703e-01 -5.833333333333333703e-01 2.220201477433830965e+06
9.625000000000000222e-01 -5.833333333333333703e-01 2.729617732309798710e+06
9.666666666666666741e-01 -5.833333333333333703e-01 3.332048464004888665e+06
9.708333333333333259e-01 -5.833333333333333703e-01 4.012579655553558376e+06
9.749999999999999778e-01 -5.833333333333333703e-01 4.720549662574269809e+06
9.791666666666666297e-01 -5.833333333333333703e-01 5.344769180410627276e+06
9.833333333333333925e-01 -5.833333333333333703e-01 5.690360287885533646e+06
9.875000000000000444e-01 -5.833333333333333703e-01 5.484806347455250099e+06
9.916666666666666963e-01 -5.833333333333333703e-01 4.460567232921971940e+06
9.958333333333333481e-01 -5.833333333333333703e-01 2.536796300719555467e+06
1.000000000000000000e+00 -5.833333333333333703e-01 0.000000000000000000e+00
9.000000000000000222e-01 -5.000000000000000000e-01 0.000000000000000000e+00
9.041666666666666741e-01 -5.000000000000000000e-01 1.931649221101258590e+05
9.083333333333333259e-01 -5.000000000000000000e-01 2.446644077011630870e+05
9.124999999999999778e-01 -5.000000000000000000e-01 2.913117597254890716e+05
9.166666666666667407e-01 -5.000000000000000000e-01 3.467177828485450009e+05
9.208333333333333925e-01 -5.000000000000000000e-01 4.143324873368370463e+05
9.250000000000000444e-01 -5.000000000000000000e-01 4.973245397786209942e+05
9.291666666666666963e-01 -5.000000000000000000e-01 5.996078133606122574e+05
9.333333333333333481e-01 -5.000000000000000000e-01 7.261292141204659129e+05
9.375000000000000000e-01 -5.000000000000000000e-01 8.831257279305809643e+05
9.416666666666666519e-01 -5.000000000000000000e-01 1.078395526651284425e+06
9.458333333333333037e-01 -5.000000000000000000e-01 1.321540372468338115e+06
9.499999999999999556e-01 -5.000000000000000000e-01 1.624067858194785425e+06
9.541666666666667185e-01 -5.000000000000000000e-01 1.999117216165998951e+06
9.583333333333333703e-01 -5.000000000000000000e-01 2.460342090084602591e+06
9.625000000000000222e-01 -5.000000000000000000e-01 3.019085540594772901e+06
9.666666666666666741e-01 -5.000000000000000000e-01 3.678370571009236854e+06
9.708333333333333259e-01 -5.000000000000000000e-01 4.421508207952085882e+06
9.749999999999999778e-01 -5.000000000000000000e-01 5.192943966697729193e+06
9.791666666666666297e-01 -5.000000000000000000e-01 5.871362079315403476e+06
9.833333333333333925e-01 -5.000000000000000000e-01 6.244379912389074452e+06
9.875000000000000444e-01 -5.000000000000000000e-01 6.014737233840820380e+06
9.916666666666666963e-01 -5.000000000000000000e-01 4.889891502155528404e+06
9.958333333333333481e-01 -5.000000000000000000e-01 2.780649274368490558e+06
1.000000000000000000e+00 -5.000000000000000000e-01 0.000000000000000000e+00
9.000000000000000222e-01 -4.166666666666667407e-01 0.000000000000000000e+00
9.041666666666666741e-01 -4.166666666666667407e-01 2.107599839083635889e+05
9.083333333333333259e-01 -4.166666666666667407e-01 2.672099559266969445e+05
9.124999999999999778e-01 -4.166666666666667407e-01 3.179962685657623806e+05
9.166666666666667407e-01 -4.166666666666667407e-01 3.782183296787494328e+05
9.208333333333333925e-01 -4.166666666666667407e-01 4.516313785087850993e+05
9.250000000000000444e-01 -4.166666666666667407e-01 5.416399175049478654e+05
9.291666666666666963e-01 -4.166666666666667407e-01 6.524360185222334694e+05
9.333333333333333481e-01 -4.166666666666667407e-01 7.893065220763278194e+05
9.375000000000000000e-01 -4.166666666666667407e-01 9.589015887020421214e+05
9.416666666666666519e-01 -4.166666666666667407e-01 1.169515090214641299e+06
9.458333333333333037e-01 -4.166666666666667407e-01 1.431330901523143519e+06
9.499999999999999556e-01 -4.166666666666667407e-01 1.756516212596974568e+06
9.541666666666667185e-01 -4.166666666666667407e-01 2.158911497256077360e+06
9.583333333333333703e-01 -4.166666666666667407e-01 2.652824666343338322e+06
9.625000000000000222e-01 -4.166666666666667407e-01 3.250018663769131992e+06
9.666666666666666741e-01 -4.166666666666667407e-01 3.953337764767732006e+06
9.708333333333333259e-01 -4.166666666666667407e-01 4.744654220315880142e+06
9.749999999999999778e-01 -4.166666666666667407e-01 5.564609079084946774e+06
9.791666666666666297e-01 -4.166666666666667407e-01 6.284113431397511624e+06
9.833333333333333925e-01 -4.166666666666667407e-01 6.677381148873439059e+06
9.875000000000000444e-01 -4.166666666666667407e-01 6.428141730056051165e+06
9.916666666666666963e-01 -4.166666666666667407e-01 5.224499079993446358e+06
9.958333333333333481e-01 -4.166666666666667407e-01 2.970644181865999941e+06
1.000000000000000000e+00 -4.166666666666667407e-01 0.000000000000000000e+00
9.000000000000000222e-01 -3.333333333333333703e-01 0.000000000000000000e+00
9.041666666666666741e-01 -3.333333333333333703e-01 2.248841455444213352e+05
9.083333333333333259e-01 -3.333333333333333703e-01 2.853434352216499392e+05
9.124999999999999778e-01 -3.333333333333333703e-01 3.394370998782343813e+05
9.166666666666667407e-01 -3.333333333333333703e-01 4.034929082761278842e+05
9.208333333333333925e-01 -3.333333333333333703e-01 4.815104387948994408e+05
9.250000000000000444e-01 -3.333333333333333703e-01 5.770765561081693741e+05
9.291666666666666963e-01 -3.333333333333333703e-01 6.945963690302334726e+05
9.333333333333333481e-01 -3.333333333333333703e-01 8.396152354379029712e+05
9.375000000000000000e-01 -3.333333333333333703e-01 1.019095159502588445e+06
9.416666666666666519e-01 -3.333333333333333703e-01 1.241700895284919068e+06
9.458333333333333037e-01 -3.333333333333333703e-01 1.518047412732140627e+06
9.499999999999999556e-01 -3.333333333333333703e-01 1.860784291095079621e+06
9.541666666666667185e-01 -3.333333333333333703e-01 2.284256319713895209e+06
9.583333333333333703e-01 -3.333333333333333703e-01 2.803229065027405508e+06
9.625000000000000222e-01 -3.333333333333333703e-01 3.429735447927669156e+06
9.666666666666666741e-01 -3.333333333333333703e-01 4.166432097142810468e+06
9.708333333333333259e-01 -3.333333333333333703e-01 4.994058843584020622e+06
9.749999999999999778e-01 -3.333333333333333703e-01 5.850364186573314480e+06
9.791666666666666297e-01 -3.333333333333333703e-01 6.600414084104975685e+06
9.833333333333333925e-01 -3.333333333333333703e-01 7.008363025064448826e+06
9.875000000000000444e-01 -3.333333333333333703e-01 6.743627626835790463e+06
9.916666666666666963e-01 -3.333333333333333703e-01 5.479641850063799880e+06
9.958333333333333481e-01 -3.333333333333333703e-01 3.115477631234781351e+06
1.000000000000000000e+00 -3.333333333333333703e-01 0.000000000000000000e+00
9.000000000000000222e-01 -2.500000000000000000e-01 0.000000000000000000e+00
9.041666666666666741e-01 -2.500000000000000000e-01 2.357022827326107072e+05
9.083333333333333259e-01 -2.500000000000000000e-01 2.992543137085083872e+05
9.124999999999999778e-01 -2.500000000000000000e-01 3.558718099170984351e+05
9.166666666666667407e-01 -2.500000000000000000e-01 4.228439634390567080e+05
9.208333333333333925e-01 -2.500000000000000000e-01 5.043571535694845952e+05
9.250000000000000444e-01 -2.500000000000000000e-01 6.041336583766124677e+05
9.291666666666666963e-01 -2.500000000000000000e-01 7.267354545493695186e+05
9.333333333333333481e-01 -2.500000000000000000e-01 8.778971262100448366e+05
9.375000000000000000e-01 -2.500000000000000000e-01 1.064807442947248928e+06
9.416666666666666519e-01 -2.500000000000000000e-01 1.296398807818456320e+06
9.458333333333333037e-01 -2.500000000000000000e-01 1.583594485937234247e+06
9.499999999999999556e-01 -2.500000000000000000e-01 1.939385173943807371e+06
9.541666666666667185e-01 -2.500000000000000000e-01 2.378466841805303935e+06
9.583333333333333703e-01 -2.500000000000000000e-01 2.915915427611938678e+06
9.625000000000000222e-01 -2.500000000000000000e-01 3.563931196389850229e+06
9.666666666666666741e-01 -2.500000000000000000e-01 4.325001865639016964e+06
9.708333333333333259e-01 -2.500000000000000000e-01 5.179015120847877115e+06
9.749999999999999778e-01 -2.500000000000000000e-01 6.061602381001232192e+06
9.791666666666666297e-01 -2.500000000000000000e-01 6.833590036215767264e+06
9.833333333333333925e-01 -2.500000000000000000e-01 7.251847008397285827e+06
9.875000000000000444e-01 -2.500000000000000000e-01 6.975394218381386250e+06
9.916666666666666963e-01 -2.500000000000000000e-01 5.666948953225214966e+06
9.958333333333333481e-01 -2.500000000000000000e-01 3.221778872830959503e+06
1.000000000000000000e+00 -2.500000000000000000e-01 0.000000000000000000e+00
9.000000000000000222e-01 -1.666666666666667407e-01 0.000000000000000000e+00
9.041666666666666741e-01 -1.666666666666667407e-01 2.433406303278610285e+05
9.083333333333333259e-01 -1.666666666666667407e-01 3.090880170646163169e+05
9.124999999999999778e-01 -1.666666666666667407e-01 3.674825061694256146e+05
9.166666666666667407e-01 -1.666666666666667407e-01 4.365030684032788849e+05
9.208333333333333925e-01 -1.666666666666667407e-01 5.204678234000009252e+05
9.250000000000000444e-01 -1.666666666666667407e-01 6.231924008566102711e+05
9.291666666666666963e-01 -1.666666666666667407e-01 7.493461973246611888e+05
9.333333333333333481e-01 -1.666666666666667407e-01 9.047927615811920259e+05
9.375000000000000000e-01 -1.666666666666667407e-01 1.096874601228025043e+06
9.416666666666666519e-01 -1.666666666666667407e-01 1.334704461077313405e+06
9.458333333333333037e-01 -1.666666666666667407e-01 1.629411805172555614e+06
9.499999999999999556e-01 -1.666666666666667407e-01 1.994213369129498955e+06
9.541666666666667185e-01 -1.666666666666667407e-01 2.444034833457654342e+06
9.583333333333333703e-01 -1.666666666666667407e-01 2.994150517271781340e+06
9.625000000000000222e-01 -1.666666666666667407e-01 3.656858637631418649e+06
9.666666666666666741e-01 -1.666666666666667407e-01 4.434515079029957764e+06
9.708333333333333259e-01 -1.666666666666667407e-01 5.306414475974013098e+06
9.749999999999999778e-01 -1.666666666666667407e-01 6.206745344672818668e+06
9.791666666666666297e-01 -1.666666666666667407e-01 6.993464555799471214e+06
9.833333333333333925e-01 -1.666666666666667407e-01 7.418514948884427547e+06
9.875000000000000444e-01 -1.666666666666667407e-01 7.133872123986563645e+06
9.916666666666666963e-01 -1.666666666666667407e-01 5.794957266076381318e+06
9.958333333333333481e-01 -1.666666666666667407e-01 3.294413361548263114e+06
1.000000000000000000e+00 -1.666666666666667407e-01 0.000000000000000000e+00
9.000000000000000222e-01 -8.333333333333337034e-02 0.000000000000000000e+00
9.041666666666666741e-01 -8.333333333333337034e-02 2.478882928805647825e+05
9.083333333333333259e-01 -8.333333333333337034e-02 3.149473890661329497e+05
9.124999999999999778e-01 -8.333333333333337034e-02 3.743978520655326429e+05
9.166666666666667407e-01 -8.333333333333337034e-02 4.446336871904050349e+05
9.208333333333333925e-01 -8.333333333333337034e-02 5.300513960037003271e+05
9.250000000000000444e-01 -8.333333333333337034e-02 6.345212898488573264e+05
9.291666666666666963e-01 -8.333333333333337034e-02 7.627753941252703080e+05
9.333333333333333481e-01 -8.333333333333337034e-02 9.207521992380488664e+05
9.375000000000000000e-01 -8.333333333333337034e-02 1.115883221612666734e+06
9.416666666666666519e-01 -8.333333333333337034e-02 1.357385165310692042e+06
9.458333333333333037e-01 -8.333333333333337034e-02 1.656505736307779793e+06
9.499999999999999556e-01 -8.333333333333337034e-02 2.026590426078019897e+06
9.541666666666667185e-01 -8.333333333333337034e-02 2.482694530955866445e+06
9.583333333333333703e-01 -8.333333333333337034e-02 3.040202382516577840e+06
9.625000000000000222e-01 -8.333333333333337034e-02 3.711462688646148425e+06
9.666666666666666741e-01 -8.333333333333337034e-02 4.498748070964737795e+06
9.708333333333333259e-01 -8.333333333333337034e-02 5.381003658693856560e+06
9.749999999999999778e-01 -8.333333333333337034e-02 6.291579441430000588e+06
9.791666666666666297e-01 -8.333333333333337034e-02 7.086772525258398615e+06
9.833333333333333925e-01 -8.333333333333337034e-02 7.515678314044294879e+06
9.875000000000000444e-01 -8.333333333333337034e-02 7.226193264098808169e+06
9.916666666666666963e-01 -8.333333333333337034e-02 5.869500804761822335e+06
9.958333333333333481e-01 -8.333333333333337034e-02 3.336705547632768750e+06
1.000000000000000000e+00 -8.333333333333337034e-02 0.000000000000000000e+00
9.000000000000000222e-01 0.000000000000000000e+00 0.000000000000000000e+00
9.041666666666666741e-01 0.000000000000000000e+00 2.493983104527021060e+05
9.083333333333333259e-01 0.000000000000000000e+00 3.168937252122386708e+05
9.124999999999999778e-01 0.000000000000000000e+00 3.766944834088694188e+05
9.166666666666667407e-01 0.000000000000000000e+00 4.473331246295269812e+05
9.208333333333333925e-01 0.000000000000000000e+00 5.332321686829456594e+05
9.250000000000000444e-01 0.000000000000000000e+00 6.382799345157300122e+05
9.291666666666666963e-01 0.000000000000000000e+00 7.672290227819809224e+05
9.333333333333333481e-01 0.000000000000000000e+00 9.260425023635100806e+05
9.375000000000000000e-01 0.000000000000000000e+00 1.122181026335638948e+06
9.416666666666666519e-01 0.000000000000000000e+00 1.364895252986914711e+06
9.458333333333333037e-01 0.000000000000000000e+00 1.665471401963164331e+06
9.499999999999999556e-01 0.000000000000000000e+00 2.037296756456572562e+06
9.541666666666667185e-01 0.000000000000000000e+00 2.495468473598056938e+06
9.583333333333333703e-01 0.000000000000000000e+00 3.055406083532780409e+06
9.625000000000000222e-01 0.000000000000000000e+00 3.729473778889186215e+06
9.666666666666666741e-01 0.000000000000000000e+00 4.519915763460125774e+06
9.708333333333333259e-01 0.000000000000000000e+00 5.405561726022643968e+06
9.749999999999999778e-01 0.000000000000000000e+00 6.319486633085372858e+06
9.791666666666666297e-01 0.000000000000000000e+00 7.117444507345891558e+06
9.833333333333333925e-01 0.000000000000000000e+00 7.547599353002773598e+06
9.875000000000000444e-01 0.000000000000000000e+00 7.256512190447669476e+06
9.916666666666666963e-01 0.000000000000000000e+00 5.893976830566682853e+06
9.958333333333333481e-01 0.000000000000000000e+00 3.350591101786366664e+06
1.000000000000000000e+00 0.000000000000000000e+00 0.000000000000000000e+00
9.000000000000000222e-01 8.333333333333325932e-02 0.000000000000000000e+00
9.041666666666666741e-01 8.333333333333325932e-02 2.478882928805646661e+05
9.083333333333333259e-01 8.333333333333325932e-02 3.149473890661328915e+05
9.124999999999999778e-01 8.333333333333325932e-02 3.743978520655325265e+05
9.166666666666667407e-01 8.333333333333325932e-02 4.446336871904051513e+05
9.208333333333333925e-01 8.333333333333325932e-02 5.300513960037003271e+05
9.250000000000000444e-01 8.333333333333325932e-02 6.345212898488575593e+05
9.291666666666666963e-01 8.333333333333325932e-02 7.627753941252699587e+05
9.333333333333333481e-01 8.333333333333325932e-02 9.207521992380488664e+05
9.375000000000000000e-01 8.333333333333325932e-02 1.115883221612666501e+06
9.416666666666666519e-01 8.333333333333325932e-02 1.357385165310691344e+06
9.458333333333333037e-01 8.333333333333325932e-02 1.656505736307780258e+06
9.499999999999999556e-01 8.333333333333325932e-02 2.026590426078018965e+06
9.541666666666667185e-01 8.333333333333325932e-02 2.482694530955866911e+06
9.583333333333333703e-01 8.333333333333325932e-02 3.040202382516575046e+06
9.625000000000000222e-01 8.333333333333325932e-02 3.711462688646148890e+06
9.666666666666666741e-01 8.333333333333325932e-02 4.498748070964733139e+06
9.708333333333333259e-01 8.333333333333325932e-02 5.381003658693856560e+06
9.749999999999999778e-01 8.333333333333325932e-02 6.291579441430000588e+06
9.791666666666666297e-01 8.333333333333325932e-02 7.086772525258403271e+06
9.833333333333333925e-01 8.333333333333325932e-02 7.515678314044289291e+06
9.875000000000000444e-01 8.333333333333325932e-02 7.226193264098806307e+06
9.916666666666666963e-01 8.333333333333325932e-02 5.869500804761822335e+06
9.958333333333333481e-01 8.333333333333325932e-02 3.336705547632768285e+06
1.000000000000000000e+00 8.333333333333325932e-02 0.000000000000000000e+00
9.000000000000000222e-01 1.666666666666665186e-01 0.000000000000000000e+00
9.041666666666666741e-01 1.666666666666665186e-01 2.433406303278608539e+05
9.083333333333333259e-01 1.666666666666665186e-01 3.090880170646162587e+05
9.124999999999999778e-01 1.666666666666665186e-01 3.674825061694253818e+05
9.166666666666667407e-01 1.666666666666665186e-01 4.365030684032792342e+05
9.208333333333333925e-01 1.666666666666665186e-01 5.204678234000009834e+05
9.250000000000000444e-01 1.666666666666665186e-01 6.231924008566107368e+05
9.291666666666666963e-01 1.666666666666665186e-01 7.493461973246607231e+05
9.333333333333333481e-01 1.666666666666665186e-01 9.047927615811917931e+05
9.375000000000000000e-01 1.666666666666665186e-01 1.096874601228024578e+06
9.416666666666666519e-01 1.666666666666665186e-01 1.334704461077312473e+06
9.458333333333333037e-01 1.666666666666665186e-01 1.629411805172556080e+06
9.499999999999999556e-01 1.666666666666665186e-01 1.994213369129496859e+06
9.541666666666667185e-01 1.666666666666665186e-01 2.444034833457654808e+06
9.583333333333333703e-01 1.666666666666665186e-01 2.994150517271777615e+06
9.625000000000000222e-01 1.666666666666665186e-01 3.656858637631420046e+06
9.666666666666666741e-01 1.666666666666665186e-01 4.434515079029952176e+06
9.708333333333333259e-01 1.666666666666665186e-01 5.306414475974014029e+06
9.749999999999999778e-01 1.666666666666665186e-01 6.206745344672820531e+06
9.791666666666666297e-01 1.666666666666665186e-01 6.993464555799477734e+06
9.833333333333333925e-01 1.666666666666665186e-01 7.418514948884420097e+06
9.875000000000000444e-01 1.666666666666665186e-01 7.133872123986560851e+06
9.916666666666666963e-01 1.666666666666665186e-01 5.794957266076380387e+06
9.958333333333333481e-01 1.666666666666665186e-01 3.294413361548262183e+06
1.000000000000000000e+00 1.666666666666665186e-01 0.000000000000000000e+00
9.000000000000000222e-01 2.500000000000000000e-01 0.000000000000000000e+00
9.041666666666666741e-01 2.500000000000000000e-01 2.357022827326105325e+05
9.083333333333333259e-01 2.500000000000000000e-01 2.992543137085083290e+05
9.124999999999999778e-01 2.500000000000000000e-01 3.558718099170983187e+05
9.166666666666667407e-01 2.500000000000000000e-01 4.228439634390570573e+05
9.208333333333333925e-01 2.500000000000000000e-01 5.043571535694847698e+05
9.250000000000000444e-01 2.500000000000000000e-01 6.041336583766129334e+05
9.291666666666666963e-01 2.500000000000000000e-01 7.267354545493692858e+05
9.333333333333333481e-01 2.500000000000000000e-01 8.778971262100442545e+05
9.375000000000000000e-01 2.500000000000000000e-01 1.064807442947248463e+06
9.416666666666666519e-01 2.500000000000000000e-01 1.296398807818455389e+06
9.458333333333333037e-01 2.500000000000000000e-01 1.583594485937234946e+06
9.499999999999999556e-01 2.500000000000000000e-01 1.939385173943803879e+06
9.541666666666667185e-01 2.500000000000000000e-01 2.378466841805303935e+06
9.583333333333333703e-01 2.500000000000000000e-01 2.915915427611933090e+06
9.625000000000000222e-01 2.500000000000000000e-01 3.563931196389853023e+06
9.666666666666666741e-01 2.500000000000000000e-01 4.325001865639012307e+06
9.708333333333333259e-01 2.500000000000000000e-01 5.179015120847879909e+06
9.749999999999999778e-01 2.500000000000000000e-01 6.061602381001234055e+06
9.791666666666666297e-01 2.500000000000000000e-01 6.833590036215780303e+06
9.833333333333333925e-01 2.500000000000000000e-01 7.251847008397275582e+06
9.875000000000000444e-01 2.500000000000000000e-01 6.975394218381384388e+06
9.916666666666666963e-01 2.500000000000000000e-01 5.666948953225211240e+06
9.958333333333333481e-01 2.500000000000000000e-01 3.221778872830958106e+06
1.000000000000000000e+00 2.500000000000000000e-01 0.000000000000000000e+00
9.000000000000000222e-01 3.333333333333332593e-01 0.000000000000000000e+00
9.041666666666666741e-01 3.333333333333332593e-01 2.248841455444212188e+05
9.083333333333333259e-01 3.333333333333332593e-01 2.853434352216498228e+05
9.124999999999999778e-01 3.333333333333332593e-01 3.394370998782342649e+05
9.166666666666667407e-01 3.333333333333332593e-01 4.034929082761282334e+05
9.208333333333333925e-01 3.333333333333332593e-01 4.815104387948996737e+05
9.250000000000000444e-01 3.333333333333332593e-01 5.770765561081693741e+05
9.291666666666666963e-01 3.333333333333332593e-01 6.945963690302332398e+05
9.333333333333333481e-01 3.333333333333332593e-01 8.396152354379022727e+05
9.375000000000000000e-01 3.333333333333332593e-01 1.019095159502588096e+06
9.416666666666666519e-01 3.333333333333332593e-01 1.241700895284918137e+06
9.458333333333333037e-01 3.333333333333332593e-01 1.518047412732141092e+06
9.499999999999999556e-01 3.333333333333332593e-01 1.860784291095075663e+06
9.541666666666667185e-01 3.333333333333332593e-01 2.284256319713893812e+06
9.583333333333333703e-01 3.333333333333332593e-01 2.803229065027399920e+06
9.625000000000000222e-01 3.333333333333332593e-01 3.429735447927670553e+06
9.666666666666666741e-01 3.333333333333332593e-01 4.166432097142806742e+06
9.708333333333333259e-01 3.333333333333332593e-01 4.994058843584023416e+06
9.749999999999999778e-01 3.333333333333332593e-01 5.850364186573317274e+06
9.791666666666666297e-01 3.333333333333332593e-01 6.600414084104992449e+06
9.833333333333333925e-01 3.333333333333332593e-01 7.008363025064438581e+06
9.875000000000000444e-01 3.333333333333332593e-01 6.743627626835786738e+06
9.916666666666666963e-01 3.333333333333332593e-01 5.479641850063794293e+06
9.958333333333333481e-01 3.333333333333332593e-01 3.115477631234780420e+06
1.000000000000000000e+00 3.333333333333332593e-01 0.000000000000000000e+00
9.000000000000000222e-01 4.166666666666665186e-01 0.000000000000000000e+00
9.041666666666666741e-01 4.166666666666665186e-01 2.107599839083635015e+05
9.083333333333333259e-01 4.166666666666665186e-01 2.672099559266968281e+05
9.124999999999999778e-01 4.166666666666665186e-01 3.179962685657623806e+05
9.166666666666667407e-01 4.166666666666665186e-01 3.782183296787497820e+05
9.208333333333333925e-01 4.166666666666665186e-01 4.516313785087853903e+05
9.250000000000000444e-01 4.166666666666665186e-01 5.416399175049476326e+05
9.291666666666666963e-01 4.166666666666665186e-01 6.524360185222332366e+05
9.333333333333333481e-01 4.166666666666665186e-01 7.893065220763270045e+05
9.375000000000000000e-01 4.166666666666665186e-01 9.589015887020417722e+05
9.416666666666666519e-01 4.166666666666665186e-01 1.169515090214639669e+06
9.458333333333333037e-01 4.166666666666665186e-01 1.431330901523143752e+06
9.499999999999999556e-01 4.166666666666665186e-01 1.756516212596971774e+06
9.541666666666667185e-01 4.166666666666665186e-01 2.158911497256075032e+06
9.583333333333333703e-01 4.166666666666665186e-01 2.652824666343331803e+06
9.625000000000000222e-01 4.166666666666665186e-01 3.250018663769130595e+06
9.666666666666666741e-01 4.166666666666665186e-01 3.953337764767727349e+06
9.708333333333333259e-01 4.166666666666665186e-01 4.744654220315884799e+06
9.749999999999999778e-01 4.166666666666665186e-01 5.564609079084947705e+06
9.791666666666666297e-01 4.166666666666665186e-01 6.284113431397524662e+06
9.833333333333333925e-01 4.166666666666665186e-01 6.677381148873429745e+06
9.875000000000000444e-01 4.166666666666665186e-01 6.428141730056046508e+06
9.916666666666666963e-01 4.166666666666665186e-01 5.224499079993437976e+06
9.958333333333333481e-01 4.166666666666665186e-01 2.970644181865999009e+06
1.000000000000000000e+00 4.166666666666665186e-01 0.000000000000000000e+00
9.000000000000000222e-01 5.000000000000000000e-01 0.000000000000000000e+00
9.041666666666666741e-01 5.000000000000000000e-01 1.931649221101256844e+05
9.083333333333333259e-01 5.000000000000000000e-01 2.446644077011630870e+05
9.124999999999999778e-01 5.000000000000000000e-01 2.913117597254891880e+05
9.166666666666667407e-01 5.000000000000000000e-01 3.467177828485450591e+05
9.208333333333333925e-01 5.000000000000000000e-01 4.143324873368372791e+05
9.250000000000000444e-01 5.000000000000000000e-01 4.973245397786209360e+05
9.291666666666666963e-01 5.000000000000000000e-01 5.996078133606120246e+05
9.333333333333333481e-01 5.000000000000000000e-01 7.261292141204650979e+05
9.375000000000000000e-01 5.000000000000000000e-01 8.831257279305809643e+05
9.416666666666666519e-01 5.000000000000000000e-01 1.078395526651282795e+06
9.458333333333333037e-01 5.000000000000000000e-01 1.321540372468338115e+06
9.499999999999999556e-01 5.000000000000000000e-01 1.624067858194783330e+06
9.541666666666667185e-01 5.000000000000000000e-01 1.999117216165996157e+06
9.583333333333333703e-01 5.000000000000000000e-01 2.460342090084597003e+06
9.625000000000000222e-01 5.000000000000000000e-01 3.019085540594771970e+06
9.666666666666666741e-01 5.000000000000000000e-01 3.678370571009233594e+06
9.708333333333333259e-01 5.000000000000000000e-01 4.421508207952091470e+06
9.749999999999999778e-01 5.000000000000000000e-01 5.192943966697730124e+06
9.791666666666666297e-01 5.000000000000000000e-01 5.871362079315414652e+06
9.833333333333333925e-01 5.000000000000000000e-01 6.244379912389067933e+06
9.875000000000000444e-01 5.000000000000000000e-01 6.014737233840817586e+06
9.916666666666666963e-01 5.000000000000000000e-01 4.889891502155519091e+06
9.958333333333333481e-01 5.000000000000000000e-01 2.780649274368489627e+06
1.000000000000000000e+00 5.000000000000000000e-01 0.000000000000000000e+00
9.000000000000000222e-01 5.833333333333332593e-01 0.000000000000000000e+00
9.041666666666666741e-01 5.833333333333332593e-01 1.718934695854748425e+05
9.083333333333333259e-01 5.833333333333332593e-01 2.174713789168807853e+05
9.124999999999999778e-01 5.833333333333332593e-01 2.590879533495855576e+05
9.166666666666667407e-01 5.833333333333332593e-01 3.086143439750310499e+05
9.208333333333333925e-01 5.833333333333332593e-01 3.691300843302257708e+05
9.250000000000000444e-01 5.833333333333332593e-01 4.435061801428532926e+05
9.291666666666666963e-01 5.833333333333332593e-01 5.353016042758622207e+05
9.333333333333333481e-01 5.833333333333332593e-01 6.490262813517561881e+05
9.375000000000000000e-01 5.833333333333332593e-01 7.903816355122270761e+05
9.416666666666666519e-01 5.833333333333332593e-01 9.665171953405042877e+05
9.458333333333333037e-01 5.833333333333332593e-01 1.186264579260763945e+06
9.499999999999999556e-01 5.833333333333332593e-01 1.460247073699230328e+06
9.541666666666667185e-01 5.833333333333332593e-01 1.800647320788786281e+06
9.583333333333333703e-01 5.833333333333332593e-01 2.220201477433826309e+06
9.625000000000000222e-01 5.833333333333332593e-01 2.729617732309798244e+06
9.666666666666666741e-01 5.833333333333332593e-01 3.332048464004883077e+06
9.708333333333333259e-01 5.833333333333332593e-01 4.012579655553563964e+06
9.749999999999999778e-01 5.833333333333332593e-01 4.720549662574271671e+06
9.791666666666666297e-01 5.833333333333332593e-01 5.344769180410634726e+06
9.833333333333333925e-01 5.833333333333332593e-01 5.690360287885528058e+06
9.875000000000000444e-01 5.833333333333332593e-01 5.484806347455246374e+06
9.916666666666666963e-01 5.833333333333332593e-01 4.460567232921962626e+06
9.958333333333333481e-01 5.833333333333332593e-01 2.536796300719553139e+06
1.000000000000000000e+00 5.833333333333332593e-01 0.000000000000000000e+00
9.000000000000000222e-01 6.666666666666665186e-01 0.000000000000000000e+00
9.041666666666666741e-01 6.666666666666665186e-01 1.466970590440184169e+05
9.083333333333333259e-01 6.666666666666665186e-01 1.853471551995974442e+05
9.124999999999999778e-01 6.666666666666665186e-01 2.209679117199414177e+05
9.166666666666667407e-01 6.666666666666665186e-01 2.634521148899150430e+05
9.208333333333333925e-01 6.666666666666665186e-01 3.154380389430780197e+05
9.250000000000000444e-01 6.666666666666665186e-01 3.794267862672394840e+05
9.291666666666666963e-01 6.666666666666665186e-01 4.585312893696263782e+05
9.333333333333333481e-01 6.666666666666665186e-01 5.567077903125636512e+05
9.375000000000000000e-01 6.666666666666665186e-01 6.789731335890227929e+05
9.416666666666666519e-01 6.666666666666665186e-01 8.316394563499069773e+05
9.458333333333333037e-01 6.666666666666665186e-01 1.022532732489548274e+06
9.499999999999999556e-01 6.666666666666665186e-01 1.261105789102713577e+06
9.541666666666667185e-01 6.666666666666665186e-01 1.558252985099721700e+06
9.583333333333333703e-01 6.666666666666665186e-01 1.925441583901124075e+06
9.625000000000000222e-01 6.666666666666665186e-01 2.372441966428552289e+06
9.666666666666666741e-01 6.666666666666665186e-01 2.902428582985130139e+06
9.708333333333333259e-01 6.666666666666665186e-01 3.502630354228897952e+06
9.749999999999999778e-01 6.666666666666665186e-01 4.128589449857681058e+06
9.791666666666666297e-01 6.666666666666665186e-01 4.682145413861318491e+06
9.833333333333333925e-01 6.666666666666665186e-01 4.991010977991544642e+06
9.875000000000000444e-01 6.666666666666665186e-01 4.814494253729847260e+06
9.916666666666666963e-01 6.666666666666665186e-01 3.916955875026518945e+06
9.958333333333333481e-01 6.666666666666665186e-01 2.227923055684470106e+06
1.000000000000000000e+00 6.666666666666665186e-01 0.000000000000000000e+00
9.000000000000000222e-01 7.500000000000000000e-01 0.000000000000000000e+00
9.041666666666666741e-01 7.500000000000000000e-01 1.172810661883202993e+05
9.083333333333333259e-01 7.500000000000000000e-01 1.479568801417718932e+05
9.124999999999999778e-01 7.500000000000000000e-01 1.765294507722737035e+05
9.166666666666667407e-01 7.500000000000000000e-01 2.106907865054161230e+05
9.208333333333333925e-01 7.500000000000000000e-01 2.525601933352643973e+05
9.250000000000000444e-01 7.500000000000000000e-01 3.041838483916526893e+05
9.291666666666666963e-01 7.500000000000000000e-01 3.681197316147576785e+05
9.333333333333333481e-01 7.500000000000000000e-01 4.476293744738908135e+05
9.375000000000000000e-01 7.500000000000000000e-01 5.468628527630137978e+05
9.416666666666666519e-01 7.500000000000000000e-01 6.710612482769736089e+05
9.458333333333333037e-01 7.500000000000000000e-01 8.267493615248017013e+05
9.499999999999999556e-01 7.500000000000000000e-01 1.021844992320989142e+06
9.541666666666667185e-01 7.500000000000000000e-01 1.265524032320993021e+06
9.583333333333333703e-01 7.500000000000000000e-01 1.567518106735775480e+06
9.625000000000000222e-01 7.500000000000000000e-01 1.936239407418589108e+06
9.666666666666666741e-01 7.500000000000000000e-01 2.374695342240820173e+06
9.708333333333333259e-01 7.500000000000000000e-01 2.872656888271111529e+06
9.749999999999999778e-01 7.500000000000000000e-01 3.393457281574436463e+06
9.791666666666666297e-01 7.500000000000000000e-01 3.855566877496317495e+06
9.833333333333333925e-01 7.500000000000000000e-01 4.115640224455806427e+06
9.875000000000000444e-01 7.500000000000000000e-01 3.973624041672750376e+06
9.916666666666666963e-01 7.500000000000000000e-01 3.234275689072834793e+06
9.958333333333333481e-01 7.500000000000000000e-01 1.839890576461311197e+06
1.000000000000000000e+00 7.500000000000000000e-01 0.000000000000000000e+00
9.000000000000000222e-01 8.333333333333332593e-01 0.000000000000000000e+00
9.041666666666666741e-01 8.333333333333332593e-01 8.330127404574942193e+04
9.083333333333333259e-01 8.333333333333332593e-01 1.049112097292455437e+05
9.124999999999999778e-01 8.333333333333332593e-01 1.252804936622793903e+05
9.166666666666667407e-01 8.333333333333332593e-01 1.496991965654384403e+05
9.208333333333333925e-01 8.333333333333332593e-01 1.796813635790240951e+05
9.250000000000000444e-01 8.333333333333332593e-01 2.167177243333055230e+05
9.291666666666666963e-01 8.333333333333332593e-01 2.626807573543892358e+05
9.333333333333333481e-01 8.333333333333332593e-01 3.199664619473763742e+05
9.375000000000000000e-01 8.333333333333332593e-01 3.916350560373573680e+05
9.416666666666666519e-01 8.333333333333332593e-01 4.815671022455938510e+05
9.458333333333333037e-01 8.333333333333332593e-01 5.946154917942726752e+05
9.499999999999999556e-01 8.333333333333332593e-01 7.366992384641472017e+05
9.541666666666667185e-01 8.333333333333332593e-01 9.147195925096230349e+05
9.583333333333333703e-01 8.333333333333332593e-01 1.136056177298112307e+06
9.625000000000000222e-01 8.333333333333332593e-01 1.407187071832542541e+06
9.666666666666666741e-01 8.333333333333332593e-01 1.730649457515398040e+06
9.708333333333333259e-01 8.333333333333332593e-01 2.099182107454300392e+06
9.749999999999999778e-01 8.333333333333332593e-01 2.485835596621171106e+06
9.791666666666666297e-01 8.333333333333332593e-01 2.830196968477242161e+06
9.833333333333333925e-01 8.333333333333332593e-01 3.025827146126698237e+06
9.875000000000000444e-01 8.333333333333332593e-01 2.924336597424184904e+06
9.916666666666666963e-01 8.333333333333332593e-01 2.381402943197709043e+06
9.958333333333333481e-01 8.333333333333332593e-01 1.354935644503433257e+06
1.000000000000000000e+00 8.333333333333332593e-01 0.000000000000000000e+00
9.000000000000000222e-01 9.166666666666665186e-01 0.000000000000000000e+00
9.041666666666666741e-01 9.166666666666665186e-01 4.435973798786787665e+04
9.083333333333333259e-01 9.166666666666665186e-01 5.576242966921121842e+04
9.124999999999999778e-01 9.166666666666665186e-01 6.665365552896504232e+04
9.166666666666667407e-01 9.166666666666665186e-01 7.974780532917690289e+04
9.208333333333333925e-01 9.166666666666665186e-01 9.585680410431792552e+04
9.250000000000000444e-01 9.166666666666665186e-01 1.157967603387630661e+05
9.291666666666666963e-01 9.166666666666665186e-01 1.405979619201306195e+05
9.333333333333333481e-01 9.166666666666665186e-01 1.715838327243750391e+05
9.375000000000000000e-01 9.166666666666665186e-01 2.104515667314738093e+05
9.416666666666666519e-01 9.166666666666665186e-01 2.593628860824774019e+05
9.458333333333333037e-01 9.166666666666665186e-01 3.210344157652000431e+05
9.499999999999999556e-01 9.166666666666665186e-01 3.987979241654985235e+05
9.541666666666667185e-01 9.166666666666665186e-01 4.965636364381901221e+05
9.583333333333333703e-01 9.166666666666665186e-01 6.185498638066969579e+05
9.625000000000000222e-01 9.166666666666665186e-01 7.685199520937922643e+05
9.666666666666666741e-01 9.166666666666665186e-01 9.480803068091983441e+05
9.708333333333333259e-01 9.166666666666665186e-01 1.153379808705023024e+06
9.749999999999999778e-01 9.166666666666665186e-01 1.369525131068914197e+06
9.791666666666666297e-01 9.166666666666665186e-01 1.562816502818858949e+06
9.833333333333333925e-01 9.166666666666665186e-01 1.673733274549385067e+06
9.875000000000000444e-01 9.166666666666665186e-01 1.619384083686020691e+06
9.916666666666666963e-01 9.166666666666665186e-01 1.319451815096794628e+06
9.958333333333333481e-01 9.166666666666665186e-01 7.508572858276414918e+05
1.000000000000000000e+00 9.166666666666665186e-01 0.000000000000000000e+00
9.000000000000000222e-01 1.000000000000000000e+00 0.000000000000000000e+00
9.041666666666666741e-01 1.000000000000000000e+00 0.000000000000000000e+00
9.083333333333333259e-01 1.000000000000000000e+00 0.000000000000000000e+00
9.124999999999999778e-01 1.000000000000000000e+00 0.000000000000000000e+00
9.166666666666667407e-01 1.000000000000000000e+00 0.000000000000000000e+00
9.208333333333333925e-01 1.000000000000000000e+00 0.000000000000000000e+00
9.250000000000000444e-01 1.000000000000000000e+00 0.000000000000000000e+00
9.291666666666666963e-01 1.000000000000000000e+00 0.000000000000000000e+00
9.333333333333333481e-01 1.000000000000000000e+00 0.000000000000000000e+00
9.375000000000000000e-01 1.000000000000000000e+00 0.000000000000000000e+00
9.416666666666666519e-01 1.000000000000000000e+00 0.000000000000000000e+00
9.458333333333333037e-01 1.000000000000000000e+00 0.000000000000000000e+00
9.499999999999999556e-01 1.000000000000000000e+00 0.000000000000000000e+00
9.541666666666667185e-01 1.000000000000000000e+00 0.000000000000000000e+00
9.583333333333333703e-01 1.000000000000000000e+00 0.000000000000000000e+00
9.625000000000000222e-01 1.000000000000000000e+00 0.000000000000000000e+00
9.666666666666666741e-01 1.000000000000000000e+00 0.000000000000000000e+00
9.708333333333333259e-01 1.000000000000000000e+00 0.000000000000000000e+00
9.749999999999999778e-01 1.000000000000000000e+00 0.000000000000000000e+00
9.791666666666666297e-01 1.000000000000000000e+00 0.000000000000000000e+00
9.833333333333333925e-01 1.000000000000000000e+00 0.000000000000000000e+00
9.875000000000000444e-01 1.000000000000000000e+00 0.000000000000000000e+00
9.916666666666666963e-01 1.000000000000000000e+00 0.000000000000000000e+00
9.958333333333333481e-01 1.000000000000000000e+00 0.000000000000000000e+00
1.000000000000000000e+00 1.000000000000000000e+00 0.000000000000000000e+00
