9.000000000000000222e-01 -1.000000000000000000e+00 0.000000000000000000e+00
9.041666666666666741e-01 -1.000000000000000000e+00 0.000000000000000000e+00
9.083333333333333259e-01 -1.000000000000000000e+00 0.000000000000000000e+00
9.124999999999999778e-01 -1.000000000000000000e+00 0.000000000000000000e+00
9.166666666666667407e-01 -1.000000000000000000e+00 0.000000000000000000e+00
9.208333333333333925e-01 -1.000000000000000000e+00 0.000000000000000000e+00
9.250000000000000444e-01 -1.000000000000000000e+00 0.000000000000000000e+00
9.291666666666666963e-01 -1.000000000000000000e+00 0.000000000000000000e+00
9.333333333333333481e-01 -1.000000000000000000e+00 0.000000000000000000e+00
9.375000000000000000e-01 -1.000000000000000000e+00 0.000000000000000000e+00
9.416666666666666519e-01 -1.000000000000000000e+00 0.000000000000000000e+00
9.458333333333333037e-01 -1.000000000000000000e+00 0.000000000000000000e+00
9.499999999999999556e-01 -1.000000000000000000e+00 0.000000000000000000e+00
9.541666666666667185e-01 -1.000000000000000000e+00 0.000000000000000000e+00
9.583333333333333703e-01 -1.000000000000000000e+00 0.000000000000000000e+00
9.625000000000000222e-01 -1.000000000000000000e+00 0.000000000000000000e+00
9.666666666666666741e-01 -1.000000000000000000e+00 0.000000000000000000e+00
9.708333333333333259e-01 -1.000000000000000000e+00 0.000000000000000000e+00
9.749999999999999778e-01 -1.000000000000000000e+00 0.000000000000000000e+00
9.791666666666666297e-01 -1.000000000000000000e+00 0.000000000000000000e+00
9.833333333333333925e-01 -1.000000000000000000e+00 0.000000000000000000e+00
9.875000000000000444e-01 -1.000000000000000000e+00 0.000000000000000000e+00
9.916666666666666963e-01 -1.000000000000000000e+00 0.000000000000000000e+00
9.958333333333333481e-01 -1.000000000000000000e+00 0.000000000000000000e+00
1.000000000000000000e+00 -1.000000000000000000e+00 0.000000000000000000e+00
9.000000000000000222e-01 -9.166666666666666297e-01 0.000000000000000000e+00
9.041666666666666741e-01 -9.166666666666666297e-01 4.438599261495959321e-04
9.083333333333333259e-01 -9.166666666666666297e-01 5.580392368925286796e-04
9.124999999999999778e-01 -9.166666666666666297e-01 6.671295094635735709e-04
9.166666666666667407e-01 -9.166666666666666297e-01 7.983270306059623601e-04
9.208333333333333925e-01 -9.166666666666666297e-01 9.597949422167393425e-04
9.250000000000000444e-01 -9.166666666666666297e-01 1.159758566546027206e-03
9.291666666666666963e-01 -9.166666666666666297e-01 1.408620895273189752e-03
9.333333333333333481e-01 -9.166666666666666297e-01 1.719773926487249294e-03
9.375000000000000000e-01 -9.166666666666666297e-01 2.110439686971354346e-03
9.416666666666666519e-01 -9.166666666666666297e-01 2.602633114694048559e-03
9.458333333333333037e-01 -9.166666666666666297e-01 3.224152419126943316e-03
9.499999999999999556e-01 -9.166666666666666297e-01 4.009312210520365148e-03
9.541666666666667185e-01 -9.166666666666666297e-01 4.998759933008934189e-03
9.583333333333333703e-01 -9.166666666666666297e-01 6.236990548316161988e-03
9.625000000000000222e-01 -9.166666666666666297e-01 7.764868361790190979e-03
9.666666666666666741e-01 -9.166666666666666297e-01 9.602381215813752396e-03
9.708333333333333259e-01 -9.166666666666666297e-01 1.171429580542190756e-02
9.749999999999999778e-01 -9.166666666666666297e-01 1.395058375201502568e-02
9.791666666666666297e-01 -9.166666666666666297e-01 1.596164778129111755e-02
9.833333333333333925e-01 -9.166666666666666297e-01 1.712048636519994740e-02
9.875000000000000444e-01 -9.166666666666666297e-01 1.655221434621029220e-02
9.916666666666666963e-01 -9.166666666666666297e-01 1.343133860901360097e-02
9.958333333333333481e-01 -9.166666666666666297e-01 7.584601360405186440e-03
1.000000000000000000e+00 -9.166666666666666297e-01 0.000000000000000000e+00
9.000000000000000222e-01 -8.333333333333333703e-01 0.000000000000000000e+00
9.041666666666666741e-01 -8.333333333333333703e-01 8.339391117078278964e-04
9.083333333333333259e-01 -8.333333333333333703e-01 1.050581925495750434e-03
9.124999999999999778e-01 -8.333333333333333703e-01 1.254901570726353220e-03
9.166666666666667407e-01 -8.333333333333333703e-01 1.499986671170552757e-03
9.208333333333333925e-01 -8.333333333333333703e-01 1.801129990414013660e-03
9.250000000000000444e-01 -8.333333333333333703e-01 2.173459880752334327e-03
9.291666666666666963e-01 -8.333333333333333703e-01 2.636044134504645416e-03
9.333333333333333481e-01 -8.333333333333333703e-01 3.213380943634205553e-03
9.375000000000000000e-01 -8.333333333333333703e-01 3.936921856818900896e-03
9.416666666666666519e-01 -8.333333333333333703e-01 4.846817031341213271e-03
9.458333333333333037e-01 -8.333333333333333703e-01 5.993721776247728020e-03
9.499999999999999556e-01 -8.333333333333333703e-01 7.440165014544070261e-03
9.541666666666667185e-01 -8.333333333333333703e-01 9.260310979506459345e-03
9.583333333333333703e-01 -8.333333333333333703e-01 1.153563169862427233e-02
9.625000000000000222e-01 -8.333333333333333703e-01 1.434159555753962249e-02
9.666666666666666741e-01 -8.333333333333333703e-01 1.771651028475909953e-02
9.708333333333333259e-01 -8.333333333333333703e-01 2.159850743279001506e-02
9.749999999999999778e-01 -8.333333333333333703e-01 2.571426974437339766e-02
9.791666666666666297e-01 -8.333333333333333703e-01 2.941746642919710122e-02
9.833333333333333925e-01 -8.333333333333333703e-01 3.153725392718800119e-02
9.875000000000000444e-01 -8.333333333333333703e-01 3.043607525992818655e-02
9.916666666666666963e-01 -8.333333333333333703e-01 2.459825542626817990e-02
9.958333333333333481e-01 -8.333333333333333703e-01 1.379922178855364813e-02
1.000000000000000000e+00 -8.333333333333333703e-01 0.000000000000000000e+00
9.000000000000000222e-01 -7.500000000000000000e-01 0.000000000000000000e+00
9.041666666666666741e-01 -7.500000000000000000e-01 1.174647874097112634e-03
9.083333333333333259e-01 -7.500000000000000000e-01 1.482494126479369945e-03
9.124999999999999778e-01 -7.500000000000000000e-01 1.769460560732774709e-03
9.166666666666667407e-01 -7.500000000000000000e-01 2.112845381398322127e-03
9.208333333333333925e-01 -7.500000000000000000e-01 2.534139170882692034e-03
9.250000000000000444e-01 -7.500000000000000000e-01 3.054232092029940566e-03
9.291666666666666963e-01 -7.500000000000000000e-01 3.699365961698777936e-03
9.333333333333333481e-01 -7.500000000000000000e-01 4.503190698252103503e-03
9.375000000000000000e-01 -7.500000000000000000e-01 5.508833035047668199e-03
9.416666666666666519e-01 -7.500000000000000000e-01 6.771266527588603625e-03
9.458333333333333037e-01 -7.500000000000000000e-01 8.359774232294270996e-03
9.499999999999999556e-01 -7.500000000000000000e-01 1.035984166292387189e-02
9.541666666666667185e-01 -7.500000000000000000e-01 1.287291791801207889e-02
9.583333333333333703e-01 -7.500000000000000000e-01 1.601069765802464254e-02
9.625000000000000222e-01 -7.500000000000000000e-01 1.987724660400509019e-02
9.666666666666666741e-01 -7.500000000000000000e-01 2.452668607397266720e-02
9.708333333333333259e-01 -7.500000000000000000e-01 2.987655667858159572e-02
9.749999999999999778e-01 -7.500000000000000000e-01 3.555263315970519367e-02
9.791666666666666297e-01 -7.500000000000000000e-01 4.065990859551998904e-02
9.833333333333333925e-01 -7.500000000000000000e-01 4.356415253514631103e-02
9.875000000000000444e-01 -7.500000000000000000e-01 4.197556182536728991e-02
9.916666666666666963e-01 -7.500000000000000000e-01 3.380886136506393302e-02
9.958333333333333481e-01 -7.500000000000000000e-01 1.886310051182109315e-02
1.000000000000000000e+00 -7.500000000000000000e-01 0.000000000000000000e+00
9.000000000000000222e-01 -6.666666666666667407e-01 0.000000000000000000e+00
9.041666666666666741e-01 -6.666666666666667407e-01 1.469846256112777600e-03
9.083333333333333259e-01 -6.666666666666667407e-01 1.858064800290248984e-03
9.124999999999999778e-01 -6.666666666666667407e-01 2.216211014504019128e-03
9.166666666666667407e-01 -6.666666666666667407e-01 2.643812143504579038e-03
9.208333333333333925e-01 -6.666666666666667407e-01 3.167710301675611805e-03
9.250000000000000444e-01 -6.666666666666667407e-01 3.813573069722144947e-03
9.291666666666666963e-01 -6.666666666666667407e-01 4.613540591556222585e-03
9.333333333333333481e-01 -6.666666666666667407e-01 5.608749221171209498e-03
9.375000000000000000e-01 -6.666666666666667407e-01 6.851831502741077135e-03
9.416666666666666519e-01 -6.666666666666667407e-01 8.409777007713666735e-03
9.458333333333333037e-01 -6.666666666666667407e-01 1.036691093902927796e-02
9.499999999999999556e-01 -6.666666666666667407e-01 1.282720357123197548e-02
9.541666666666667185e-01 -6.666666666666667407e-01 1.591404455512581209e-02
9.583333333333333703e-01 -6.666666666666667407e-01 1.976345676712984098e-02
9.625000000000000222e-01 -6.666666666666667407e-01 2.450264580962462427e-02
9.666666666666666741e-01 -6.666666666666667407e-01 3.019878520308935319e-02
9.708333333333333259e-01 -6.666666666666667407e-01 3.675315188083001783e-02
9.749999999999999778e-01 -6.666666666666667407e-01 4.370932615014425093e-02
9.791666666666666297e-01 -6.666666666666667407e-01 4.996642486653427029e-02
9.833333333333333925e-01 -6.666666666666667407e-01 5.350178576539951769e-02
9.875000000000000444e-01 -6.666666666666667407e-01 5.147741392809468408e-02
9.916666666666666963e-01 -6.666666666666667407e-01 4.134348312083981070e-02
9.958333333333333481e-01 -6.666666666666667407e-01 2.296398544301892289e-02
1.000000000000000000e+00 -6.666666666666667407e-01 0.000000000000000000e+00
9.000000000000000222e-01 -5.833333333333333703e-01 0.000000000000000000e+00
9.041666666666666741e-01 -5.833333333333333703e-01 1.722884530532980225e-03
9.083333333333333259e-01 -5.833333333333333703e-01 2.181040271173789995e-03
9.124999999999999778e-01 -5.833333333333333703e-01 2.599864670690433220e-03
9.166666666666667407e-01 -5.833333333333333703e-01 3.098901559908055076e-03
9.208333333333333925e-01 -5.833333333333333703e-01 3.709569636780268506e-03
9.250000000000000444e-01 -5.833333333333333703e-01 4.461463886296888892e-03
9.291666666666666963e-01 -5.833333333333333703e-01 5.391531847266190988e-03
9.333333333333333481e-01 -5.833333333333333703e-01 6.546980020845605611e-03
9.375000000000000000e-01 -5.833333333333333703e-01 7.988110268414163814e-03
9.416666666666666519e-01 -5.833333333333333703e-01 9.791560155372736746e-03
9.458333333333333037e-01 -5.833333333333333703e-01 1.205367893982214889e-02
9.499999999999999556e-01 -5.833333333333333703e-01 1.489315683444775336e-02
9.541666666666667185e-01 -5.833333333333333703e-01 1.845080739047764637e-02
9.583333333333333703e-01 -5.833333333333333703e-01 2.288194955367882366e-02
9.625000000000000222e-01 -5.833333333333333703e-01 2.833215605129939599e-02
9.666666666666666741e-01 -5.833333333333333703e-01 3.487898955861394590e-02
9.708333333333333259e-01 -5.833333333333333703e-01 4.241067209872442789e-02
9.749999999999999778e-01 -5.833333333333333703e-01 5.040427372547240381e-02
9.791666666666666297e-01 -5.833333333333333703e-01 5.759060435350074614e-02
9.833333333333333925e-01 -5.833333333333333703e-01 6.162655096680923206e-02
9.875000000000000444e-01 -5.833333333333333703e-01 5.922102600477086032e-02
9.916666666666666963e-01 -5.833333333333333703e-01 4.744974908119839463e-02
9.958333333333333481e-01 -5.833333333333333703e-01 2.626004182124142342e-02
1.000000000000000000e+00 -5.833333333333333703e-01 0.000000000000000000e+00
9.000000000000000222e-01 -5.000000000000000000e-01 0.000000000000000000e+00
9.041666666666666741e-01 -5.000000000000000000e-01 1.936638705765515766e-03
9.083333333333333259e-01 -5.000000000000000000e-01 2.454654906679130770e-03
9.124999999999999778e-01 -5.000000000000000000e-01 2.924482277254032616e-03
9.166666666666667407e-01 -5.000000000000000000e-01 3.483290083190304035e-03
9.208333333333333925e-01 -5.000000000000000000e-01 4.166357602430644305e-03
9.250000000000000444e-01 -5.000000000000000000e-01 5.006470939647021494e-03
9.291666666666666963e-01 -5.000000000000000000e-01 6.044450735819117265e-03
9.333333333333333481e-01 -5.000000000000000000e-01 7.332368687582802892e-03
9.375000000000000000e-01 -5.000000000000000000e-01 8.936642693766790393e-03
9.416666666666666519e-01 -5.000000000000000000e-01 1.094156580336495301e-02
9.458333333333333037e-01 -5.000000000000000000e-01 1.345298211522164521e-02
9.499999999999999556e-01 -5.000000000000000000e-01 1.660115419393306743e-02
9.541666666666667185e-01 -5.000000000000000000e-01 2.054054233381969602e-02
9.583333333333333703e-01 -5.000000000000000000e-01 2.544153437457870662e-02
9.625000000000000222e-01 -5.000000000000000000e-01 3.146400927308611040e-02
9.666666666666666741e-01 -5.000000000000000000e-01 3.869354177002782419e-02
9.708333333333333259e-01 -5.000000000000000000e-01 4.700779747701116368e-02
9.749999999999999778e-01 -5.000000000000000000e-01 5.583054977122092061e-02
9.791666666666666297e-01 -5.000000000000000000e-01 6.375697914006021871e-02
9.833333333333333925e-01 -5.000000000000000000e-01 6.818405991460657622e-02
9.875000000000000444e-01 -5.000000000000000000e-01 6.545273520416064472e-02
9.916666666666666963e-01 -5.000000000000000000e-01 5.234082168791308332e-02
9.958333333333333481e-01 -5.000000000000000000e-01 2.888243367068186671e-02
1.000000000000000000e+00 -5.000000000000000000e-01 0.000000000000000000e+00
9.000000000000000222e-01 -4.166666666666667407e-01 0.000000000000000000e+00
9.041666666666666741e-01 -4.166666666666667407e-01 2.113541262382609160e-03
9.083333333333333259e-01 -4.166666666666667407e-01 2.681658036070927020e-03
9.124999999999999778e-01 -4.166666666666667407e-01 3.193510210795937661e-03
9.166666666666667407e-01 -4.166666666666667407e-01 3.801365377329588707e-03
9.208333333333333925e-01 -4.166666666666667407e-01 4.543695486118493054e-03
9.250000000000000444e-01 -4.166666666666667407e-01 5.455836266949669333e-03
9.291666666666666963e-01 -4.166666666666667407e-01 6.581677863549065775e-03
9.333333333333333481e-01 -4.166666666666667407e-01 7.977128594967545713e-03
9.375000000000000000e-01 -4.166666666666667407e-01 9.713405754293715638e-03
9.416666666666666519e-01 -4.166666666666667407e-01 1.188077994234736263e-02
9.458333333333333037e-01 -4.166666666666667407e-01 1.459247245566590127e-02
9.499999999999999556e-01 -4.166666666666667407e-01 1.798769476682655216e-02
9.541666666666667185e-01 -4.166666666666667407e-01 2.223141423202852976e-02
9.583333333333333703e-01 -4.166666666666667407e-01 2.750557380119749221e-02
9.625000000000000222e-01 -4.166666666666667407e-01 3.398096859840368106e-02
9.666666666666666741e-01 -4.166666666666667407e-01 4.174916961807620397e-02
9.708333333333333259e-01 -4.166666666666667407e-01 5.067934198015565384e-02
9.749999999999999778e-01 -4.166666666666667407e-01 6.015318425325450608e-02
9.791666666666666297e-01 -4.166666666666667407e-01 6.865856112779079867e-02
9.833333333333333925e-01 -4.166666666666667407e-01 7.338587014517052032e-02
9.875000000000000444e-01 -4.166666666666667407e-01 7.038333759900300413e-02
9.916666666666666963e-01 -4.166666666666667407e-01 5.619570757893103258e-02
9.958333333333333481e-01 -4.166666666666667407e-01 3.093812434890463522e-02
1.000000000000000000e+00 -4.166666666666667407e-01 0.000000000000000000e+00
9.000000000000000222e-01 -3.333333333333333703e-01 0.000000000000000000e+00
9.041666666666666741e-01 -3.333333333333333703e-01 2.255607334206990826e-03
9.083333333333333259e-01 -3.333333333333333703e-01 2.864337148005954500e-03
9.124999999999999778e-01 -3.333333333333333703e-01 3.409811983531762548e-03
9.166666666666667407e-01 -3.333333333333333703e-01 4.056768856187166830e-03
9.208333333333333925e-01 -3.333333333333333703e-01 4.846243041013571957e-03
9.250000000000000444e-01 -3.333333333333333703e-01 5.815555810933440220e-03
9.291666666666666963e-01 -3.333333333333333703e-01 7.010970010690223929e-03
9.333333333333333481e-01 -3.333333333333333703e-01 8.491346095161292351e-03
9.375000000000000000e-01 -3.333333333333333703e-01 1.033157747195393751e-02
9.416666666666666519e-01 -3.333333333333333703e-01 1.262649174194668475e-02
9.458333333333333037e-01 -3.333333333333333703e-01 1.549490745634702488e-02
9.499999999999999556e-01 -3.333333333333333703e-01 1.908279393970140417e-02
9.541666666666667185e-01 -3.333333333333333703e-01 2.356301690751945802e-02
9.583333333333333703e-01 -3.333333333333333703e-01 2.912616545225768863e-02
9.625000000000000222e-01 -3.333333333333333703e-01 3.595115116977991299e-02
9.666666666666666741e-01 -3.333333333333333703e-01 4.413389074396885381e-02
9.708333333333333259e-01 -3.333333333333333703e-01 5.353683216516656740e-02
9.749999999999999778e-01 -3.333333333333333703e-01 6.350923882905215589e-02
9.791666666666666297e-01 -3.333333333333333703e-01 7.245624040957918122e-02
9.833333333333333925e-01 -3.333333333333333703e-01 7.740849799665880382e-02
9.875000000000000444e-01 -3.333333333333333703e-01 7.418775778094692519e-02
9.916666666666666963e-01 -3.333333333333333703e-01 5.916077666855409228e-02
9.958333333333333481e-01 -3.333333333333333703e-01 3.251259544435652210e-02
1.000000000000000000e+00 -3.333333333333333703e-01 0.000000000000000000e+00
9.000000000000000222e-01 -2.500000000000000000e-01 0.000000000000000000e+00
9.041666666666666741e-01 -2.500000000000000000e-01 2.364456524429739241e-03
9.083333333333333259e-01 -2.500000000000000000e-01 3.004537412568516076e-03
9.124999999999999778e-01 -2.500000000000000000e-01 3.575694720074840387e-03
9.166666666666667407e-01 -2.500000000000000000e-01 4.252431473442219549e-03
9.208333333333333925e-01 -2.500000000000000000e-01 5.077747035181087720e-03
9.250000000000000444e-01 -2.500000000000000000e-01 6.090445543786989283e-03
9.291666666666666963e-01 -2.500000000000000000e-01 7.338550479614049972e-03
9.333333333333333481e-01 -2.500000000000000000e-01 8.883104197040588013e-03
9.375000000000000000e-01 -2.500000000000000000e-01 1.080170621807023841e-02
9.416666666666666519e-01 -2.500000000000000000e-01 1.319252469639581662e-02
9.458333333333333037e-01 -2.500000000000000000e-01 1.617846368357849993e-02
9.499999999999999556e-01 -2.500000000000000000e-01 1.991040377349412652e-02
9.541666666666667185e-01 -2.500000000000000000e-01 2.456692590532221290e-02
9.583333333333333703e-01 -2.500000000000000000e-01 3.034484656603088359e-02
9.625000000000000222e-01 -2.500000000000000000e-01 3.742888388977445857e-02
9.666666666666666741e-01 -2.500000000000000000e-01 4.591797669276590638e-02
9.708333333333333259e-01 -2.500000000000000000e-01 5.566947233696224739e-02
9.749999999999999778e-01 -2.500000000000000000e-01 6.600861036432510709e-02
9.791666666666666297e-01 -2.500000000000000000e-01 7.527931131678508581e-02
9.833333333333333925e-01 -2.500000000000000000e-01 8.039383395759083784e-02
9.875000000000000444e-01 -2.500000000000000000e-01 7.700598138852964014e-02
9.916666666666666963e-01 -2.500000000000000000e-01 6.135183370845687101e-02
9.958333333333333481e-01 -2.500000000000000000e-01 3.367229685772515912e-02
1.000000000000000000e+00 -2.500000000000000000e-01 0.000000000000000000e+00
9.000000000000000222e-01 -1.666666666666667407e-01 0.000000000000000000e+00
9.041666666666666741e-01 -1.666666666666667407e-01 2.441330522915869695e-03
9.083333333333333259e-01 -1.666666666666667407e-01 3.103677575564350952e-03
9.124999999999999778e-01 -1.666666666666667407e-01 3.692930686679331536e-03
9.166666666666667407e-01 -1.666666666666667407e-01 4.390602849582317217e-03
9.208333333333333925e-01 -1.666666666666667407e-01 5.241080812405322226e-03
9.250000000000000444e-01 -1.666666666666667407e-01 6.284195445202061213e-03
9.291666666666666963e-01 -1.666666666666667407e-01 7.569183032440146217e-03
9.333333333333333481e-01 -1.666666666666667407e-01 9.158584132922331991e-03
9.375000000000000000e-01 -1.666666666666667407e-01 1.113185042244106346e-02
9.416666666666666519e-01 -1.666666666666667407e-01 1.358942865613227587e-02
9.458333333333333037e-01 -1.666666666666667407e-01 1.665699975091248022e-02
9.499999999999999556e-01 -1.666666666666667407e-01 2.048877032568675871e-02
9.541666666666667185e-01 -1.666666666666667407e-01 2.526717742438731526e-02
9.583333333333333703e-01 -1.666666666666667407e-01 3.119322202896228011e-02
9.625000000000000222e-01 -1.666666666666667407e-01 3.845549983815371026e-02
9.666666666666666741e-01 -1.666666666666667407e-01 4.715491413655646669e-02
9.708333333333333259e-01 -1.666666666666667407e-01 5.714522673332161212e-02
9.749999999999999778e-01 -1.666666666666667407e-01 6.773514819860243508e-02
9.791666666666666297e-01 -1.666666666666667407e-01 7.722655206760938029e-02
9.833333333333333925e-01 -1.666666666666667407e-01 8.245026766621152414e-02
9.875000000000000444e-01 -1.666666666666667407e-01 7.894456674464161994e-02
9.916666666666666963e-01 -1.666666666666667407e-01 6.285627480353313257e-02
9.958333333333333481e-01 -1.666666666666667407e-01 3.446671980132264695e-02
1.000000000000000000e+00 -1.666666666666667407e-01 0.000000000000000000e+00
9.000000000000000222e-01 -8.333333333333337034e-02 0.000000000000000000e+00
9.041666666666666741e-01 -8.333333333333337034e-02 2.487106662354303995e-03
9.083333333333333259e-01 -8.333333333333337034e-02 3.162762268657771329e-03
9.124999999999999778e-01 -8.333333333333337034e-02 3.762773948417585859e-03
9.166666666666667407e-01 -8.333333333333337034e-02 4.472873821438631131e-03
9.208333333333333925e-01 -8.333333333333337034e-02 5.338274946774555080e-03
9.250000000000000444e-01 -8.333333333333337034e-02 6.399411381924639299e-03
9.291666666666666963e-01 -8.333333333333337034e-02 7.706229359316506440e-03
9.333333333333333481e-01 -8.333333333333337034e-02 9.322144498047245029e-03
9.375000000000000000e-01 -8.333333333333337034e-02 1.132768780706679308e-02
9.416666666666666519e-01 -8.333333333333337034e-02 1.382463068342229540e-02
9.458333333333333037e-01 -8.333333333333337034e-02 1.694026426494575285e-02
9.499999999999999556e-01 -8.333333333333337034e-02 2.083071878546491340e-02
9.541666666666667185e-01 -8.333333333333337034e-02 2.568065541142076566e-02
9.583333333333333703e-01 -8.333333333333337034e-02 3.169348128179146074e-02
9.625000000000000222e-01 -8.333333333333337034e-02 3.906001119569506297e-02
9.666666666666666741e-01 -8.333333333333337034e-02 4.788224900199104100e-02
9.708333333333333259e-01 -8.333333333333337034e-02 5.801182614118086112e-02
9.749999999999999778e-01 -8.333333333333337034e-02 6.874778434756276257e-02
9.791666666666666297e-01 -8.333333333333337034e-02 7.836743545549552936e-02
9.833333333333333925e-01 -8.333333333333337034e-02 8.365401138321934549e-02
9.875000000000000444e-01 -8.333333333333337034e-02 8.007824196589247157e-02
9.916666666666666963e-01 -8.333333333333337034e-02 6.373501290464760050e-02
9.958333333333333481e-01 -8.333333333333337034e-02 3.493003573453870581e-02
1.000000000000000000e+00 -8.333333333333337034e-02 0.000000000000000000e+00
9.000000000000000222e-01 0.000000000000000000e+00 0.000000000000000000e+00
9.041666666666666741e-01 0.000000000000000000e+00 2.502307522725349172e-03
9.083333333333333259e-01 0.000000000000000000e+00 3.182390773580073481e-03
9.124999999999999778e-01 0.000000000000000000e+00 3.785972218602733867e-03
9.166666666666667407e-01 0.000000000000000000e+00 4.500192489458735776e-03
9.208333333333333925e-01 0.000000000000000000e+00 5.370539071361221314e-03
9.250000000000000444e-01 0.000000000000000000e+00 6.437644955598790381e-03
9.291666666666666963e-01 0.000000000000000000e+00 7.751690086486615928e-03
9.333333333333333481e-01 0.000000000000000000e+00 9.376377818561215313e-03
9.375000000000000000e-01 0.000000000000000000e+00 1.139259364777863923e-02
9.416666666666666519e-01 0.000000000000000000e+00 1.390254348101636027e-02
9.458333333333333037e-01 0.000000000000000000e+00 1.703404594536732028e-02
9.499999999999999556e-01 0.000000000000000000e+00 2.094386056284918210e-02
9.541666666666667185e-01 0.000000000000000000e+00 2.581737504871707903e-02
9.583333333333333703e-01 0.000000000000000000e+00 3.185878127006953886e-02
9.625000000000000222e-01 0.000000000000000000e+00 3.925961588651021017e-02
9.666666666666666741e-01 0.000000000000000000e+00 4.812223655612357653e-02
9.708333333333333259e-01 0.000000000000000000e+00 5.829756789669906375e-02
9.749999999999999778e-01 0.000000000000000000e+00 6.908146974777601423e-02
9.791666666666666297e-01 0.000000000000000000e+00 7.874317745443458472e-02
9.833333333333333925e-01 0.000000000000000000e+00 8.405026732666620592e-02
9.875000000000000444e-01 0.000000000000000000e+00 8.045125174445548477e-02
9.916666666666666963e-01 0.000000000000000000e+00 6.402396973551389980e-02
9.958333333333333481e-01 0.000000000000000000e+00 3.508227503939895936e-02
1.000000000000000000e+00 0.000000000000000000e+00 0.000000000000000000e+00
9.000000000000000222e-01 8.333333333333325932e-02 0.000000000000000000e+00
9.041666666666666741e-01 8.333333333333325932e-02 2.487106662354774973e-03
9.083333333333333259e-01 8.333333333333325932e-02 3.162762268657956944e-03
9.124999999999999778e-01 8.333333333333325932e-02 3.762773948417898109e-03
9.166666666666667407e-01 8.333333333333325932e-02 4.472873821438367453e-03
9.208333333333333925e-01 8.333333333333325932e-02 5.338274946774555080e-03
9.250000000000000444e-01 8.333333333333325932e-02 6.399411381924269802e-03
9.291666666666666963e-01 8.333333333333325932e-02 7.706229359316967877e-03
9.333333333333333481e-01 8.333333333333325932e-02 9.322144498047245029e-03
9.375000000000000000e-01 8.333333333333325932e-02 1.132768780706700472e-02
9.416666666666666519e-01 8.333333333333325932e-02 1.382463068342281581e-02
9.458333333333333037e-01 8.333333333333325932e-02 1.694026426494546489e-02
9.499999999999999556e-01 8.333333333333325932e-02 2.083071878546538525e-02
9.541666666666667185e-01 8.333333333333325932e-02 2.568065541142057484e-02
9.583333333333333703e-01 8.333333333333325932e-02 3.169348128179241136e-02
9.625000000000000222e-01 8.333333333333325932e-02 3.906001119569493113e-02
9.666666666666666741e-01 8.333333333333325932e-02 4.788224900199067324e-02
9.708333333333333259e-01 8.333333333333325932e-02 5.801182614118086112e-02
9.749999999999999778e-01 8.333333333333325932e-02 6.874778434756276257e-02
9.791666666666666297e-01 8.333333333333325932e-02 7.836743545549482159e-02
9.833333333333333925e-01 8.333333333333325932e-02 8.365401138321916508e-02
9.875000000000000444e-01 8.333333333333325932e-02 8.007824196589274912e-02
9.916666666666666963e-01 8.333333333333325932e-02 6.373501290464760050e-02
9.958333333333333481e-01 8.333333333333325932e-02 3.493003573453885152e-02
1.000000000000000000e+00 8.333333333333325932e-02 0.000000000000000000e+00
9.000000000000000222e-01 1.666666666666665186e-01 0.000000000000000000e+00
9.041666666666666741e-01 1.666666666666665186e-01 2.441330522916589172e-03
9.083333333333333259e-01 1.666666666666665186e-01 3.103677575564540037e-03
9.124999999999999778e-01 1.666666666666665186e-01 3.692930686679967312e-03
9.166666666666667407e-01 1.666666666666665186e-01 4.390602849581513173e-03
9.208333333333333925e-01 1.666666666666665186e-01 5.241080812405209469e-03
9.250000000000000444e-01 1.666666666666665186e-01 6.284195445201310078e-03
9.291666666666666963e-01 1.666666666666665186e-01 7.569183032440772452e-03
9.333333333333333481e-01 1.666666666666665186e-01 9.158584132922592200e-03
9.375000000000000000e-01 1.666666666666665186e-01 1.113185042244149194e-02
9.416666666666666519e-01 1.666666666666665186e-01 1.358942865613298363e-02
9.458333333333333037e-01 1.666666666666665186e-01 1.665699975091218879e-02
9.499999999999999556e-01 1.666666666666665186e-01 2.048877032568783077e-02
9.541666666666667185e-01 1.666666666666665186e-01 2.526717742438712097e-02
9.583333333333333703e-01 1.666666666666665186e-01 3.119322202896154111e-02
9.625000000000000222e-01 1.666666666666665186e-01 3.845549983815331474e-02
9.666666666666666741e-01 1.666666666666665186e-01 4.715491413655778508e-02
9.708333333333333259e-01 1.666666666666665186e-01 5.714522673332142477e-02
9.749999999999999778e-01 1.666666666666665186e-01 6.773514819860211589e-02
9.791666666666666297e-01 1.666666666666665186e-01 7.722655206760931090e-02
9.833333333333333925e-01 1.666666666666665186e-01 8.245026766621160741e-02
9.875000000000000444e-01 1.666666666666665186e-01 7.894456674464203627e-02
9.916666666666666963e-01 1.666666666666665186e-01 6.285627480353217500e-02
9.958333333333333481e-01 1.666666666666665186e-01 3.446671980132293839e-02
1.000000000000000000e+00 1.666666666666665186e-01 0.000000000000000000e+00
9.000000000000000222e-01 2.500000000000000000e-01 0.000000000000000000e+00
9.041666666666666741e-01 2.500000000000000000e-01 2.364456524430482137e-03
9.083333333333333259e-01 2.500000000000000000e-01 3.004537412568711232e-03
9.124999999999999778e-01 2.500000000000000000e-01 3.575694720075168684e-03
9.166666666666667407e-01 2.500000000000000000e-01 4.252431473441390351e-03
9.208333333333333925e-01 2.500000000000000000e-01 5.077747035180739908e-03
9.250000000000000444e-01 2.500000000000000000e-01 6.090445543795463407e-03
9.291666666666666963e-01 2.500000000000000000e-01 7.338550479614372631e-03
9.333333333333333481e-01 2.500000000000000000e-01 8.883104197034625768e-03
9.375000000000000000e-01 2.500000000000000000e-01 1.080170621807068077e-02
9.416666666666666519e-01 2.500000000000000000e-01 1.319252469639654521e-02
9.458333333333333037e-01 2.500000000000000000e-01 1.617846368357805237e-02
9.499999999999999556e-01 2.500000000000000000e-01 1.991040377349283935e-02
9.541666666666667185e-01 2.500000000000000000e-01 2.456692590532221290e-02
9.583333333333333703e-01 2.500000000000000000e-01 3.034484656603094258e-02
9.625000000000000222e-01 2.500000000000000000e-01 3.742888388977364672e-02
9.666666666666666741e-01 2.500000000000000000e-01 4.591797669276552474e-02
9.708333333333333259e-01 2.500000000000000000e-01 5.566947233696167147e-02
9.749999999999999778e-01 2.500000000000000000e-01 6.600861036432585649e-02
9.791666666666666297e-01 2.500000000000000000e-01 7.527931131678589072e-02
9.833333333333333925e-01 2.500000000000000000e-01 8.039383395759133744e-02
9.875000000000000444e-01 2.500000000000000000e-01 7.700598138852900176e-02
9.916666666666666963e-01 2.500000000000000000e-01 6.135183370845641998e-02
9.958333333333333481e-01 2.500000000000000000e-01 3.367229685772561015e-02
1.000000000000000000e+00 2.500000000000000000e-01 0.000000000000000000e+00
9.000000000000000222e-01 3.333333333333332593e-01 0.000000000000000000e+00
9.041666666666666741e-01 3.333333333333332593e-01 2.255607334207509942e-03
9.083333333333333259e-01 3.333333333333332593e-01 2.864337148006363895e-03
9.124999999999999778e-01 3.333333333333332593e-01 3.409811983532106891e-03
9.166666666666667407e-01 3.333333333333332593e-01 4.056768856186297734e-03
9.208333333333333925e-01 3.333333333333332593e-01 4.846243041013086235e-03
9.250000000000000444e-01 3.333333333333332593e-01 5.815555810933440220e-03
9.291666666666666963e-01 3.333333333333332593e-01 7.010970010690561333e-03
9.333333333333333481e-01 3.333333333333332593e-01 8.491346095162131957e-03
9.375000000000000000e-01 3.333333333333332593e-01 1.033157747195428272e-02
9.416666666666666519e-01 3.333333333333332593e-01 1.262649174194744456e-02
9.458333333333333037e-01 3.333333333333332593e-01 1.549490745634671263e-02
9.499999999999999556e-01 3.333333333333332593e-01 1.908279393970057150e-02
9.541666666666667185e-01 3.333333333333332593e-01 2.356301690752008599e-02
9.583333333333333703e-01 3.333333333333332593e-01 2.912616545225758108e-02
9.625000000000000222e-01 3.333333333333332593e-01 3.595115116978125913e-02
9.666666666666666741e-01 3.333333333333332593e-01 4.413389074396978362e-02
9.708333333333333259e-01 3.333333333333332593e-01 5.353683216516728210e-02
9.749999999999999778e-01 3.333333333333332593e-01 6.350923882905276652e-02
9.791666666666666297e-01 3.333333333333332593e-01 7.245624040957941714e-02
9.833333333333333925e-01 3.333333333333332593e-01 7.740849799665944220e-02
9.875000000000000444e-01 3.333333333333332593e-01 7.418775778094641171e-02
9.916666666666666963e-01 3.333333333333332593e-01 5.916077666855398126e-02
9.958333333333333481e-01 3.333333333333332593e-01 3.251259544435683435e-02
1.000000000000000000e+00 3.333333333333332593e-01 0.000000000000000000e+00
9.000000000000000222e-01 4.166666666666665186e-01 0.000000000000000000e+00
9.041666666666666741e-01 4.166666666666665186e-01 2.113541262383024193e-03
9.083333333333333259e-01 4.166666666666665186e-01 2.681658036071363736e-03
9.124999999999999778e-01 4.166666666666665186e-01 3.193510210795937661e-03
9.166666666666667407e-01 4.166666666666665186e-01 3.801365377328661931e-03
9.208333333333333925e-01 4.166666666666665186e-01 4.543695486117846002e-03
9.250000000000000444e-01 4.166666666666665186e-01 5.455836266950101279e-03
9.291666666666666963e-01 4.166666666666665186e-01 6.581677863549424863e-03
9.333333333333333481e-01 4.166666666666665186e-01 7.977128594968586547e-03
9.375000000000000000e-01 4.166666666666665186e-01 9.713405754294083400e-03
9.416666666666666519e-01 4.166666666666665186e-01 1.188077994234877297e-02
9.458333333333333037e-01 4.166666666666665186e-01 1.459247245566573647e-02
9.499999999999999556e-01 4.166666666666665186e-01 1.798769476682485907e-02
9.541666666666667185e-01 4.166666666666665186e-01 2.223141423202963304e-02
9.583333333333333703e-01 4.166666666666665186e-01 2.750557380119791201e-02
9.625000000000000222e-01 4.166666666666665186e-01 3.398096859840412515e-02
9.666666666666666741e-01 4.166666666666665186e-01 4.174916961807578070e-02
9.708333333333333259e-01 4.166666666666665186e-01 5.067934198015579955e-02
9.749999999999999778e-01 4.166666666666665186e-01 6.015318425325432566e-02
9.791666666666666297e-01 4.166666666666665186e-01 6.865856112779170073e-02
9.833333333333333925e-01 4.166666666666665186e-01 7.338587014517021501e-02
9.875000000000000444e-01 4.166666666666665186e-01 7.038333759900290698e-02
9.916666666666666963e-01 4.166666666666665186e-01 5.619570757893147667e-02
9.958333333333333481e-01 4.166666666666665186e-01 3.093812434890495788e-02
1.000000000000000000e+00 4.166666666666665186e-01 0.000000000000000000e+00
9.000000000000000222e-01 5.000000000000000000e-01 0.000000000000000000e+00
9.041666666666666741e-01 5.000000000000000000e-01 1.936638705766421508e-03
9.083333333333333259e-01 5.000000000000000000e-01 2.454654906679130770e-03
9.124999999999999778e-01 5.000000000000000000e-01 2.924482277253631895e-03
9.166666666666667407e-01 5.000000000000000000e-01 3.483290083190135767e-03
9.208333333333333925e-01 5.000000000000000000e-01 4.166357602430080520e-03
9.250000000000000444e-01 5.000000000000000000e-01 5.006470939647138588e-03
9.291666666666666963e-01 5.000000000000000000e-01 6.044450735819507578e-03
9.333333333333333481e-01 5.000000000000000000e-01 7.332368687583933932e-03
9.375000000000000000e-01 5.000000000000000000e-01 8.936642693766790393e-03
9.416666666666666519e-01 5.000000000000000000e-01 1.094156580336648130e-02
9.458333333333333037e-01 5.000000000000000000e-01 1.345298211522164521e-02
9.499999999999999556e-01 5.000000000000000000e-01 1.660115419393437888e-02
9.541666666666667185e-01 5.000000000000000000e-01 2.054054233382112543e-02
9.583333333333333703e-01 5.000000000000000000e-01 2.544153437457876560e-02
9.625000000000000222e-01 5.000000000000000000e-01 3.146400927308642959e-02
9.666666666666666741e-01 5.000000000000000000e-01 3.869354177002697071e-02
9.708333333333333259e-01 5.000000000000000000e-01 4.700779747701131633e-02
9.749999999999999778e-01 5.000000000000000000e-01 5.583054977122073326e-02
9.791666666666666297e-01 5.000000000000000000e-01 6.375697914006041300e-02
9.833333333333333925e-01 5.000000000000000000e-01 6.818405991460679827e-02
9.875000000000000444e-01 5.000000000000000000e-01 6.545273520416020063e-02
9.916666666666666963e-01 5.000000000000000000e-01 5.234082168791261147e-02
9.958333333333333481e-01 5.000000000000000000e-01 2.888243367068221018e-02
1.000000000000000000e+00 5.000000000000000000e-01 0.000000000000000000e+00
9.000000000000000222e-01 5.833333333333332593e-01 0.000000000000000000e+00
9.041666666666666741e-01 5.833333333333332593e-01 1.722884530533488933e-03
9.083333333333333259e-01 5.833333333333332593e-01 2.181040271173655554e-03
9.124999999999999778e-01 5.833333333333332593e-01 2.599864670689419708e-03
9.166666666666667407e-01 5.833333333333332593e-01 3.098901559907865991e-03
9.208333333333333925e-01 5.833333333333332593e-01 3.709569636779477039e-03
9.250000000000000444e-01 5.833333333333332593e-01 4.461463886297284409e-03
9.291666666666666963e-01 5.833333333333332593e-01 5.391531847266409563e-03
9.333333333333333481e-01 5.833333333333332593e-01 6.546980020846869357e-03
9.375000000000000000e-01 5.833333333333332593e-01 7.988110268414014628e-03
9.416666666666666519e-01 5.833333333333332593e-01 9.791560155374074217e-03
9.458333333333333037e-01 5.833333333333332593e-01 1.205367893982254614e-02
9.499999999999999556e-01 5.833333333333332593e-01 1.489315683444489974e-02
9.541666666666667185e-01 5.833333333333332593e-01 1.845080739047573123e-02
9.583333333333333703e-01 5.833333333333332593e-01 2.288194955367824426e-02
9.625000000000000222e-01 5.833333333333332593e-01 2.833215605129957293e-02
9.666666666666666741e-01 5.833333333333332593e-01 3.487898955861400835e-02
9.708333333333333259e-01 5.833333333333332593e-01 4.241067209872448340e-02
9.749999999999999778e-01 5.833333333333332593e-01 5.040427372547198748e-02
9.791666666666666297e-01 5.833333333333332593e-01 5.759060435350171064e-02
9.833333333333333925e-01 5.833333333333332593e-01 6.162655096680929451e-02
9.875000000000000444e-01 5.833333333333332593e-01 5.922102600477039541e-02
9.916666666666666963e-01 5.833333333333332593e-01 4.744974908119807544e-02
9.958333333333333481e-01 5.833333333333332593e-01 2.626004182123998013e-02
1.000000000000000000e+00 5.833333333333332593e-01 0.000000000000000000e+00
9.000000000000000222e-01 6.666666666666665186e-01 0.000000000000000000e+00
9.041666666666666741e-01 6.666666666666665186e-01 1.469846256113174852e-03
9.083333333333333259e-01 6.666666666666665186e-01 1.858064800289776922e-03
9.124999999999999778e-01 6.666666666666665186e-01 2.216211014502963116e-03
9.166666666666667407e-01 6.666666666666665186e-01 2.643812143504579038e-03
9.208333333333333925e-01 6.666666666666665186e-01 3.167710301674315967e-03
9.250000000000000444e-01 6.666666666666665186e-01 3.813573069722144947e-03
9.291666666666666963e-01 6.666666666666665186e-01 4.613540591544037020e-03
9.333333333333333481e-01 6.666666666666665186e-01 5.608749221171840937e-03
9.375000000000000000e-01 6.666666666666665186e-01 6.851831502740904530e-03
9.416666666666666519e-01 6.666666666666665186e-01 8.409777007714938288e-03
9.458333333333333037e-01 6.666666666666665186e-01 1.036691093902939245e-02
9.499999999999999556e-01 6.666666666666665186e-01 1.282720357123272314e-02
9.541666666666667185e-01 6.666666666666665186e-01 1.591404455512732824e-02
9.583333333333333703e-01 6.666666666666665186e-01 1.976345676712842545e-02
9.625000000000000222e-01 6.666666666666665186e-01 2.450264580962462427e-02
9.666666666666666741e-01 6.666666666666665186e-01 3.019878520308875644e-02
9.708333333333333259e-01 6.666666666666665186e-01 3.675315188082905332e-02
9.749999999999999778e-01 6.666666666666665186e-01 4.370932615014302969e-02
9.791666666666666297e-01 6.666666666666665186e-01 4.996642486653420090e-02
9.833333333333333925e-01 6.666666666666665186e-01 5.350178576539971892e-02
9.875000000000000444e-01 6.666666666666665186e-01 5.147741392809393468e-02
9.916666666666666963e-01 6.666666666666665186e-01 4.134348312083906130e-02
9.958333333333333481e-01 6.666666666666665186e-01 2.296398544301977637e-02
1.000000000000000000e+00 6.666666666666665186e-01 0.000000000000000000e+00
9.000000000000000222e-01 7.500000000000000000e-01 0.000000000000000000e+00
9.041666666666666741e-01 7.500000000000000000e-01 1.174647874097361133e-03
9.083333333333333259e-01 7.500000000000000000e-01 1.482494126478582164e-03
9.124999999999999778e-01 7.500000000000000000e-01 1.769460560731948981e-03
9.166666666666667407e-01 7.500000000000000000e-01 2.112845381398322127e-03
9.208333333333333925e-01 7.500000000000000000e-01 2.534139170881883219e-03
9.250000000000000444e-01 7.500000000000000000e-01 3.054232092029940566e-03
9.291666666666666963e-01 7.500000000000000000e-01 3.699365961699412845e-03
9.333333333333333481e-01 7.500000000000000000e-01 4.503190698252626523e-03
9.375000000000000000e-01 7.500000000000000000e-01 5.508833035047239722e-03
9.416666666666666519e-01 7.500000000000000000e-01 6.771266527590000944e-03
9.458333333333333037e-01 7.500000000000000000e-01 8.359774232294553756e-03
9.499999999999999556e-01 7.500000000000000000e-01 1.035984166292479303e-02
9.541666666666667185e-01 7.500000000000000000e-01 1.287291791800878292e-02
9.583333333333333703e-01 7.500000000000000000e-01 1.601069765802615175e-02
9.625000000000000222e-01 7.500000000000000000e-01 1.987724660400422977e-02
9.666666666666666741e-01 7.500000000000000000e-01 2.452668607397152228e-02
9.708333333333333259e-01 7.500000000000000000e-01 2.987655667858287248e-02
9.749999999999999778e-01 7.500000000000000000e-01 3.555263315970533938e-02
9.791666666666666297e-01 7.500000000000000000e-01 4.065990859552092579e-02
9.833333333333333925e-01 7.500000000000000000e-01 4.356415253514595715e-02
9.875000000000000444e-01 7.500000000000000000e-01 4.197556182536741481e-02
9.916666666666666963e-01 7.500000000000000000e-01 3.380886136506443262e-02
9.958333333333333481e-01 7.500000000000000000e-01 1.886310051182225195e-02
1.000000000000000000e+00 7.500000000000000000e-01 0.000000000000000000e+00
9.000000000000000222e-01 8.333333333333332593e-01 0.000000000000000000e+00
9.041666666666666741e-01 8.333333333333332593e-01 8.339391117078278964e-04
9.083333333333333259e-01 8.333333333333332593e-01 1.050581925495194888e-03
9.124999999999999778e-01 8.333333333333332593e-01 1.254901570725190088e-03
9.166666666666667407e-01 8.333333333333332593e-01 1.499986671170552757e-03
9.208333333333333925e-01 8.333333333333332593e-01 1.801129990413040047e-03
9.250000000000000444e-01 8.333333333333332593e-01 2.173459880752199886e-03
9.291666666666666963e-01 8.333333333333332593e-01 2.636044134505089506e-03
9.333333333333333481e-01 8.333333333333332593e-01 3.213380943634570712e-03
9.375000000000000000e-01 8.333333333333332593e-01 3.936921856818751710e-03
9.416666666666666519e-01 8.333333333333332593e-01 4.846817031342427577e-03
9.458333333333333037e-01 8.333333333333332593e-01 5.993721776247924911e-03
9.499999999999999556e-01 8.333333333333332593e-01 7.440165014536963967e-03
9.541666666666667185e-01 8.333333333333332593e-01 9.260310979507614670e-03
9.583333333333333703e-01 8.333333333333332593e-01 1.153563169862551613e-02
9.625000000000000222e-01 8.333333333333332593e-01 1.434159555754292020e-02
9.666666666666666741e-01 8.333333333333332593e-01 1.771651028476019588e-02
9.708333333333333259e-01 8.333333333333332593e-01 2.159850743278956056e-02
9.749999999999999778e-01 8.333333333333332593e-01 2.571426974437378277e-02
9.791666666666666297e-01 8.333333333333332593e-01 2.941746642919805879e-02
9.833333333333333925e-01 8.333333333333332593e-01 3.153725392718752935e-02
9.875000000000000444e-01 8.333333333333332593e-01 3.043607525992834961e-02
9.916666666666666963e-01 8.333333333333332593e-01 2.459825542626783990e-02
9.958333333333333481e-01 8.333333333333332593e-01 1.379922178855451896e-02
1.000000000000000000e+00 8.333333333333332593e-01 0.000000000000000000e+00
9.000000000000000222e-01 9.166666666666665186e-01 0.000000000000000000e+00
9.041666666666666741e-01 9.166666666666665186e-01 4.438599261495959321e-04
9.083333333333333259e-01 9.166666666666665186e-01 5.580392368920065278e-04
9.124999999999999778e-01 9.166666666666665186e-01 6.671295094624812372e-04
9.166666666666667407e-01 9.166666666666665186e-01 7.983270306059623601e-04
9.208333333333333925e-01 9.166666666666665186e-01 9.597949422158275285e-04
9.250000000000000444e-01 9.166666666666665186e-01 1.159758566546153190e-03
9.291666666666666963e-01 9.166666666666665186e-01 1.408620895273397051e-03
9.333333333333333481e-01 9.166666666666665186e-01 1.719773926487589083e-03
9.375000000000000000e-01 9.166666666666665186e-01 2.110439686971077224e-03
9.416666666666666519e-01 9.166666666666665186e-01 2.602633114694948447e-03
9.458333333333333037e-01 9.166666666666665186e-01 3.224152419127125462e-03
9.499999999999999556e-01 9.166666666666665186e-01 4.009312210520951485e-03
9.541666666666667185e-01 9.166666666666665186e-01 4.998759933009641089e-03
9.583333333333333703e-01 9.166666666666665186e-01 6.236990548308075574e-03
9.625000000000000222e-01 9.166666666666665186e-01 7.764868361789275045e-03
9.666666666666666741e-01 9.166666666666665186e-01 9.602381215808726903e-03
9.708333333333333259e-01 9.166666666666665186e-01 1.171429580542129520e-02
9.749999999999999778e-01 9.166666666666665186e-01 1.395058375201554263e-02
9.791666666666666297e-01 9.166666666666665186e-01 1.596164778128945222e-02
9.833333333333333925e-01 9.166666666666665186e-01 1.712048636519938188e-02
9.875000000000000444e-01 9.166666666666665186e-01 1.655221434621029220e-02
9.916666666666666963e-01 9.166666666666665186e-01 1.343133860901520905e-02
9.958333333333333481e-01 9.166666666666665186e-01 7.584601360406124058e-03
1.000000000000000000e+00 9.166666666666665186e-01 0.000000000000000000e+00
9.000000000000000222e-01 1.000000000000000000e+00 0.000000000000000000e+00
9.041666666666666741e-01 1.000000000000000000e+00 0.000000000000000000e+00
9.083333333333333259e-01 1.000000000000000000e+00 0.000000000000000000e+00
9.124999999999999778e-01 1.000000000000000000e+00 0.000000000000000000e+00
9.166666666666667407e-01 1.000000000000000000e+00 0.000000000000000000e+00
9.208333333333333925e-01 1.000000000000000000e+00 0.000000000000000000e+00
9.250000000000000444e-01 1.000000000000000000e+00 0.000000000000000000e+00
9.291666666666666963e-01 1.000000000000000000e+00 0.000000000000000000e+00
9.333333333333333481e-01 1.000000000000000000e+00 0.000000000000000000e+00
9.375000000000000000e-01 1.000000000000000000e+00 0.000000000000000000e+00
9.416666666666666519e-01 1.000000000000000000e+00 0.000000000000000000e+00
9.458333333333333037e-01 1.000000000000000000e+00 0.000000000000000000e+00
9.499999999999999556e-01 1.000000000000000000e+00 0.000000000000000000e+00
9.541666666666667185e-01 1.000000000000000000e+00 0.000000000000000000e+00
9.583333333333333703e-01 1.000000000000000000e+00 0.000000000000000000e+00
9.625000000000000222e-01 1.000000000000000000e+00 0.000000000000000000e+00
9.666666666666666741e-01 1.000000000000000000e+00 0.000000000000000000e+00
9.708333333333333259e-01 1.000000000000000000e+00 0.000000000000000000e+00
9.749999999999999778e-01 1.000000000000000000e+00 0.000000000000000000e+00
9.791666666666666297e-01 1.000000000000000000e+00 0.000000000000000000e+00
9.833333333333333925e-01 1.000000000000000000e+00 0.000000000000000000e+00
9.875000000000000444e-01 1.000000000000000000e+00 0.000000000000000000e+00
9.916666666666666963e-01 1.000000000000000000e+00 0.000000000000000000e+00
9.958333333333333481e-01 1.000000000000000000e+00 0.000000000000000000e+00
1.000000000000000000e+00 1.000000000000000000e+00 0.000000000000000000e+00
