9.000000000000000222e-01 -1.000000000000000000e+00 0.000000000000000000e+00
9.041666666666666741e-01 -1.000000000000000000e+00 0.000000000000000000e+00
9.083333333333333259e-01 -1.000000000000000000e+00 0.000000000000000000e+00
9.124999999999999778e-01 -1.000000000000000000e+00 0.000000000000000000e+00
9.166666666666667407e-01 -1.000000000000000000e+00 0.000000000000000000e+00
9.208333333333333925e-01 -1.000000000000000000e+00 0.000000000000000000e+00
9.250000000000000444e-01 -1.000000000000000000e+00 0.000000000000000000e+00
9.291666666666666963e-01 -1.000000000000000000e+00 0.000000000000000000e+00
9.333333333333333481e-01 -1.000000000000000000e+00 0.000000000000000000e+00
9.375000000000000000e-01 -1.000000000000000000e+00 0.000000000000000000e+00
9.416666666666666519e-01 -1.000000000000000000e+00 0.000000000000000000e+00
9.458333333333333037e-01 -1.000000000000000000e+00 0.000000000000000000e+00
9.499999999999999556e-01 -1.000000000000000000e+00 0.000000000000000000e+00
9.541666666666667185e-01 -1.000000000000000000e+00 0.000000000000000000e+00
9.583333333333333703e-01 -1.000000000000000000e+00 0.000000000000000000e+00
9.625000000000000222e-01 -1.000000000000000000e+00 0.000000000000000000e+00
9.666666666666666741e-01 -1.000000000000000000e+00 0.000000000000000000e+00
9.708333333333333259e-01 -1.000000000000000000e+00 0.000000000000000000e+00
9.749999999999999778e-01 -1.000000000000000000e+00 0.000000000000000000e+00
9.791666666666666297e-01 -1.000000000000000000e+00 0.000000000000000000e+00
9.833333333333333925e-01 -1.000000000000000000e+00 0.000000000000000000e+00
9.875000000000000444e-01 -1.000000000000000000e+00 0.000000000000000000e+00
9.916666666666666963e-01 -1.000000000000000000e+00 0.000000000000000000e+00
9.958333333333333481e-01 -1.000000000000000000e+00 0.000000000000000000e+00
1.000000000000000000e+00 -1.000000000000000000e+00 0.000000000000000000e+00
9.000000000000000222e-01 -9.166666666666666297e-01 0.000000000000000000e+00
9.041666666666666741e-01 -9.166666666666666297e-01 8.875884334413192134e-04
9.083333333333333259e-01 -9.166666666666666297e-01 1.115870714348335402e-03
9.124999999999999778e-01 -9.166666666666666297e-01 1.333962047500407422e-03
9.166666666666667407e-01 -9.166666666666666297e-01 1.596228725575001006e-03
9.208333333333333925e-01 -9.166666666666666297e-01 1.918974962405138596e-03
9.250000000000000444e-01 -9.166666666666666297e-01 2.318619056190102112e-03
9.291666666666666963e-01 -9.166666666666666297e-01 2.815916504135713982e-03
9.333333333333333481e-01 -9.166666666666666297e-01 3.437571598069281975e-03
9.375000000000000000e-01 -9.166666666666666297e-01 4.217901747933551493e-03
9.416666666666666519e-01 -9.166666666666666297e-01 5.200734835996735639e-03
9.458333333333333037e-01 -9.166666666666666297e-01 6.441345121164024357e-03
9.499999999999999556e-01 -9.166666666666666297e-01 8.007851175381892894e-03
9.541666666666667185e-01 -9.166666666666666297e-01 9.980751477772602243e-03
9.583333333333333703e-01 -9.166666666666666297e-01 1.244783458741009763e-02
9.625000000000000222e-01 -9.166666666666666297e-01 1.548913116529368472e-02
9.666666666666666741e-01 -9.166666666666666297e-01 1.914251904715971037e-02
9.708333333333333259e-01 -9.166666666666666297e-01 2.333571078820505240e-02
9.749999999999999778e-01 -9.166666666666666297e-01 2.776907092662383308e-02
9.791666666666666297e-01 -9.166666666666666297e-01 3.174993851370964265e-02
9.833333333333333925e-01 -9.166666666666666297e-01 3.404124646715495084e-02
9.875000000000000444e-01 -9.166666666666666297e-01 3.291787102193185349e-02
9.916666666666666963e-01 -9.166666666666666297e-01 2.674031003859784345e-02
9.958333333333333481e-01 -9.166666666666666297e-01 1.513046960580407413e-02
1.000000000000000000e+00 -9.166666666666666297e-01 0.000000000000000000e+00
9.000000000000000222e-01 -8.333333333333333703e-01 0.000000000000000000e+00
9.041666666666666741e-01 -8.333333333333333703e-01 1.667414072402395586e-03
9.083333333333333259e-01 -8.333333333333333703e-01 2.100427007365943122e-03
9.124999999999999778e-01 -8.333333333333333703e-01 2.508751537044079383e-03
9.166666666666667407e-01 -8.333333333333333703e-01 2.998470377531259334e-03
9.208333333333333925e-01 -8.333333333333333703e-01 3.600092091795778493e-03
9.250000000000000444e-01 -8.333333333333333703e-01 4.343761387110706140e-03
9.291666666666666963e-01 -8.333333333333333703e-01 5.267439581962095330e-03
9.333333333333333481e-01 -8.333333333333333703e-01 6.419848693197879874e-03
9.375000000000000000e-01 -8.333333333333333703e-01 7.863456972193212657e-03
9.416666666666666519e-01 -8.333333333333333703e-01 9.677872683897144335e-03
9.458333333333333037e-01 -8.333333333333333703e-01 1.196330450357122044e-02
9.499999999999999556e-01 -8.333333333333333703e-01 1.484306499322934902e-02
9.541666666666667185e-01 -8.333333333333333703e-01 1.846275939688269557e-02
9.583333333333333703e-01 -8.333333333333333703e-01 2.298121439021638679e-02
9.625000000000000222e-01 -8.333333333333333703e-01 2.854351811920879251e-02
9.666666666666666741e-01 -8.333333333333333703e-01 3.521899028237143736e-02
9.708333333333333259e-01 -8.333333333333333703e-01 4.287741937788851210e-02
9.749999999999999778e-01 -8.333333333333333703e-01 5.097332599802145009e-02
9.791666666666666297e-01 -8.333333333333333703e-01 5.823660152934357487e-02
9.833333333333333925e-01 -8.333333333333333703e-01 6.238517238056299347e-02
9.875000000000000444e-01 -8.333333333333333703e-01 6.023091840283018028e-02
9.916666666666666963e-01 -8.333333333333333703e-01 4.878049816127057181e-02
9.958333333333333481e-01 -8.333333333333333703e-01 2.746922221408491099e-02
1.000000000000000000e+00 -8.333333333333333703e-01 0.000000000000000000e+00
9.000000000000000222e-01 -7.500000000000000000e-01 0.000000000000000000e+00
9.041666666666666741e-01 -7.500000000000000000e-01 2.348374445636583485e-03
9.083333333333333259e-01 -7.500000000000000000e-01 2.963520172320766033e-03
9.124999999999999778e-01 -7.500000000000000000e-01 3.536828886155536644e-03
9.166666666666667407e-01 -7.500000000000000000e-01 4.222706335015903589e-03
9.208333333333333925e-01 -7.500000000000000000e-01 5.063982704067715446e-03
9.250000000000000444e-01 -7.500000000000000000e-01 6.102220114991702138e-03
9.291666666666666963e-01 -7.500000000000000000e-01 7.389563695182031766e-03
9.333333333333333481e-01 -7.500000000000000000e-01 8.992781758887340160e-03
9.375000000000000000e-01 -7.500000000000000000e-01 1.099728750775085667e-02
9.416666666666666519e-01 -7.500000000000000000e-01 1.351169388683487460e-02
9.458333333333333037e-01 -7.500000000000000000e-01 1.667244671703736053e-02
9.499999999999999556e-01 -7.500000000000000000e-01 2.064716321848129171e-02
9.541666666666667185e-01 -7.500000000000000000e-01 2.563351045023077451e-02
9.583333333333333703e-01 -7.500000000000000000e-01 3.184696066627946964e-02
9.625000000000000222e-01 -7.500000000000000000e-01 3.948436586339292703e-02
9.666666666666666741e-01 -7.500000000000000000e-01 4.863981157671552757e-02
9.708333333333333259e-01 -7.500000000000000000e-01 5.913563602912130096e-02
9.749999999999999778e-01 -7.500000000000000000e-01 7.022525566571807820e-02
9.791666666666666297e-01 -7.500000000000000000e-01 8.016233232557931632e-02
9.833333333333333925e-01 -7.500000000000000000e-01 8.579539838924499229e-02
9.875000000000000444e-01 -7.500000000000000000e-01 8.271576368404053026e-02
9.916666666666666963e-01 -7.500000000000000000e-01 6.682347034435605349e-02
9.958333333333333481e-01 -7.500000000000000000e-01 3.748323248224938453e-02
1.000000000000000000e+00 -7.500000000000000000e-01 0.000000000000000000e+00
9.000000000000000222e-01 -6.666666666666667407e-01 0.000000000000000000e+00
9.041666666666666741e-01 -6.666666666666667407e-01 2.938249398628904607e-03
9.083333333333333259e-01 -6.666666666666667407e-01 3.713822315235155991e-03
9.124999999999999778e-01 -6.666666666666667407e-01 4.429137999455157182e-03
9.166666666666667407e-01 -6.666666666666667407e-01 5.282948113882919572e-03
9.208333333333333925e-01 -6.666666666666667407e-01 6.328702924830037491e-03
9.250000000000000444e-01 -6.666666666666667407e-01 7.617401633031907482e-03
9.291666666666666963e-01 -6.666666666666667407e-01 9.212804813484715138e-03
9.333333333333333481e-01 -6.666666666666667407e-01 1.119637120993947216e-02
9.375000000000000000e-01 -6.666666666666667407e-01 1.367208234193985350e-02
9.416666666666666519e-01 -6.666666666666667407e-01 1.677188407294954303e-02
9.458333333333333037e-01 -6.666666666666667407e-01 2.066120211607347379e-02
9.499999999999999556e-01 -6.666666666666667407e-01 2.554288448832521541e-02
9.541666666666667185e-01 -6.666666666666667407e-01 3.165577462843835455e-02
9.583333333333333703e-01 -6.666666666666667407e-01 3.925990672633168643e-02
9.625000000000000222e-01 -6.666666666666667407e-01 4.859255304989189977e-02
9.666666666666666741e-01 -6.666666666666667407e-01 5.976646907650436102e-02
9.708333333333333259e-01 -6.666666666666667407e-01 7.256460426693037147e-02
9.749999999999999778e-01 -6.666666666666667407e-01 8.607663899323388101e-02
9.791666666666666297e-01 -6.666666666666667407e-01 9.816752935774553102e-02
9.833333333333333925e-01 -6.666666666666667407e-01 1.049722478205818155e-01
9.875000000000000444e-01 -6.666666666666667407e-01 1.010782038720670767e-01
9.916666666666666963e-01 -6.666666666666667407e-01 8.148934845580591002e-02
9.958333333333333481e-01 -6.666666666666667407e-01 4.556609988240877679e-02
1.000000000000000000e+00 -6.666666666666667407e-01 0.000000000000000000e+00
9.000000000000000222e-01 -5.833333333333333703e-01 0.000000000000000000e+00
9.041666666666666741e-01 -5.833333333333333703e-01 3.443785642509751554e-03
9.083333333333333259e-01 -5.833333333333333703e-01 4.358900066788948258e-03
9.124999999999999778e-01 -5.833333333333333703e-01 5.195207599490402062e-03
9.166666666666667407e-01 -5.833333333333333703e-01 6.191374693775841820e-03
9.208333333333333925e-01 -5.833333333333333703e-01 7.409920276478867973e-03
9.250000000000000444e-01 -5.833333333333333703e-01 8.909579723159928577e-03
9.291666666666666963e-01 -5.833333333333333703e-01 1.076354671493192500e-02
9.333333333333333481e-01 -5.833333333333333703e-01 1.306513835936280732e-02
9.375000000000000000e-01 -5.833333333333333703e-01 1.593323428464455543e-02
9.416666666666666519e-01 -5.833333333333333703e-01 1.951838468125261655e-02
9.458333333333333037e-01 -5.833333333333333703e-01 2.400897536646313252e-02
9.499999999999999556e-01 -5.833333333333333703e-01 2.963558788879067790e-02
9.541666666666667185e-01 -5.833333333333333703e-01 3.666926755540589333e-02
9.583333333333333703e-01 -5.833333333333333703e-01 4.540464394054734287e-02
9.625000000000000222e-01 -5.833333333333333703e-01 5.611000857606747438e-02
9.666666666666666741e-01 -5.833333333333333703e-01 6.891163715876442997e-02
9.708333333333333259e-01 -5.833333333333333703e-01 8.355964952691824488e-02
9.749999999999999778e-01 -5.833333333333333703e-01 9.901133935366970840e-02
9.791666666666666297e-01 -5.833333333333333703e-01 1.128178294034172524e-01
9.833333333333333925e-01 -5.833333333333333703e-01 1.205360711550685499e-01
9.875000000000000444e-01 -5.833333333333333703e-01 1.159389151686398001e-01
9.916666666666666963e-01 -5.833333333333333703e-01 9.331169749808697345e-02
9.958333333333333481e-01 -5.833333333333333703e-01 5.204503887130274703e-02
1.000000000000000000e+00 -5.833333333333333703e-01 0.000000000000000000e+00
9.000000000000000222e-01 -5.000000000000000000e-01 0.000000000000000000e+00
9.041666666666666741e-01 -5.000000000000000000e-01 3.870770598921220718e-03
9.083333333333333259e-01 -5.000000000000000000e-01 4.905279840115676915e-03
9.124999999999999778e-01 -5.000000000000000000e-01 5.843240712789278535e-03
9.166666666666667407e-01 -5.000000000000000000e-01 6.958453971050125586e-03
9.208333333333333925e-01 -5.000000000000000000e-01 8.321079064272339509e-03
9.250000000000000444e-01 -5.000000000000000000e-01 9.996121549275122087e-03
9.291666666666666963e-01 -5.000000000000000000e-01 1.206435047261551069e-02
9.333333333333333481e-01 -5.000000000000000000e-01 1.462854935034424431e-02
9.375000000000000000e-01 -5.000000000000000000e-01 1.781941918434001154e-02
9.416666666666666519e-01 -5.000000000000000000e-01 2.180217911187127405e-02
9.458333333333333037e-01 -5.000000000000000000e-01 2.678319905521711619e-02
9.499999999999999556e-01 -5.000000000000000000e-01 3.301463464192959385e-02
9.541666666666667185e-01 -5.000000000000000000e-01 4.079239813609535775e-02
9.583333333333333703e-01 -5.000000000000000000e-01 5.043760267716534268e-02
9.625000000000000222e-01 -5.000000000000000000e-01 6.224193840194680583e-02
9.666666666666666741e-01 -5.000000000000000000e-01 7.634109190794730049e-02
9.708333333333333259e-01 -5.000000000000000000e-01 9.245795722627979385e-02
9.749999999999999778e-01 -5.000000000000000000e-01 1.094438784086907840e-01
9.791666666666666297e-01 -5.000000000000000000e-01 1.245998028692699156e-01
9.833333333333333925e-01 -5.000000000000000000e-01 1.330210923530956713e-01
9.875000000000000444e-01 -5.000000000000000000e-01 1.278292242546380797e-01
9.916666666666666963e-01 -5.000000000000000000e-01 1.027398217088016513e-01
9.958333333333333481e-01 -5.000000000000000000e-01 5.718845727787826710e-02
1.000000000000000000e+00 -5.000000000000000000e-01 0.000000000000000000e+00
9.000000000000000222e-01 -4.166666666666667407e-01 0.000000000000000000e+00
9.041666666666666741e-01 -4.166666666666667407e-01 4.224096128042920117e-03
9.083333333333333259e-01 -4.166666666666667407e-01 5.358504823468369926e-03
9.124999999999999778e-01 -4.166666666666667407e-01 6.380192640003529148e-03
9.166666666666667407e-01 -4.166666666666667407e-01 7.593048689574256882e-03
9.208333333333333925e-01 -4.166666666666667407e-01 9.073544854661975967e-03
9.250000000000000444e-01 -4.166666666666667407e-01 1.089168555579392988e-02
9.291666666666666963e-01 -4.166666666666667407e-01 1.313422643222511565e-02
9.333333333333333481e-01 -4.166666666666667407e-01 1.591138965009678691e-02
9.375000000000000000e-01 -4.166666666666667407e-01 1.936311148698025703e-02
9.416666666666666519e-01 -4.166666666666667407e-01 2.366600027392546518e-02
9.458333333333333037e-01 -4.166666666666667407e-01 2.904029764177473716e-02
9.499999999999999556e-01 -4.166666666666667407e-01 3.575468395854361492e-02
9.541666666666667185e-01 -4.166666666666667407e-01 4.412397242612754733e-02
9.583333333333333703e-01 -4.166666666666667407e-01 5.448921504059133641e-02
9.625000000000000222e-01 -4.166666666666667407e-01 6.715942272846019134e-02
9.666666666666666741e-01 -4.166666666666667407e-01 8.227656735081914641e-02
9.708333333333333259e-01 -4.166666666666667407e-01 9.954129073160444818e-02
9.749999999999999778e-01 -4.166666666666667407e-01 1.177214367664153605e-01
9.791666666666666297e-01 -4.166666666666667407e-01 1.339218285020626620e-01
9.833333333333333925e-01 -4.166666666666667407e-01 1.428756919824674398e-01
9.875000000000000444e-01 -4.166666666666667407e-01 1.371928741069793622e-01
9.916666666666666963e-01 -4.166666666666667407e-01 1.101442719409852222e-01
9.958333333333333481e-01 -4.166666666666667407e-01 6.121330790909464137e-02
1.000000000000000000e+00 -4.166666666666667407e-01 0.000000000000000000e+00
9.000000000000000222e-01 -3.333333333333333703e-01 0.000000000000000000e+00
9.041666666666666741e-01 -3.333333333333333703e-01 4.507812667789608263e-03
9.083333333333333259e-01 -3.333333333333333703e-01 5.723183901100784010e-03
9.124999999999999778e-01 -3.333333333333333703e-01 6.811837740619205994e-03
9.166666666666667407e-01 -3.333333333333333703e-01 8.102507236292660897e-03
9.208333333333333925e-01 -3.333333333333333703e-01 9.676728447898311214e-03
9.250000000000000444e-01 -3.333333333333333703e-01 1.160839156887413098e-02
9.291666666666666963e-01 -3.333333333333333703e-01 1.398886858367514446e-02
9.333333333333333481e-01 -3.333333333333333703e-01 1.693408796823499957e-02
9.375000000000000000e-01 -3.333333333333333703e-01 2.059103258068555736e-02
9.416666666666666519e-01 -3.333333333333333703e-01 2.514495069636784458e-02
9.458333333333333037e-01 -3.333333333333333703e-01 3.082654185279816439e-02
9.499999999999999556e-01 -3.333333333333333703e-01 3.791686064890716773e-02
9.541666666666667185e-01 -3.333333333333333703e-01 4.674476676255132079e-02
9.583333333333333703e-01 -3.333333333333333703e-01 5.766598697601581919e-02
9.625000000000000222e-01 -3.333333333333333703e-01 7.100205363690936800e-02
9.666666666666666741e-01 -3.333333333333333703e-01 8.689895044188214457e-02
9.708333333333333259e-01 -3.333333333333333703e-01 1.050396060114436314e-01
9.749999999999999778e-01 -3.333333333333333703e-01 1.241276175044176561e-01
9.791666666666666297e-01 -3.333333333333333703e-01 1.411177696027086093e-01
9.833333333333333925e-01 -3.333333333333333703e-01 1.504662103204139900e-01
9.875000000000000444e-01 -3.333333333333333703e-01 1.443909253363915013e-01
9.916666666666666963e-01 -3.333333333333333703e-01 1.158236558489789125e-01
9.958333333333333481e-01 -3.333333333333333703e-01 6.429174804562197421e-02
1.000000000000000000e+00 -3.333333333333333703e-01 0.000000000000000000e+00
9.000000000000000222e-01 -2.500000000000000000e-01 0.000000000000000000e+00
9.041666666666666741e-01 -2.500000000000000000e-01 4.725174247896361812e-03
9.083333333333333259e-01 -2.500000000000000000e-01 6.003032688773647652e-03
9.124999999999999778e-01 -2.500000000000000000e-01 7.142825346831936650e-03
9.166666666666667407e-01 -2.500000000000000000e-01 8.492739690067405145e-03
9.208333333333333925e-01 -2.500000000000000000e-01 1.013818979321446517e-02
9.250000000000000444e-01 -2.500000000000000000e-01 1.215596354674757656e-02
9.291666666666666963e-01 -2.500000000000000000e-01 1.464085160186381906e-02
9.333333333333333481e-01 -2.500000000000000000e-01 1.771298930190474269e-02
9.375000000000000000e-01 -2.500000000000000000e-01 2.152453016997599861e-02
9.416666666666666519e-01 -2.500000000000000000e-01 2.626703011543128630e-02
9.458333333333333037e-01 -2.500000000000000000e-01 3.217878126850984982e-02
9.499999999999999556e-01 -2.500000000000000000e-01 3.954976742318420946e-02
9.541666666666667185e-01 -2.500000000000000000e-01 4.871891345185792865e-02
9.583333333333333703e-01 -2.500000000000000000e-01 6.005236574739333116e-02
9.625000000000000222e-01 -2.500000000000000000e-01 7.388039296193776861e-02
9.666666666666666741e-01 -2.500000000000000000e-01 9.035140840182136202e-02
9.708333333333333259e-01 -2.500000000000000000e-01 1.091348559987161404e-01
9.749999999999999778e-01 -2.500000000000000000e-01 1.288868374805336448e-01
9.791666666666666297e-01 -2.500000000000000000e-01 1.464518221111243690e-01
9.833333333333333925e-01 -2.500000000000000000e-01 1.560822753526608930e-01
9.875000000000000444e-01 -2.500000000000000000e-01 1.497078704018424133e-01
9.916666666666666963e-01 -2.500000000000000000e-01 1.200115290677398611e-01
9.958333333333333481e-01 -2.500000000000000000e-01 6.655686572540481238e-02
1.000000000000000000e+00 -2.500000000000000000e-01 0.000000000000000000e+00
9.000000000000000222e-01 -1.666666666666667407e-01 0.000000000000000000e+00
9.041666666666666741e-01 -1.666666666666667407e-01 4.878674774873997810e-03
9.083333333333333259e-01 -1.666666666666667407e-01 6.200906854470465690e-03
9.124999999999999778e-01 -1.666666666666667407e-01 7.376725091725981620e-03
9.166666666666667407e-01 -1.666666666666667407e-01 8.768279488365754437e-03
9.208333333333333925e-01 -1.666666666666667407e-01 1.046372229304322332e-02
9.250000000000000444e-01 -1.666666666666667407e-01 1.254184548349669692e-02
9.291666666666666963e-01 -1.666666666666667407e-01 1.509979102975386733e-02
9.333333333333333481e-01 -1.666666666666667407e-01 1.826057731543137552e-02
9.375000000000000000e-01 -1.666666666666667407e-01 2.217988807810319235e-02
9.416666666666666519e-01 -1.666666666666667407e-01 2.705356794554733546e-02
9.458333333333333037e-01 -1.666666666666667407e-01 3.312504805095435600e-02
9.499999999999999556e-01 -1.666666666666667407e-01 4.069032540732347991e-02
9.541666666666667185e-01 -1.666666666666667407e-01 5.009506342780693094e-02
9.583333333333333703e-01 -1.666666666666667407e-01 6.171232992074719703e-02
9.625000000000000222e-01 -1.666666666666667407e-01 7.587810795466991276e-02
9.666666666666666741e-01 -1.666666666666667407e-01 9.274218338976031317e-02
9.708333333333333259e-01 -1.666666666666667407e-01 1.119645207505006873e-01
9.749999999999999778e-01 -1.666666666666667407e-01 1.321685980454090636e-01
9.791666666666666297e-01 -1.666666666666667407e-01 1.501234576783498365e-01
9.833333333333333925e-01 -1.666666666666667407e-01 1.599423423099042840e-01
9.875000000000000444e-01 -1.666666666666667407e-01 1.533577174546312538e-01
9.916666666666666963e-01 -1.666666666666667407e-01 1.228826184568225788e-01
9.958333333333333481e-01 -1.666666666666667407e-01 6.810736790466338786e-02
1.000000000000000000e+00 -1.666666666666667407e-01 0.000000000000000000e+00
9.000000000000000222e-01 -8.333333333333337034e-02 0.000000000000000000e+00
9.041666666666666741e-01 -8.333333333333337034e-02 4.970075913811843049e-03
9.083333333333333259e-01 -8.333333333333337034e-02 6.318827872197133044e-03
9.124999999999999778e-01 -8.333333333333337034e-02 7.516061897159913296e-03
9.166666666666667407e-01 -8.333333333333337034e-02 8.932331032911015878e-03
9.208333333333333925e-01 -8.333333333333337034e-02 1.065741790432974540e-02
9.250000000000000444e-01 -8.333333333333337034e-02 1.277129095948806303e-02
9.291666666666666963e-01 -8.333333333333337034e-02 1.537246714364663702e-02
9.333333333333333481e-01 -8.333333333333337034e-02 1.858564651592998357e-02
9.375000000000000000e-01 -8.333333333333337034e-02 2.256856654498200221e-02
9.416666666666666519e-01 -8.333333333333337034e-02 2.751955959187195322e-02
9.458333333333333037e-01 -8.333333333333337034e-02 3.368502813599003054e-02
9.499999999999999556e-01 -8.333333333333337034e-02 4.136443343873922457e-02
9.541666666666667185e-01 -8.333333333333337034e-02 5.090730454723139259e-02
9.583333333333333703e-01 -8.333333333333337034e-02 6.269065705240411956e-02
9.625000000000000222e-01 -8.333333333333337034e-02 7.705369581827661851e-02
9.666666666666666741e-01 -8.333333333333337034e-02 9.414688747708503669e-02
9.708333333333333259e-01 -8.333333333333337034e-02 1.136245691555048537e-01
9.749999999999999778e-01 -8.333333333333337034e-02 1.340911585789018035e-01
9.791666666666666297e-01 -8.333333333333337034e-02 1.522717752956884163e-01
9.833333333333333925e-01 -8.333333333333337034e-02 1.621986118947380262e-01
9.875000000000000444e-01 -8.333333333333337034e-02 1.554892707119659989e-01
9.916666666666666963e-01 -8.333333333333337034e-02 1.245579398685392053e-01
9.958333333333333481e-01 -8.333333333333337034e-02 6.901120201321213343e-02
1.000000000000000000e+00 -8.333333333333337034e-02 0.000000000000000000e+00
9.000000000000000222e-01 0.000000000000000000e+00 0.000000000000000000e+00
9.041666666666666741e-01 0.000000000000000000e+00 5.000426821595745086e-03
9.083333333333333259e-01 0.000000000000000000e+00 6.358001328823220666e-03
9.124999999999999778e-01 0.000000000000000000e+00 7.562340819341345499e-03
9.166666666666667407e-01 0.000000000000000000e+00 8.986803497506613836e-03
9.208333333333333925e-01 0.000000000000000000e+00 1.072171337946001279e-02
9.250000000000000444e-01 0.000000000000000000e+00 1.284742676935738542e-02
9.291666666666666963e-01 0.000000000000000000e+00 1.546291301004788787e-02
9.333333333333333481e-01 0.000000000000000000e+00 1.869342475421115202e-02
9.375000000000000000e-01 0.000000000000000000e+00 2.269737339977481033e-02
9.416666666666666519e-01 0.000000000000000000e+00 2.767390642279560914e-02
9.458333333333333037e-01 0.000000000000000000e+00 3.387039824226216467e-02
9.499999999999999556e-01 0.000000000000000000e+00 4.158744114720683283e-02
9.541666666666667185e-01 0.000000000000000000e+00 5.117582343883101542e-02
9.583333333333333703e-01 0.000000000000000000e+00 6.301384280656061043e-02
9.625000000000000222e-01 0.000000000000000000e+00 7.744174393201612439e-02
9.666666666666666741e-01 0.000000000000000000e+00 9.461019683924438983e-02
9.708333333333333259e-01 0.000000000000000000e+00 1.141716728455652585e-01
9.749999999999999778e-01 0.000000000000000000e+00 1.347243212467263973e-01
9.791666666666666297e-01 0.000000000000000000e+00 1.529788413297185345e-01
9.833333333333333925e-01 0.000000000000000000e+00 1.629408205335931004e-01
9.875000000000000444e-01 0.000000000000000000e+00 1.561901470705895356e-01
9.916666666666666963e-01 0.000000000000000000e+00 1.251085688127318019e-01
9.958333333333333481e-01 0.000000000000000000e+00 6.930811949866916288e-02
1.000000000000000000e+00 0.000000000000000000e+00 0.000000000000000000e+00
9.000000000000000222e-01 8.333333333333325932e-02 0.000000000000000000e+00
9.041666666666666741e-01 8.333333333333325932e-02 4.970075913811843049e-03
9.083333333333333259e-01 8.333333333333325932e-02 6.318827872197133044e-03
9.124999999999999778e-01 8.333333333333325932e-02 7.516061897159913296e-03
9.166666666666667407e-01 8.333333333333325932e-02 8.932331032911015878e-03
9.208333333333333925e-01 8.333333333333325932e-02 1.065741790432974540e-02
9.250000000000000444e-01 8.333333333333325932e-02 1.277129095948806303e-02
9.291666666666666963e-01 8.333333333333325932e-02 1.537246714364663702e-02
9.333333333333333481e-01 8.333333333333325932e-02 1.858564651592998357e-02
9.375000000000000000e-01 8.333333333333325932e-02 2.256856654498200221e-02
9.416666666666666519e-01 8.333333333333325932e-02 2.751955959187195322e-02
9.458333333333333037e-01 8.333333333333325932e-02 3.368502813599003054e-02
9.499999999999999556e-01 8.333333333333325932e-02 4.136443343873922457e-02
9.541666666666667185e-01 8.333333333333325932e-02 5.090730454723139259e-02
9.583333333333333703e-01 8.333333333333325932e-02 6.269065705240393915e-02
9.625000000000000222e-01 8.333333333333325932e-02 7.705369581827661851e-02
9.666666666666666741e-01 8.333333333333325932e-02 9.414688747708468974e-02
9.708333333333333259e-01 8.333333333333325932e-02 1.136245691555048537e-01
9.749999999999999778e-01 8.333333333333325932e-02 1.340911585789018035e-01
9.791666666666666297e-01 8.333333333333325932e-02 1.522717752956885828e-01
9.833333333333333925e-01 8.333333333333325932e-02 1.621986118947378597e-01
9.875000000000000444e-01 8.333333333333325932e-02 1.554892707119659989e-01
9.916666666666666963e-01 8.333333333333325932e-02 1.245579398685392053e-01
9.958333333333333481e-01 8.333333333333325932e-02 6.901120201321213343e-02
1.000000000000000000e+00 8.333333333333325932e-02 0.000000000000000000e+00
9.000000000000000222e-01 1.666666666666665186e-01 0.000000000000000000e+00
9.041666666666666741e-01 1.666666666666665186e-01 4.878674774873997810e-03
9.083333333333333259e-01 1.666666666666665186e-01 6.200906854470465690e-03
9.124999999999999778e-01 1.666666666666665186e-01 7.376725091725981620e-03
9.166666666666667407e-01 1.666666666666665186e-01 8.768279488365754437e-03
9.208333333333333925e-01 1.666666666666665186e-01 1.046372229304322332e-02
9.250000000000000444e-01 1.666666666666665186e-01 1.254184548349669692e-02
9.291666666666666963e-01 1.666666666666665186e-01 1.509979102975386733e-02
9.333333333333333481e-01 1.666666666666665186e-01 1.826057731543137552e-02
9.375000000000000000e-01 1.666666666666665186e-01 2.217988807810319235e-02
9.416666666666666519e-01 1.666666666666665186e-01 2.705356794554698852e-02
9.458333333333333037e-01 1.666666666666665186e-01 3.312504805095435600e-02
9.499999999999999556e-01 1.666666666666665186e-01 4.069032540732347991e-02
9.541666666666667185e-01 1.666666666666665186e-01 5.009506342780693094e-02
9.583333333333333703e-01 1.666666666666665186e-01 6.171232992074719703e-02
9.625000000000000222e-01 1.666666666666665186e-01 7.587810795466991276e-02
9.666666666666666741e-01 1.666666666666665186e-01 9.274218338976014664e-02
9.708333333333333259e-01 1.666666666666665186e-01 1.119645207505006873e-01
9.749999999999999778e-01 1.666666666666665186e-01 1.321685980454090636e-01
9.791666666666666297e-01 1.666666666666665186e-01 1.501234576783501695e-01
9.833333333333333925e-01 1.666666666666665186e-01 1.599423423099039232e-01
9.875000000000000444e-01 1.666666666666665186e-01 1.533577174546312538e-01
9.916666666666666963e-01 1.666666666666665186e-01 1.228826184568225788e-01
9.958333333333333481e-01 1.666666666666665186e-01 6.810736790466338786e-02
1.000000000000000000e+00 1.666666666666665186e-01 0.000000000000000000e+00
9.000000000000000222e-01 2.500000000000000000e-01 0.000000000000000000e+00
9.041666666666666741e-01 2.500000000000000000e-01 4.725174247896361812e-03
9.083333333333333259e-01 2.500000000000000000e-01 6.003032688773647652e-03
9.124999999999999778e-01 2.500000000000000000e-01 7.142825346831936650e-03
9.166666666666667407e-01 2.500000000000000000e-01 8.492739690067405145e-03
9.208333333333333925e-01 2.500000000000000000e-01 1.013818979321446517e-02
9.250000000000000444e-01 2.500000000000000000e-01 1.215596354674757656e-02
9.291666666666666963e-01 2.500000000000000000e-01 1.464085160186381906e-02
9.333333333333333481e-01 2.500000000000000000e-01 1.771298930190474269e-02
9.375000000000000000e-01 2.500000000000000000e-01 2.152453016997599861e-02
9.416666666666666519e-01 2.500000000000000000e-01 2.626703011543128630e-02
9.458333333333333037e-01 2.500000000000000000e-01 3.217878126850984982e-02
9.499999999999999556e-01 2.500000000000000000e-01 3.954976742318420946e-02
9.541666666666667185e-01 2.500000000000000000e-01 4.871891345185792865e-02
9.583333333333333703e-01 2.500000000000000000e-01 6.005236574739333116e-02
9.625000000000000222e-01 2.500000000000000000e-01 7.388039296193811556e-02
9.666666666666666741e-01 2.500000000000000000e-01 9.035140840182101507e-02
9.708333333333333259e-01 2.500000000000000000e-01 1.091348559987161404e-01
9.749999999999999778e-01 2.500000000000000000e-01 1.288868374805336448e-01
9.791666666666666297e-01 2.500000000000000000e-01 1.464518221111248686e-01
9.833333333333333925e-01 2.500000000000000000e-01 1.560822753526607265e-01
9.875000000000000444e-01 2.500000000000000000e-01 1.497078704018424133e-01
9.916666666666666963e-01 2.500000000000000000e-01 1.200115290677396945e-01
9.958333333333333481e-01 2.500000000000000000e-01 6.655686572540481238e-02
1.000000000000000000e+00 2.500000000000000000e-01 0.000000000000000000e+00
9.000000000000000222e-01 3.333333333333332593e-01 0.000000000000000000e+00
9.041666666666666741e-01 3.333333333333332593e-01 4.507812667789608263e-03
9.083333333333333259e-01 3.333333333333332593e-01 5.723183901100784010e-03
9.124999999999999778e-01 3.333333333333332593e-01 6.811837740619205994e-03
9.166666666666667407e-01 3.333333333333332593e-01 8.102507236292660897e-03
9.208333333333333925e-01 3.333333333333332593e-01 9.676728447898311214e-03
9.250000000000000444e-01 3.333333333333332593e-01 1.160839156887413098e-02
9.291666666666666963e-01 3.333333333333332593e-01 1.398886858367514446e-02
9.333333333333333481e-01 3.333333333333332593e-01 1.693408796823499957e-02
9.375000000000000000e-01 3.333333333333332593e-01 2.059103258068555736e-02
9.416666666666666519e-01 3.333333333333332593e-01 2.514495069636784458e-02
9.458333333333333037e-01 3.333333333333332593e-01 3.082654185279816439e-02
9.499999999999999556e-01 3.333333333333332593e-01 3.791686064890716773e-02
9.541666666666667185e-01 3.333333333333332593e-01 4.674476676255132079e-02
9.583333333333333703e-01 3.333333333333332593e-01 5.766598697601581919e-02
9.625000000000000222e-01 3.333333333333332593e-01 7.100205363690936800e-02
9.666666666666666741e-01 3.333333333333332593e-01 8.689895044188214457e-02
9.708333333333333259e-01 3.333333333333332593e-01 1.050396060114437979e-01
9.749999999999999778e-01 3.333333333333332593e-01 1.241276175044176561e-01
9.791666666666666297e-01 3.333333333333332593e-01 1.411177696027089701e-01
9.833333333333333925e-01 3.333333333333332593e-01 1.504662103204136570e-01
9.875000000000000444e-01 3.333333333333332593e-01 1.443909253363915013e-01
9.916666666666666963e-01 3.333333333333332593e-01 1.158236558489787321e-01
9.958333333333333481e-01 3.333333333333332593e-01 6.429174804562197421e-02
1.000000000000000000e+00 3.333333333333332593e-01 0.000000000000000000e+00
9.000000000000000222e-01 4.166666666666665186e-01 0.000000000000000000e+00
9.041666666666666741e-01 4.166666666666665186e-01 4.224096128042920117e-03
9.083333333333333259e-01 4.166666666666665186e-01 5.358504823468369926e-03
9.124999999999999778e-01 4.166666666666665186e-01 6.380192640003529148e-03
9.166666666666667407e-01 4.166666666666665186e-01 7.593048689574256882e-03
9.208333333333333925e-01 4.166666666666665186e-01 9.073544854661975967e-03
9.250000000000000444e-01 4.166666666666665186e-01 1.089168555579392988e-02
9.291666666666666963e-01 4.166666666666665186e-01 1.313422643222511565e-02
9.333333333333333481e-01 4.166666666666665186e-01 1.591138965009678691e-02
9.375000000000000000e-01 4.166666666666665186e-01 1.936311148698025703e-02
9.416666666666666519e-01 4.166666666666665186e-01 2.366600027392529171e-02
9.458333333333333037e-01 4.166666666666665186e-01 2.904029764177473716e-02
9.499999999999999556e-01 4.166666666666665186e-01 3.575468395854361492e-02
9.541666666666667185e-01 4.166666666666665186e-01 4.412397242612754733e-02
9.583333333333333703e-01 4.166666666666665186e-01 5.448921504059116294e-02
9.625000000000000222e-01 4.166666666666665186e-01 6.715942272846019134e-02
9.666666666666666741e-01 4.166666666666665186e-01 8.227656735081914641e-02
9.708333333333333259e-01 4.166666666666665186e-01 9.954129073160462859e-02
9.749999999999999778e-01 4.166666666666665186e-01 1.177214367664153605e-01
9.791666666666666297e-01 4.166666666666665186e-01 1.339218285020631616e-01
9.833333333333333925e-01 4.166666666666665186e-01 1.428756919824671068e-01
9.875000000000000444e-01 4.166666666666665186e-01 1.371928741069791957e-01
9.916666666666666963e-01 4.166666666666665186e-01 1.101442719409852222e-01
9.958333333333333481e-01 4.166666666666665186e-01 6.121330790909464137e-02
1.000000000000000000e+00 4.166666666666665186e-01 0.000000000000000000e+00
9.000000000000000222e-01 5.000000000000000000e-01 0.000000000000000000e+00
9.041666666666666741e-01 5.000000000000000000e-01 3.870770598921220718e-03
9.083333333333333259e-01 5.000000000000000000e-01 4.905279840115676915e-03
9.124999999999999778e-01 5.000000000000000000e-01 5.843240712789278535e-03
9.166666666666667407e-01 5.000000000000000000e-01 6.958453971050125586e-03
9.208333333333333925e-01 5.000000000000000000e-01 8.321079064272339509e-03
9.250000000000000444e-01 5.000000000000000000e-01 9.996121549275122087e-03
9.291666666666666963e-01 5.000000000000000000e-01 1.206435047261551069e-02
9.333333333333333481e-01 5.000000000000000000e-01 1.462854935034424431e-02
9.375000000000000000e-01 5.000000000000000000e-01 1.781941918434001154e-02
9.416666666666666519e-01 5.000000000000000000e-01 2.180217911187127405e-02
9.458333333333333037e-01 5.000000000000000000e-01 2.678319905521711619e-02
9.499999999999999556e-01 5.000000000000000000e-01 3.301463464192959385e-02
9.541666666666667185e-01 5.000000000000000000e-01 4.079239813609535775e-02
9.583333333333333703e-01 5.000000000000000000e-01 5.043760267716534268e-02
9.625000000000000222e-01 5.000000000000000000e-01 6.224193840194680583e-02
9.666666666666666741e-01 5.000000000000000000e-01 7.634109190794730049e-02
9.708333333333333259e-01 5.000000000000000000e-01 9.245795722627979385e-02
9.749999999999999778e-01 5.000000000000000000e-01 1.094438784086907840e-01
9.791666666666666297e-01 5.000000000000000000e-01 1.245998028692700821e-01
9.833333333333333925e-01 5.000000000000000000e-01 1.330210923530954770e-01
9.875000000000000444e-01 5.000000000000000000e-01 1.278292242546379132e-01
9.916666666666666963e-01 5.000000000000000000e-01 1.027398217088013044e-01
9.958333333333333481e-01 5.000000000000000000e-01 5.718845727787826710e-02
1.000000000000000000e+00 5.000000000000000000e-01 0.000000000000000000e+00
9.000000000000000222e-01 5.833333333333332593e-01 0.000000000000000000e+00
9.041666666666666741e-01 5.833333333333332593e-01 3.443785642509751554e-03
9.083333333333333259e-01 5.833333333333332593e-01 4.358900066788948258e-03
9.124999999999999778e-01 5.833333333333332593e-01 5.195207599490402062e-03
9.166666666666667407e-01 5.833333333333332593e-01 6.191374693775841820e-03
9.208333333333333925e-01 5.833333333333332593e-01 7.409920276478867973e-03
9.250000000000000444e-01 5.833333333333332593e-01 8.909579723159755105e-03
9.291666666666666963e-01 5.833333333333332593e-01 1.076354671493192500e-02
9.333333333333333481e-01 5.833333333333332593e-01 1.306513835936280732e-02
9.375000000000000000e-01 5.833333333333332593e-01 1.593323428464455543e-02
9.416666666666666519e-01 5.833333333333332593e-01 1.951838468125261655e-02
9.458333333333333037e-01 5.833333333333332593e-01 2.400897536646313252e-02
9.499999999999999556e-01 5.833333333333332593e-01 2.963558788879067790e-02
9.541666666666667185e-01 5.833333333333332593e-01 3.666926755540589333e-02
9.583333333333333703e-01 5.833333333333332593e-01 4.540464394054734287e-02
9.625000000000000222e-01 5.833333333333332593e-01 5.611000857606747438e-02
9.666666666666666741e-01 5.833333333333332593e-01 6.891163715876408302e-02
9.708333333333333259e-01 5.833333333333332593e-01 8.355964952691842529e-02
9.749999999999999778e-01 5.833333333333332593e-01 9.901133935367005534e-02
9.791666666666666297e-01 5.833333333333332593e-01 1.128178294034174189e-01
9.833333333333333925e-01 5.833333333333332593e-01 1.205360711550685499e-01
9.875000000000000444e-01 5.833333333333332593e-01 1.159389151686398001e-01
9.916666666666666963e-01 5.833333333333332593e-01 9.331169749808680691e-02
9.958333333333333481e-01 5.833333333333332593e-01 5.204503887130274703e-02
1.000000000000000000e+00 5.833333333333332593e-01 0.000000000000000000e+00
9.000000000000000222e-01 6.666666666666665186e-01 0.000000000000000000e+00
9.041666666666666741e-01 6.666666666666665186e-01 2.938249398628904607e-03
9.083333333333333259e-01 6.666666666666665186e-01 3.713822315235155991e-03
9.124999999999999778e-01 6.666666666666665186e-01 4.429137999455157182e-03
9.166666666666667407e-01 6.666666666666665186e-01 5.282948113882919572e-03
9.208333333333333925e-01 6.666666666666665186e-01 6.328702924830037491e-03
9.250000000000000444e-01 6.666666666666665186e-01 7.617401633031907482e-03
9.291666666666666963e-01 6.666666666666665186e-01 9.212804813484715138e-03
9.333333333333333481e-01 6.666666666666665186e-01 1.119637120993947216e-02
9.375000000000000000e-01 6.666666666666665186e-01 1.367208234193985350e-02
9.416666666666666519e-01 6.666666666666665186e-01 1.677188407294954303e-02
9.458333333333333037e-01 6.666666666666665186e-01 2.066120211607347379e-02
9.499999999999999556e-01 6.666666666666665186e-01 2.554288448832521541e-02
9.541666666666667185e-01 6.666666666666665186e-01 3.165577462843835455e-02
9.583333333333333703e-01 6.666666666666665186e-01 3.925990672633168643e-02
9.625000000000000222e-01 6.666666666666665186e-01 4.859255304989189977e-02
9.666666666666666741e-01 6.666666666666665186e-01 5.976646907650436102e-02
9.708333333333333259e-01 6.666666666666665186e-01 7.256460426693037147e-02
9.749999999999999778e-01 6.666666666666665186e-01 8.607663899323388101e-02
9.791666666666666297e-01 6.666666666666665186e-01 9.816752935774569755e-02
9.833333333333333925e-01 6.666666666666665186e-01 1.049722478205818155e-01
9.875000000000000444e-01 6.666666666666665186e-01 1.010782038720667297e-01
9.916666666666666963e-01 6.666666666666665186e-01 8.148934845580574349e-02
9.958333333333333481e-01 6.666666666666665186e-01 4.556609988240877679e-02
1.000000000000000000e+00 6.666666666666665186e-01 0.000000000000000000e+00
9.000000000000000222e-01 7.500000000000000000e-01 0.000000000000000000e+00
9.041666666666666741e-01 7.500000000000000000e-01 2.348374445636583485e-03
9.083333333333333259e-01 7.500000000000000000e-01 2.963520172320766033e-03
9.124999999999999778e-01 7.500000000000000000e-01 3.536828886155536644e-03
9.166666666666667407e-01 7.500000000000000000e-01 4.222706335015903589e-03
9.208333333333333925e-01 7.500000000000000000e-01 5.063982704067715446e-03
9.250000000000000444e-01 7.500000000000000000e-01 6.102220114991702138e-03
9.291666666666666963e-01 7.500000000000000000e-01 7.389563695182031766e-03
9.333333333333333481e-01 7.500000000000000000e-01 8.992781758887340160e-03
9.375000000000000000e-01 7.500000000000000000e-01 1.099728750775085667e-02
9.416666666666666519e-01 7.500000000000000000e-01 1.351169388683487460e-02
9.458333333333333037e-01 7.500000000000000000e-01 1.667244671703736053e-02
9.499999999999999556e-01 7.500000000000000000e-01 2.064716321848111824e-02
9.541666666666667185e-01 7.500000000000000000e-01 2.563351045023060104e-02
9.583333333333333703e-01 7.500000000000000000e-01 3.184696066627946964e-02
9.625000000000000222e-01 7.500000000000000000e-01 3.948436586339292703e-02
9.666666666666666741e-01 7.500000000000000000e-01 4.863981157671518063e-02
9.708333333333333259e-01 7.500000000000000000e-01 5.913563602912130096e-02
9.749999999999999778e-01 7.500000000000000000e-01 7.022525566571807820e-02
9.791666666666666297e-01 7.500000000000000000e-01 8.016233232557949673e-02
9.833333333333333925e-01 7.500000000000000000e-01 8.579539838924499229e-02
9.875000000000000444e-01 7.500000000000000000e-01 8.271576368404053026e-02
9.916666666666666963e-01 7.500000000000000000e-01 6.682347034435570654e-02
9.958333333333333481e-01 7.500000000000000000e-01 3.748323248224938453e-02
1.000000000000000000e+00 7.500000000000000000e-01 0.000000000000000000e+00
9.000000000000000222e-01 8.333333333333332593e-01 0.000000000000000000e+00
9.041666666666666741e-01 8.333333333333332593e-01 1.667414072402395586e-03
9.083333333333333259e-01 8.333333333333332593e-01 2.100427007365943122e-03
9.124999999999999778e-01 8.333333333333332593e-01 2.508751537044079383e-03
9.166666666666667407e-01 8.333333333333332593e-01 2.998470377531259334e-03
9.208333333333333925e-01 8.333333333333332593e-01 3.600092091795778493e-03
9.250000000000000444e-01 8.333333333333332593e-01 4.343761387110706140e-03
9.291666666666666963e-01 8.333333333333332593e-01 5.267439581962095330e-03
9.333333333333333481e-01 8.333333333333332593e-01 6.419848693197879874e-03
9.375000000000000000e-01 8.333333333333332593e-01 7.863456972193212657e-03
9.416666666666666519e-01 8.333333333333332593e-01 9.677872683897144335e-03
9.458333333333333037e-01 8.333333333333332593e-01 1.196330450357122044e-02
9.499999999999999556e-01 8.333333333333332593e-01 1.484306499322934902e-02
9.541666666666667185e-01 8.333333333333332593e-01 1.846275939688252210e-02
9.583333333333333703e-01 8.333333333333332593e-01 2.298121439021621332e-02
9.625000000000000222e-01 8.333333333333332593e-01 2.854351811920879251e-02
9.666666666666666741e-01 8.333333333333332593e-01 3.521899028237143736e-02
9.708333333333333259e-01 8.333333333333332593e-01 4.287741937788851210e-02
9.749999999999999778e-01 8.333333333333332593e-01 5.097332599802145009e-02
9.791666666666666297e-01 8.333333333333332593e-01 5.823660152934357487e-02
9.833333333333333925e-01 8.333333333333332593e-01 6.238517238056299347e-02
9.875000000000000444e-01 8.333333333333332593e-01 6.023091840283018028e-02
9.916666666666666963e-01 8.333333333333332593e-01 4.878049816127022487e-02
9.958333333333333481e-01 8.333333333333332593e-01 2.746922221408491099e-02
1.000000000000000000e+00 8.333333333333332593e-01 0.000000000000000000e+00
9.000000000000000222e-01 9.166666666666665186e-01 0.000000000000000000e+00
9.041666666666666741e-01 9.166666666666665186e-01 8.875884334413192134e-04
9.083333333333333259e-01 9.166666666666665186e-01 1.115870714348335402e-03
9.124999999999999778e-01 9.166666666666665186e-01 1.333962047500407422e-03
9.166666666666667407e-01 9.166666666666665186e-01 1.596228725575001006e-03
9.208333333333333925e-01 9.166666666666665186e-01 1.918974962405138596e-03
9.250000000000000444e-01 9.166666666666665186e-01 2.318619056190102112e-03
9.291666666666666963e-01 9.166666666666665186e-01 2.815916504135713982e-03
9.333333333333333481e-01 9.166666666666665186e-01 3.437571598069281975e-03
9.375000000000000000e-01 9.166666666666665186e-01 4.217901747933551493e-03
9.416666666666666519e-01 9.166666666666665186e-01 5.200734835996562166e-03
9.458333333333333037e-01 9.166666666666665186e-01 6.441345121164024357e-03
9.499999999999999556e-01 9.166666666666665186e-01 8.007851175381892894e-03
9.541666666666667185e-01 9.166666666666665186e-01 9.980751477772602243e-03
9.583333333333333703e-01 9.166666666666665186e-01 1.244783458741009763e-02
9.625000000000000222e-01 9.166666666666665186e-01 1.548913116529368472e-02
9.666666666666666741e-01 9.166666666666665186e-01 1.914251904715971037e-02
9.708333333333333259e-01 9.166666666666665186e-01 2.333571078820505240e-02
9.749999999999999778e-01 9.166666666666665186e-01 2.776907092662383308e-02
9.791666666666666297e-01 9.166666666666665186e-01 3.174993851370964265e-02
9.833333333333333925e-01 9.166666666666665186e-01 3.404124646715495084e-02
9.875000000000000444e-01 9.166666666666665186e-01 3.291787102193185349e-02
9.916666666666666963e-01 9.166666666666665186e-01 2.674031003859784345e-02
9.958333333333333481e-01 9.166666666666665186e-01 1.513046960580407413e-02
1.000000000000000000e+00 9.166666666666665186e-01 0.000000000000000000e+00
9.000000000000000222e-01 1.000000000000000000e+00 0.000000000000000000e+00
9.041666666666666741e-01 1.000000000000000000e+00 0.000000000000000000e+00
9.083333333333333259e-01 1.000000000000000000e+00 0.000000000000000000e+00
9.124999999999999778e-01 1.000000000000000000e+00 0.000000000000000000e+00
9.166666666666667407e-01 1.000000000000000000e+00 0.000000000000000000e+00
9.208333333333333925e-01 1.000000000000000000e+00 0.000000000000000000e+00
9.250000000000000444e-01 1.000000000000000000e+00 0.000000000000000000e+00
9.291666666666666963e-01 1.000000000000000000e+00 0.000000000000000000e+00
9.333333333333333481e-01 1.000000000000000000e+00 0.000000000000000000e+00
9.375000000000000000e-01 1.000000000000000000e+00 0.000000000000000000e+00
9.416666666666666519e-01 1.000000000000000000e+00 0.000000000000000000e+00
9.458333333333333037e-01 1.000000000000000000e+00 0.000000000000000000e+00
9.499999999999999556e-01 1.000000000000000000e+00 0.000000000000000000e+00
9.541666666666667185e-01 1.000000000000000000e+00 0.000000000000000000e+00
9.583333333333333703e-01 1.000000000000000000e+00 0.000000000000000000e+00
9.625000000000000222e-01 1.000000000000000000e+00 0.000000000000000000e+00
9.666666666666666741e-01 1.000000000000000000e+00 0.000000000000000000e+00
9.708333333333333259e-01 1.000000000000000000e+00 0.000000000000000000e+00
9.749999999999999778e-01 1.000000000000000000e+00 0.000000000000000000e+00
9.791666666666666297e-01 1.000000000000000000e+00 0.000000000000000000e+00
9.833333333333333925e-01 1.000000000000000000e+00 0.000000000000000000e+00
9.875000000000000444e-01 1.000000000000000000e+00 0.000000000000000000e+00
9.916666666666666963e-01 1.000000000000000000e+00 0.000000000000000000e+00
9.958333333333333481e-01 1.000000000000000000e+00 0.000000000000000000e+00
1.000000000000000000e+00 1.000000000000000000e+00 0.000000000000000000e+00
