-2.011046688973960439e+00 0.000000000000000000e+00
-1.970642648569919997e+00 0.000000000000000000e+00
-1.930238608165879777e+00 0.000000000000000000e+00
-1.889834567761839113e+00 0.000000000000000000e+00
-1.849430527357798892e+00 0.000000000000000000e+00
-1.809026486953758450e+00 0.000000000000000000e+00
-1.768622446549718008e+00 0.000000000000000000e+00
-1.728218406145677788e+00 0.000000000000000000e+00
-1.687814365741637124e+00 0.000000000000000000e+00
-1.647410325337596904e+00 0.000000000000000000e+00
-1.607006284933556461e+00 0.000000000000000000e+00
-1.566602244529516241e+00 0.000000000000000000e+00
-1.526198204125475577e+00 0.000000000000000000e+00
-1.485794163721435357e+00 0.000000000000000000e+00
-1.445390123317394915e+00 0.000000000000000000e+00
-1.404986082913354251e+00 0.000000000000000000e+00
-1.364582042509314252e+00 0.000000000000000000e+00
-1.324178002105273810e+00 0.000000000000000000e+00
-1.283773961701233368e+00 0.000000000000000000e+00
-1.243369921297192926e+00 0.000000000000000000e+00
-1.202965880893152484e+00 0.000000000000000000e+00
-1.162561840489112264e+00 0.000000000000000000e+00
-1.122157800085071822e+00 0.000000000000000000e+00
-1.081753759681031379e+00 0.000000000000000000e+00
-1.041349719276990937e+00 0.000000000000000000e+00
-1.000945678872950495e+00 1.417744328042245816e-01
-9.605416384689101639e-01 3.137823144850316881e-01
-9.201375980648697217e-01 4.165977904505310248e-01
-8.797335576608293906e-01 4.953616095046152190e-01
-8.393295172567888374e-01 5.603102322569157856e-01
-7.989254768527485062e-01 6.158303464515628711e-01
-7.585214364487080640e-01 6.642902241396922980e-01
-7.181173960446677329e-01 7.071428534621065909e-01
-6.777133556406272907e-01 7.453559924999298980e-01
-6.373093152365867375e-01 7.796121618770696093e-01
-5.969052748325465174e-01 8.104133003448166228e-01
-5.565012344285060752e-01 8.381404052084443501e-01
-5.160971940244658551e-01 8.630897910114738725e-01
-4.756931536204252464e-01 8.854962805633582734e-01
-4.352891132163847487e-01 9.055486543929658350e-01
-3.948850728123445286e-01 9.234002897402283638e-01
-3.544810324083039754e-01 9.391766882487136980e-01
-3.140769920042636998e-01 9.529809208191749592e-01
-2.736729516002231466e-01 9.648976350779192579e-01
-2.332689111961829542e-01 9.749960430435691272e-01
-1.928648707921424010e-01 9.833321660356333371e-01
-1.524608303881019034e-01 9.899505243233628349e-01
-1.120567899840616694e-01 9.948854001813119963e-01
-7.165274958002113004e-02 9.981617631515516953e-01
-3.124870917598089604e-02 9.997959183652216364e-01
9.155331228059636339e-03 9.997959183652216364e-01
4.955937163209987034e-02 9.981617631515516953e-01
8.996341203614038884e-02 9.948854001813119963e-01
1.303674524401809143e-01 9.899505243233628349e-01
1.707714928442211622e-01 9.833321660356333371e-01
2.111755332482617153e-01 9.749960430435691272e-01
2.515795736523019355e-01 9.648976350779192579e-01
2.919836140563424887e-01 9.529809208191749592e-01
3.323876544603829863e-01 9.391766882487134760e-01
3.727916948644232065e-01 9.234002897402283638e-01
4.131957352684637041e-01 9.055486543929657239e-01
4.535997756725039798e-01 8.854962805633582734e-01
4.940038160765444775e-01 8.630897910114738725e-01
5.344078564805847531e-01 8.381404052084443501e-01
5.748118968846251953e-01 8.104133003448166228e-01
6.152159372886657485e-01 7.796121618770693873e-01
6.556199776927059686e-01 7.453559924999298980e-01
6.960240180967465218e-01 7.071428534621064799e-01
7.364280585007870750e-01 6.642902241396918539e-01
7.768320989048269620e-01 6.158303464515632042e-01
8.172361393088675152e-01 5.603102322569157856e-01
8.576401797129080684e-01 4.953616095046152190e-01
8.980442201169486216e-01 4.165977904505305252e-01
9.384482605209891748e-01 3.137823144850306334e-01
9.788523009250290619e-01 1.417744328042253865e-01
1.019256341329069615e+00 0.000000000000000000e+00
1.059660381733110057e+00 0.000000000000000000e+00
1.100064422137150721e+00 0.000000000000000000e+00
1.140468462541191164e+00 0.000000000000000000e+00
1.180872502945231162e+00 0.000000000000000000e+00
1.221276543349271604e+00 0.000000000000000000e+00
1.261680583753312268e+00 0.000000000000000000e+00
1.302084624157352710e+00 0.000000000000000000e+00
1.342488664561392708e+00 0.000000000000000000e+00
1.382892704965433373e+00 0.000000000000000000e+00
1.423296745369473815e+00 0.000000000000000000e+00
1.463700785773514479e+00 0.000000000000000000e+00
1.504104826177554921e+00 0.000000000000000000e+00
1.544508866581594919e+00 0.000000000000000000e+00
1.584912906985635361e+00 0.000000000000000000e+00
1.625316947389675803e+00 0.000000000000000000e+00
1.665720987793716468e+00 0.000000000000000000e+00
1.706125028197756910e+00 0.000000000000000000e+00
1.746529068601796908e+00 0.000000000000000000e+00
1.786933109005837350e+00 0.000000000000000000e+00
1.827337149409878014e+00 0.000000000000000000e+00
1.867741189813918457e+00 0.000000000000000000e+00
1.908145230217959121e+00 0.000000000000000000e+00
1.948549270621998897e+00 0.000000000000000000e+00
1.988953311026039561e+00 0.000000000000000000e+00
