9.000000000000000000e+01 7.012859021377130619e-05
9.983967935871743293e+01 7.631993498922714017e-05
1.096793587174348659e+02 8.240882857681141162e-05
1.195190380761522988e+02 8.840404423613617332e-05
1.293587174348697317e+02 9.431300746671115824e-05
1.391983967935871647e+02 1.001420829529374652e-04
1.490380761523045976e+02 1.058967839126536526e-04
1.588777555110220305e+02 1.115819319415088689e-04
1.687174348697394635e+02 1.172017773749759194e-04
1.785571142284568964e+02 1.227600948099546432e-04
1.883967935871743293e+02 1.282602579194546961e-04
1.982364729458917623e+02 1.337052995536482114e-04
2.080761523046091952e+02 1.390979604391537989e-04
2.179158316633266281e+02 1.444407290702920594e-04
2.277555110220440611e+02 1.497358746851611762e-04
2.375951903807615224e+02 1.549854750568621826e-04
2.474348697394789554e+02 1.601914384388404208e-04
2.572745490981964167e+02 1.653555248108597869e-04
2.671142284569137928e+02 1.704793617478968476e-04
2.769539078156312826e+02 1.755644577088954583e-04
2.867935871743486587e+02 1.806122165505669999e-04
2.966332665330660916e+02 1.856239456598420944e-04
3.064729458917835245e+02 1.906008677663288166e-04
3.163126252505010143e+02 1.955441264978009460e-04
3.261523046092183904e+02 2.004547961542070707e-04
3.359919839679358802e+02 2.053338852617597656e-04
3.458316633266532563e+02 2.101823449934513968e-04
3.556713426853707460e+02 2.150010711402644526e-04
3.655110220440881221e+02 2.197909116486543887e-04
3.753507014028056119e+02 2.245526677018825409e-04
3.851903807615230448e+02 2.292870985443228775e-04
3.950300601202404209e+02 2.339949258878108208e-04
4.048697394789579107e+02 2.386768337719195378e-04
4.147094188376753436e+02 2.433334747962882870e-04
4.245490981963927766e+02 2.479654690777126553e-04
4.343887775551102095e+02 2.525734084814873189e-04
4.442284569138275856e+02 2.571578574391914168e-04
4.540681362725450185e+02 2.617193568139537557e-04
4.639078156312625083e+02 2.662584224019767971e-04
4.737474949899799412e+02 2.707755485440530713e-04
4.835871743486973742e+02 2.752712089305662082e-04
4.934268537074148071e+02 2.797458578648328534e-04
5.032665330661321832e+02 2.841999313969042714e-04
5.131062124248496730e+02 2.886839419172415513e-04
5.229458917835670491e+02 2.934368933373001850e-04
5.327855711422845388e+02 2.981775757364905476e-04
5.426252505010020286e+02 3.029062092127348944e-04
5.524649298597194047e+02 3.076230054844734225e-04
5.623046092184367808e+02 3.123281698661520777e-04
5.721442885771542706e+02 3.170218993267342436e-04
5.819839679358717603e+02 3.217043844380199059e-04
5.918236472945891364e+02 3.263758093232496443e-04
6.016633266533065125e+02 3.310363519749470653e-04
6.115030060120240023e+02 3.356861845628572637e-04
6.213426853707414921e+02 3.403254733115748751e-04
6.311823647294588682e+02 3.449543804367568222e-04
6.410220440881762443e+02 3.495730618375040796e-04
6.508617234468937340e+02 3.541816690510179999e-04
6.607014028056112238e+02 3.587803490383374618e-04
6.705410821643285999e+02 3.633692443898207144e-04
6.803807615230460897e+02 3.679484935184974934e-04
6.902204408817634658e+02 3.725182308421658714e-04
7.000601202404808419e+02 3.770785869550665110e-04
7.098997995991983316e+02 3.816296887898275032e-04
7.197394789579158214e+02 3.861716592961965617e-04
7.295791583166331975e+02 3.907046194932825914e-04
7.394188376753506873e+02 3.952286857280487434e-04
7.492585170340680634e+02 3.997439717346633684e-04
7.590981963927855531e+02 4.042505882717134470e-04
7.689378757515030429e+02 4.087486432383361954e-04
7.787775551102204190e+02 4.132382417843956900e-04
7.886172344689377951e+02 4.177194864150529739e-04
7.984569138276551712e+02 4.221924770900865116e-04
8.082965931863726610e+02 4.266573113106718936e-04
8.181362725450900371e+02 4.311140842232391340e-04
8.279759519038075268e+02 4.355628887096618120e-04
8.378156312625250166e+02 4.400038149138176414e-04
8.476553106212423927e+02 4.444369524692521082e-04
