5.367223424805522392e+00 5.959348653224378228e-06
5.498081132204287513e+00 6.078100792574422803e-06
5.630544455644756141e+00 6.198147009178654237e-06
5.764613395126925610e+00 6.319485312704923151e-06
5.900287950650798585e+00 6.442113737618841295e-06
6.037568122216375066e+00 6.566030393127876494e-06
6.176453909823653277e+00 6.691233405238337641e-06
6.316945313472634993e+00 6.817720968545533055e-06
6.459042333163318439e+00 6.945491323861938827e-06
6.602744968895707167e+00 7.074542736414293771e-06
6.748053220669795849e+00 7.204873540817050931e-06
6.894967088485587148e+00 7.336482118653707538e-06
7.043486572343081953e+00 7.469366876598183691e-06
7.193611672242280264e+00 7.603526299500042434e-06
7.345342388183179416e+00 7.738958889348050273e-06
7.498678720165779410e+00 7.875663220312665089e-06
7.653620668190084686e+00 8.013637915257946332e-06
7.810168232256092580e+00 8.152881622761051420e-06
7.968321412363803979e+00 8.293393064941941627e-06
8.128080208513217997e+00 8.435171013796935954e-06
8.289444620704333744e+00 8.578214268022653016e-06
8.452414648937150332e+00 8.722521701279123375e-06
8.616990293211673091e+00 8.868092238312227211e-06
8.783171553527896691e+00 9.003367355737326418e-06
8.950958429885822909e+00 9.137444391142063256e-06
9.120350922285451745e+00 9.272413422652102003e-06
9.291349030726783198e+00 9.408267921108318766e-06
9.463952755209817269e+00 9.545001351739613516e-06
9.638162095734552182e+00 9.682607267717531401e-06
9.813977052300991488e+00 9.821079203305177423e-06
9.991397624909135189e+00 9.960410784744754258e-06
1.017042381355897973e+01 1.010059561884311912e-05
1.035105561825052689e+01 1.024162739381362096e-05
1.053329303898377667e+01 1.038349983632119280e-05
1.071713607575873084e+01 1.052620666998029035e-05
1.090258472857538585e+01 1.066974171704013170e-05
1.108963899743374348e+01 1.081409878174556185e-05
1.127829888233380373e+01 1.095927177094304511e-05
1.146856438327556660e+01 1.110525457234974346e-05
1.166043550025903386e+01 1.125204116427681274e-05
1.185391223328420196e+01 1.139962556849236636e-05
1.204899458235107090e+01 1.154800180474813719e-05
1.224568254745964602e+01 1.169716400136304909e-05
1.244397612860992197e+01 1.184710626778683221e-05
1.264387532580190054e+01 1.199782282585766473e-05
1.284538013903558351e+01 1.214930787677747975e-05
1.304849056831096910e+01 1.230155572054013807e-05
1.325320661362805552e+01 1.245456070420894007e-05
1.345952827498684634e+01 1.260831717215660801e-05
1.366745555238733623e+01 1.276281958631365092e-05
1.387698844582953406e+01 1.291806238702825624e-05
1.408812695531342918e+01 1.307900982247056820e-05
1.430087108083903225e+01 1.324298612804539987e-05
1.451522082240633438e+01 1.340801480710358305e-05
1.473117618001534090e+01 1.357409395402968180e-05
1.494873715366604827e+01 1.374122173438204500e-05
1.516790374335846003e+01 1.390939626431563007e-05
1.538867594909257441e+01 1.407861571869999716e-05
1.561105377086839141e+01 1.424887828391222501e-05
1.583503720868590925e+01 1.442018211188612905e-05
1.606062626254512438e+01 1.459252541385853080e-05
1.628782093244604923e+01 1.476590641273873165e-05
1.651662121838867847e+01 1.494032329691841722e-05
1.674702712037300500e+01 1.511577431455062221e-05
1.697903863839903948e+01 1.529225772562328831e-05
1.721265577246677481e+01 1.546977175551435041e-05
1.744787852257621452e+01 1.564831470597660362e-05
1.768470688872735508e+01 1.582788482588858332e-05
1.792314087092019292e+01 1.600848042665648194e-05
1.816318046915473872e+01 1.619009983169354986e-05
1.840482568343098890e+01 1.637274132747795237e-05
1.864807651374893993e+01 1.655640326340596688e-05
1.889293296010859180e+01 1.674108400095312646e-05
1.913939502250994806e+01 1.692678186446271350e-05
1.938746270095300517e+01 1.711349525873105982e-05
1.963713599543776667e+01 1.730122253192801368e-05
1.988841490596423256e+01 1.748996209798544182e-05
2.014129943253239929e+01 1.767971238297464325e-05
2.039578957514226687e+01 1.787047177312140294e-05
2.065188533379383884e+01 1.806223872077256806e-05
2.090958670848711520e+01 1.825501169039770778e-05
2.116889369922209241e+01 1.844878910629859135e-05
2.142980630599877401e+01 1.864356947750254616e-05
2.169232452881715290e+01 1.883935125201925155e-05
2.195644836767723973e+01 1.903613294699716660e-05
2.222217782257902741e+01 1.923391309162866101e-05
2.248951289352251237e+01 1.943269017182450983e-05
2.275845358050770528e+01 1.963246274297110233e-05
2.302899988353459904e+01 1.983322937242832290e-05
2.330115180260319718e+01 2.003498858382312143e-05
2.357490933771349972e+01 2.023773897057826762e-05
2.385027248886550311e+01 2.044147913799437252e-05
2.412724125605921088e+01 2.064620764716859269e-05
2.440581563929461595e+01 2.085192314890945493e-05
2.468599563857172896e+01 2.105862422731669478e-05
2.496778125389054281e+01 2.126630953950810624e-05
2.525117248525105751e+01 2.147497775424404268e-05
2.553616933265327660e+01 2.168462749254111352e-05
2.582277179609720363e+01 2.189525744872204227e-05
2.611097987558283151e+01 2.210686632859612557e-05
2.640079357111015668e+01 2.231945278972146887e-05
2.669221288267918624e+01 2.252809973856255782e-05
2.698523781028991309e+01 2.272796273231223396e-05
2.727986835394235143e+01 2.292873981078117333e-05
2.757610451363649062e+01 2.313042957739144749e-05
2.787394628937233065e+01 2.333303051873112581e-05
2.817339368114987508e+01 2.353654125845262840e-05
2.847444668896912390e+01 2.374096029730030671e-05
2.877710531283007001e+01 2.394628624300583090e-05
2.908136955273272051e+01 2.415251770800996774e-05
2.938723940867707540e+01 2.435965321706021040e-05
2.969471488066312048e+01 2.456769143129809143e-05
3.000379596869088061e+01 2.477663088773365081e-05
3.031448267276034159e+01 2.498647023087869438e-05
3.062677499287151051e+01 2.519720810971511223e-05
3.094067292902437316e+01 2.540884308400295503e-05
3.125617648121894376e+01 2.562137385131547587e-05
3.157328564945521876e+01 2.583479898298430340e-05
3.189200043373319460e+01 2.604911719274724047e-05
3.221232083405287483e+01 2.626432706324399193e-05
3.253424685041424880e+01 2.648042728919572218e-05
3.285777848281733782e+01 2.669741656923240873e-05
3.318291573126212057e+01 2.691529350773745811e-05
3.350965859574860417e+01 2.713405685270094743e-05
3.383800707627680282e+01 2.735370521938122404e-05
3.416796117284669521e+01 2.757423737102695547e-05
3.449952088545828843e+01 2.779565193363292983e-05
3.483268621411158961e+01 2.801794764932646876e-05
3.516745715880659162e+01 2.824112326294274641e-05
3.550383371954329448e+01 2.846517742212378567e-05
3.584181589632169818e+01 2.869010892100086867e-05
3.618140368914180982e+01 2.891591641802065875e-05
3.652259709800362231e+01 2.914259872106115260e-05
3.686539612290713563e+01 2.937015449945246874e-05
3.720980076385235691e+01 2.959858257428592479e-05
3.755581102083927192e+01 2.982788162595144675e-05
3.790342689386790198e+01 3.005805048811773441e-05
3.825264838293821157e+01 3.028908785252983077e-05
3.860347548805024331e+01 3.052099256467402584e-05
3.895590820920396880e+01 3.075376332808965607e-05
3.930994654639940222e+01 3.098739899916700552e-05
3.966559049963654360e+01 3.122189833108241207e-05
4.002284006891537871e+01 3.145726007834564677e-05
4.038169525423592177e+01 3.169348311753206665e-05
4.074215605559816566e+01 3.193056621657228676e-05
4.110422247300211041e+01 3.216850814666535804e-05
4.146789450644775599e+01 3.240730780088767958e-05
4.183317215593510952e+01 3.264696396283689955e-05
4.220005542146416389e+01 3.288747545890403098e-05
4.256854430303492620e+01 3.312884112057677905e-05
4.293863880064738225e+01 3.337105978434671974e-05
4.331033891430154625e+01 3.361413033000496729e-05
4.368364464399741109e+01 3.385805156306355207e-05
4.405855598973497678e+01 3.410282232533011693e-05
4.443507295151425041e+01 3.434844149297817972e-05
4.481319552933521777e+01 3.459490796048303815e-05
4.519292372319789308e+01 3.484222008520102953e-05
4.557425753310226924e+01 3.509037767719726692e-05
4.595719695904835334e+01 3.533937920150071360e-05
4.634174200103613828e+01 3.558922350172435137e-05
4.672789265906562406e+01 3.583990944731378989e-05
4.711564893313681068e+01 3.609143596437802589e-05
4.750501082324970525e+01 3.634380194700268809e-05
4.789597832940428646e+01 3.659700625266750076e-05
4.828855145160058981e+01 3.685104787401436045e-05
4.868273018983858691e+01 3.710592563370685413e-05
4.907851454411828485e+01 3.736163853672219882e-05
4.947590451443969073e+01 3.761818541488959626e-05
4.987490010080279745e+01 3.787556528076422679e-05
5.027550130320760502e+01 3.813377697879661839e-05
5.067770812165412053e+01 3.839281948518924209e-05
5.108152055614233689e+01 3.865269173903968761e-05
5.148693860667225408e+01 3.891339268385434434e-05
5.189396227324387922e+01 3.917492131317282825e-05
5.230259155585719810e+01 3.943727648929381700e-05
5.271282645451222493e+01 3.970045721290256426e-05
5.312466696920895970e+01 3.996446244479496721e-05
5.353811309994738821e+01 4.022929115000326684e-05
5.395316484672751756e+01 4.049494229776219372e-05
5.436982220954934775e+01 4.076141486147594054e-05
5.478808518841290010e+01 4.102870781868531071e-05
5.520795378331813907e+01 4.129682015103553795e-05
5.562942799426507889e+01 4.156575084424371275e-05
5.605250782125371956e+01 4.183549888806803170e-05
5.647719326428407527e+01 4.210606327627464801e-05
5.690348432335613182e+01 4.237744300660786952e-05
5.733138099846988212e+01 4.264963708075864224e-05
5.776088328962534035e+01 4.292264450433428763e-05
5.819199119682249943e+01 4.319646428682825332e-05
5.862470472006136646e+01 4.347109544158940308e-05
5.905902385934192722e+01 4.374653698579386823e-05
5.949494861466419593e+01 4.402278794041439183e-05
5.993247898602816548e+01 4.429984733019148212e-05
6.037161497343384298e+01 4.457771418360519615e-05
6.081235657688121421e+01 4.485638753284611706e-05
6.125470379637030049e+01 4.513586641378758494e-05
6.169865663190107341e+01 4.541614986595721620e-05
6.214421508347356848e+01 4.569723693250980529e-05
6.259137915108775019e+01 4.597912666019959621e-05
6.304014883474363984e+01 4.626181809935344855e-05
6.349052413444123033e+01 4.654531030384380017e-05
6.394250505018050035e+01 4.682960233106323587e-05
6.439609158196149963e+01 4.711469324190184114e-05
6.485128372978418554e+01 4.740058210070248560e-05
6.530808149364858650e+01 4.768726797525722478e-05
6.576648487355470252e+01 4.797474993677474698e-05
6.622649386950250516e+01 4.826302705985901446e-05
6.668810848149200865e+01 4.855209842246496700e-05
6.715132870952322719e+01 4.884196310589596052e-05
6.761615455359614657e+01 4.913262019477311122e-05
6.808258601371076679e+01 4.942406877701253410e-05
6.855062308986708786e+01 4.971630794378536984e-05
6.902026578206510976e+01 5.000933678951432207e-05
6.949151409030484672e+01 5.030315441184504124e-05
6.996436801458625609e+01 5.059775985634192724e-05
7.043882755490940895e+01 5.089315233797222214e-05
7.091489271127423422e+01 5.118933090822866199e-05
7.139256348368076033e+01 5.148629467741163725e-05
7.187183987212900149e+01 5.178404275891157553e-05
7.235272187661894350e+01 5.208257426920774900e-05
7.283520949715060055e+01 5.238188832784922632e-05
7.331930273372394424e+01 5.268198405741807751e-05
7.380500158633898877e+01 5.298286058350981089e-05
7.429230605499574835e+01 5.328451703472946994e-05
7.478121613969419457e+01 5.358695254264985087e-05
7.527173184043435583e+01 5.389016624179378268e-05
7.576385315721621794e+01 5.419415726963657339e-05
7.625758009003978088e+01 5.449892476654389208e-05
7.675291263890505888e+01 5.480446781648884761e-05
7.724985080381200930e+01 5.511078568480603260e-05
7.774839458476068899e+01 5.541787746060896849e-05
7.824854398175105530e+01 5.572574229572372078e-05
7.875029899478313666e+01 5.603437934480425236e-05
7.925365962385691887e+01 5.634378776528122890e-05
7.975862586897240192e+01 5.665396671737470396e-05
8.026519773012958581e+01 5.696491536406273815e-05
8.077337520732847054e+01 5.727663287106361822e-05
8.128315830056905611e+01 5.758911840681733070e-05
8.179454700985135673e+01 5.790237114250988877e-05
8.230754133517534399e+01 5.821639025213696806e-05
8.282214127654104630e+01 5.853131942933932890e-05
8.333834683394844944e+01 5.884767993440224591e-05
8.385615800739755343e+01 5.916489990252998750e-05
8.437557479688835826e+01 5.948297893653113220e-05
8.489659720242086394e+01 5.980191664081061073e-05
8.541922522399508466e+01 6.012171262135156591e-05
8.594345886161099202e+01 6.044236648569970629e-05
8.646929811526860021e+01 6.076387784294487470e-05
8.699674298496792346e+01 6.108624630370638445e-05
8.752579347070894755e+01 6.140947148011549584e-05
8.805644957249167248e+01 6.173355298579906512e-05
8.858871129031609826e+01 6.205849043586553790e-05
8.912257862418219645e+01 6.238428344688771033e-05
8.965805157409003812e+01 6.271093157254623647e-05
9.019513014003956641e+01 6.303843456167873061e-05
9.073381432203080976e+01 6.336679197011939758e-05
9.127410412006373974e+01 6.369600342014998138e-05
9.181599953413838477e+01 6.402606853544316257e-05
9.235950056425473065e+01 6.435698694104712188e-05
9.290460721041277736e+01 6.468875826337262467e-05
9.345131947261253913e+01 6.502138213017964459e-05
9.399963735085398753e+01 6.535485817056211700e-05
9.454956084513713677e+01 6.568918601493541640e-05
9.510108995546200106e+01 6.602436529502345446e-05
9.565422468182855198e+01 6.636039564384515457e-05
9.620896502423683216e+01 6.669727669570145500e-05
9.676531098268679898e+01 6.703500808616274565e-05
9.732326255717845243e+01 6.737358945205668441e-05
9.788281974771183513e+01 6.771302036459596232e-05
9.844398255428690447e+01 6.805330059755329867e-05
9.900675097690368887e+01 6.839442972383855395e-05
9.957112501556215989e+01 6.873640738518564479e-05
1.001371046702623460e+02 6.907923322452493204e-05
1.007046899410042187e+02 6.942290688597218900e-05
1.012738808277878348e+02 6.976742801481803041e-05
1.018446773306130950e+02 7.011279625751511895e-05
1.024170794494800987e+02 7.045901126166832600e-05
1.029910871843888032e+02 7.080607267602340182e-05
1.035667005353391943e+02 7.115398015045659426e-05
1.041439195023313147e+02 7.150273333596364413e-05
1.047227440853651075e+02 7.185233188464939039e-05
1.053031742844406153e+02 7.220277544971729407e-05
1.058852100995578098e+02 7.255406368546010059e-05
1.064688515307167336e+02 7.290619617773822143e-05
1.070540985779173297e+02 7.325917272279977848e-05
1.076409512411596410e+02 7.361299290783830467e-05
1.082294095204436815e+02 7.396765639140230999e-05
1.088194734157693944e+02 7.432316283307937666e-05
1.094111429271368223e+02 7.467951189348831227e-05
1.100044180545459511e+02 7.503670323426908022e-05
1.105992987979967808e+02 7.539473651807354333e-05
1.111957851574893112e+02 7.575361140855628884e-05
1.117938771330235426e+02 7.611332757036649681e-05
1.123935747245994889e+02 7.647388466913858894e-05
1.129948779322171362e+02 7.683528237148394796e-05
1.135977867558764842e+02 7.719752034498137663e-05
1.142023011955775189e+02 7.756059825816992849e-05
1.148084212513202687e+02 7.792451578054047814e-05
1.154161469231047192e+02 7.828927250998820317e-05
1.160254782109308707e+02 7.865486826377382252e-05
1.166364151147987371e+02 7.902130264083023076e-05
1.172489576347082902e+02 7.938857531437165606e-05
1.178631057706595584e+02 7.975668595852411350e-05
1.184788595226524706e+02 8.012563424831724648e-05
1.190962188906871404e+02 8.049541985967582924e-05
1.197151838747635111e+02 8.086604246941433234e-05
1.203357544748815968e+02 8.123750175522708350e-05
1.209579306910413550e+02 8.160979739568242648e-05
1.215817125232428282e+02 8.198292907021528071e-05
1.222070999714860307e+02 8.235689645912010757e-05
1.228340930357709198e+02 8.273169924354223674e-05
1.234626917160974813e+02 8.310733710547389534e-05
1.240928960124657863e+02 8.348380972774430099e-05
1.247247059248757637e+02 8.386111671786622283e-05
1.253581214533274704e+02 8.423925791345124759e-05
1.259931425978208637e+02 8.461823292281724584e-05
1.266297693583559578e+02 8.499804143208098013e-05
1.272680017349327670e+02 8.537868312816228160e-05
1.279078397275512629e+02 8.576015769878150201e-05
1.285492833362114879e+02 8.614246483245092153e-05
1.291923325609133713e+02 8.652560421846793178e-05
1.298369874016569838e+02 8.690957554691125465e-05
1.304832478584422972e+02 8.729437850863297347e-05
1.311311139312693399e+02 8.768001279525292221e-05
1.317805856201380266e+02 8.806647809915297989e-05
1.324316629250484709e+02 8.845377411347083644e-05
1.330843458460005877e+02 8.884190053209447678e-05
1.337386343829944053e+02 8.923085704965651589e-05
1.343945285360299522e+02 8.962064336152810015e-05
1.350520283051071999e+02 9.001125916381393359e-05
1.357111336902261201e+02 9.040270407453925028e-05
1.363718446913867695e+02 9.079497794972075486e-05
1.370341613085890913e+02 9.118808040796450205e-05
1.376980835418331424e+02 9.158201114825241095e-05
1.383636113911188943e+02 9.197676987027358507e-05
1.390307448564463471e+02 9.237235627441699399e-05
1.396994839378154722e+02 9.276877006176801742e-05
1.403698286352263551e+02 9.316601093410244150e-05
1.410417789486789104e+02 9.356407859388149852e-05
1.417153348781731665e+02 9.396297274424656788e-05
1.423904964237091235e+02 9.436269308901561181e-05
1.430672635852867813e+02 9.476323933267635845e-05
1.437456363629061684e+02 9.516461118037699120e-05
1.444256147565672279e+02 9.556680833793311481e-05
1.451071987662700167e+02 9.596983051182196838e-05
1.457903883920144779e+02 9.637367740916732788e-05
1.464751836338006399e+02 9.677834873773896404e-05
1.471615844916285312e+02 9.718384412360432959e-05
1.478495909654981233e+02 9.759016344136399142e-05
1.485392030554094163e+02 9.799730631748964705e-05
1.492304207613623817e+02 9.840527246229560838e-05
1.499232440833570763e+02 9.881406158672002371e-05
1.506176730213934718e+02 9.922367340232268219e-05
1.513137075754715966e+02 9.963410762127921337e-05
1.520113477455913653e+02 1.000453639563768317e-04
1.527105935317528349e+02 1.004574421210111923e-04
1.534114449339560622e+02 1.008703418291813088e-04
1.541139019522009619e+02 1.012840627954858806e-04
1.548179645864875624e+02 1.016986047351195932e-04
1.555236328368158638e+02 1.021139673638677374e-04
1.562309067031858945e+02 1.025301503981045428e-04
1.569397861855975975e+02 1.029471535547866589e-04
1.576502712840510299e+02 1.033649765514513253e-04
1.583623619985461630e+02 1.037836191062118182e-04
1.590760583290829686e+02 1.042030809377531003e-04
1.597913602756615035e+02 1.046233616792546924e-04
1.605082678382817392e+02 1.050444612235475466e-04
1.612267810169436757e+02 1.054663792040636943e-04
1.619468998116473131e+02 1.058891153417399047e-04
1.626686242223926513e+02 1.063126693580672725e-04
1.633919542491796904e+02 1.067370409750875720e-04
1.641168898920084303e+02 1.071622299153882838e-04
1.648434311508788710e+02 1.075882359021005345e-04
1.655715780257910126e+02 1.080150586588954511e-04
1.663013305167448834e+02 1.084426979099809897e-04
1.670326886237404267e+02 1.088711533800855371e-04
1.677656523467776992e+02 1.093004247944906536e-04
1.685002216858566442e+02 1.097305118789935053e-04
1.692363966409773184e+02 1.101614143599133968e-04
1.699741772121396934e+02 1.105931319640903609e-04
1.707135633993437409e+02 1.110256644188796168e-04
1.714545552025895176e+02 1.114590114521513928e-04
1.721971526218769952e+02 1.118931727922852485e-04
1.729413556572061736e+02 1.123281480771590949e-04
1.736871643085770529e+02 1.127639372190560296e-04
1.744345785759896330e+02 1.132005398559756651e-04
1.751835984594439140e+02 1.136379557183087697e-04
1.759342239589398957e+02 1.140761845369406432e-04
1.766864550744775784e+02 1.145152260432480542e-04
1.774402918060569903e+02 1.149550799690977903e-04
1.781957341536780746e+02 1.153957460468425377e-04
1.789527821173408597e+02 1.158372240093183603e-04
1.797114356970453741e+02 1.162795135898410956e-04
1.804716948927915610e+02 1.167226145222052694e-04
1.812335597045794771e+02 1.171665265406795565e-04
