1.000000000000000056e-01 7.591369842043727432e-08
3.402805611222444737e-01 2.583195589537123904e-07
5.805611222444889696e-01 4.407254194869875197e-07
8.208416833667334656e-01 6.231312800202628079e-07
1.061122244488978072e+00 8.055371405603727520e-07
1.301402805611222568e+00 9.879430196733979533e-07
1.541683366733467064e+00 1.170353505501381304e-06
1.781963927855711560e+00 1.352999953507514554e-06
2.022244488977956056e+00 1.539722306101788240e-06
2.262525050100200552e+00 1.759383836605375573e-06
2.502805611222445048e+00 2.164688855438180433e-06
2.743086172344689544e+00 2.635003833966780964e-06
2.983366733466934040e+00 3.102510624627310000e-06
3.223647294589178536e+00 3.568417001796784571e-06
3.463927855711423032e+00 4.033502422051217651e-06
3.704208416833667528e+00 4.498292114713826607e-06
3.944488977955912024e+00 4.963152332461568223e-06
4.184769539078155631e+00 5.428345860869094023e-06
4.425050100200400571e+00 5.894065853044621419e-06
4.665330661322645511e+00 6.360457395075439355e-06
4.905611222444889563e+00 6.870569183356058386e-06
5.145891783567133615e+00 7.478846807392207954e-06
5.386172344689378555e+00 8.086476404374911981e-06
5.626452905811623495e+00 8.693765353138729264e-06
5.866733466933867547e+00 9.300943029623954419e-06
6.107014028056111599e+00 9.908183064030342239e-06
6.347294589178356539e+00 1.051561838811764436e-05
6.587575150300601479e+00 1.112335187539177487e-05
6.827855711422845530e+00 1.173146377429659316e-05
7.068136272545089582e+00 1.234001716408951150e-05
7.308416833667334522e+00 1.294906198667996183e-05
7.548697394789579462e+00 1.355863795219559146e-05
7.788977955911823514e+00 1.416877680847674945e-05
8.029258517034067566e+00 1.480533686939752628e-05
8.269539078156311618e+00 1.547917756018136657e-05
8.509819639278557446e+00 1.615332936810121939e-05
8.750100200400801498e+00 1.682781967250190032e-05
8.990380761523045550e+00 1.750266984438530812e-05
9.230661322645291378e+00 1.817789636351930710e-05
9.470941883767535430e+00 1.885351191198907328e-05
9.711222444889779482e+00 1.952952603720494752e-05
9.951503006012023533e+00 2.020594579694351048e-05
1.019178356713426759e+01 2.088277630049803355e-05
1.043206412825651341e+01 2.156002098777391393e-05
1.067234468937875747e+01 2.223768206487868813e-05
1.091262525050100152e+01 2.291576066129854647e-05
1.115290581162324735e+01 2.359425707402093645e-05
1.139318637274549140e+01 2.427317099000549636e-05
1.163346693386773545e+01 2.494690333118623489e-05
1.187374749498997950e+01 2.557677501005387833e-05
1.211402805611222355e+01 2.620696923117234056e-05
1.235430861723446938e+01 2.683747476526567608e-05
1.259458917835671343e+01 2.746828100250001158e-05
1.283486973947895748e+01 2.809937783704241838e-05
1.307515030060120331e+01 2.873075571638310214e-05
1.331543086172344736e+01 2.936240553915880105e-05
1.355571142284569142e+01 2.999431865160140368e-05
1.379599198396793547e+01 3.062648685610882122e-05
1.403627254509017952e+01 3.125890231023647462e-05
1.427655310621242535e+01 3.189155758506667031e-05
1.451683366733466940e+01 3.252444557524127023e-05
1.475711422845691345e+01 3.315755950441483230e-05
1.499739478957915928e+01 3.379089294051697187e-05
1.523767535070140333e+01 3.442443971609348695e-05
1.547795591182364738e+01 3.504158580229094482e-05
1.571823647294589144e+01 3.558660945539506720e-05
1.595851703406813549e+01 3.613181735360128832e-05
1.619879759519038132e+01 3.667720231900843111e-05
1.643907815631262537e+01 3.722275757073061130e-05
1.667935871743487297e+01 3.776847669768587033e-05
1.691963927855711702e+01 3.831435363412355038e-05
1.715991983967936108e+01 3.886038263501612373e-05
1.740020040080160513e+01 3.940655825643165050e-05
1.764048096192384918e+01 3.995287533449704448e-05
1.788076152304609323e+01 4.049932896785976138e-05
1.812104208416833728e+01 4.104591450191916912e-05
1.836132264529058489e+01 4.159262751189655478e-05
1.860160320641282894e+01 4.213946378927460823e-05
1.884188376753507299e+01 4.268641932962005632e-05
1.908216432865731704e+01 4.323349031860931332e-05
1.932244488977956109e+01 4.378067312184509850e-05
1.956272545090180515e+01 4.432796427368564362e-05
1.980300601202404920e+01 4.487536046897891851e-05
2.004328657314629325e+01 4.542285855177061806e-05
2.028356713426853730e+01 4.598028974789821768e-05
2.052384769539078491e+01 4.656944118920152635e-05
2.076412825651302896e+01 4.715875289694425717e-05
2.100440881763527301e+01 4.774821986669366953e-05
2.124468937875751706e+01 4.833783727023522085e-05
2.148496993987976111e+01 4.892760046867303562e-05
2.172525050100200517e+01 4.951750499759650860e-05
2.196553106212424922e+01 5.010754655225128543e-05
2.220581162324649682e+01 5.069772100369351588e-05
2.244609218436874087e+01 5.128802435537389262e-05
2.268637274549098493e+01 5.187845275938143927e-05
2.292665330661322898e+01 5.246900250394076872e-05
2.316693386773547303e+01 5.305967000705264110e-05
2.340721442885771708e+01 5.365045180461963252e-05
2.364749498997996113e+01 5.424134456809445276e-05
2.388777555110220518e+01 5.483234506450448959e-05
2.412805611222444924e+01 5.542345017427731223e-05
2.436833667334669684e+01 5.601465688082628606e-05
2.460861723446894089e+01 5.660596226603993922e-05
2.484889779559118494e+01 5.719736350603754827e-05
2.508917835671342900e+01 5.778885787243322983e-05
2.532945891783567305e+01 5.838044270678630982e-05
2.556973947895791710e+01 5.897211545562616969e-05
2.581002004008016115e+01 5.956387362696693018e-05
2.605030060120240876e+01 6.015571481427760958e-05
2.629058116232465281e+01 6.074763664609207273e-05
2.653086172344689686e+01 6.133963692175294546e-05
2.677114228456914091e+01 6.193171342131434810e-05
2.701142284569138496e+01 6.252386399553265441e-05
2.725170340681362902e+01 6.311608658684190055e-05
2.749198396793587307e+01 6.370837917137018528e-05
2.773226452905811712e+01 6.430073979953878586e-05
2.797254509018036117e+01 6.487401992879020165e-05
2.821282565130260878e+01 6.541985876605997750e-05
2.845310621242485283e+01 6.596580474308245728e-05
2.869338677354709688e+01 6.651185537626439458e-05
2.893366733466934093e+01 6.705800826634590790e-05
2.917394789579158498e+01 6.760426108165369066e-05
2.941422845691382904e+01 6.815061156874149329e-05
2.965450901803607309e+01 6.869705753606289227e-05
2.989478957915832069e+01 6.924359686482340855e-05
3.013507014028056474e+01 6.979022749304926790e-05
3.037535070140280880e+01 7.033694742648208774e-05
3.061563126252505285e+01 7.088375472314988068e-05
3.085591182364729690e+01 7.143064750411113207e-05
3.109619238476954095e+01 7.197762393865447816e-05
3.133647294589178500e+01 7.252468225476585136e-05
3.157675350701402905e+01 7.307182072500520193e-05
3.181703406813627311e+01 7.361903767662462505e-05
3.205731462925852071e+01 7.416633147815812166e-05
3.229759519038076121e+01 7.471370054912860952e-05
3.253787575150300881e+01 7.526114334735295940e-05
3.277815631262524931e+01 7.580865837821832039e-05
3.301843687374749692e+01 7.635624418401426171e-05
3.325871743486974452e+01 7.690389934615388286e-05
3.349899799599198502e+01 7.745162248833842354e-05
3.373927855711423263e+01 7.799941226548675992e-05
3.397955911823647313e+01 7.854726737334817143e-05
3.421983967935872073e+01 7.909518653678179008e-05
3.446012024048096123e+01 7.964316851883526216e-05
3.470040080160320883e+01 8.019121211096860572e-05
3.494068136272545644e+01 8.073931613545581322e-05
3.518096192384769694e+01 8.128747944853440465e-05
3.542124248496994454e+01 8.183570093036152766e-05
3.566152304609218504e+01 8.238397949414710049e-05
3.590180360721443265e+01 8.293231407549993999e-05
3.614208416833667314e+01 8.348070364102567456e-05
3.638236472945892075e+01 8.402914717833064409e-05
3.662264529058116835e+01 8.457764370411185062e-05
3.686292585170340885e+01 8.512619225583962341e-05
3.710320641282565646e+01 8.567479189404173467e-05
3.734348697394789696e+01 8.622344170515994710e-05
3.758376753507014456e+01 8.677214079304049047e-05
3.782404809619238506e+01 8.732088828696326992e-05
3.806432865731463266e+01 8.786968333258132389e-05
3.830460921843687316e+01 8.841852509947992233e-05
3.854488977955912077e+01 8.896741277364026389e-05
3.878517034068136837e+01 8.951634555966084348e-05
3.902545090180360887e+01 9.006532268346881156e-05
3.926573146292585648e+01 9.061287000716126278e-05
3.950601202404809698e+01 9.116007250004106040e-05
3.974629258517034458e+01 9.170735309778903926e-05
3.998657314629258508e+01 9.225471044931125289e-05
4.022685370741483268e+01 9.280214322950037327e-05
4.046713426853707318e+01 9.334965014367511927e-05
4.070741482965932079e+01 9.389722992411475349e-05
4.094769539078156839e+01 9.444488133436538418e-05
4.118797595190380889e+01 9.499260316097320829e-05
4.142825651302605650e+01 9.554039421766687557e-05
4.166853707414829699e+01 9.608825334216996130e-05
4.190881763527054460e+01 9.663617940057835120e-05
4.214909819639278510e+01 9.718417127920992782e-05
4.238937875751503270e+01 9.773222788767947633e-05
4.262965931863728031e+01 9.828034816180616234e-05
4.286993987975952081e+01 9.882853105603390165e-05
4.311022044088176841e+01 9.937677554627782461e-05
4.335050100200400891e+01 9.992508063271850910e-05
4.359078156312625651e+01 1.004734453326708575e-04
4.383106212424849701e+01 1.010218686832991289e-04
4.407134268537074462e+01 1.015703497442692902e-04
4.431162324649299222e+01 1.021188875910302156e-04
4.455190380761523272e+01 1.026674813173911606e-04
4.479218436873748033e+01 1.032161300380641475e-04
4.503246492985972083e+01 1.037648328823099862e-04
4.527274549098196843e+01 1.043135889964052262e-04
4.551302605210420893e+01 1.048623975460718404e-04
4.575330661322645653e+01 1.054112577104554039e-04
4.599358717434869703e+01 1.059601686844885323e-04
4.623386773547094464e+01 1.065091296812160080e-04
4.647414829659319224e+01 1.070581399260854387e-04
4.671442885771543274e+01 1.076071986592099471e-04
4.695470941883768035e+01 1.081563051375904330e-04
4.719498997995992084e+01 1.087054586297017179e-04
4.743527054108216845e+01 1.092546584184891310e-04
4.767555110220440895e+01 1.098039037993376899e-04
4.791583166332665655e+01 1.103531940832547763e-04
4.815611222444889705e+01 1.109025285914051198e-04
4.839639278557114466e+01 1.114519066573557471e-04
4.863667334669339226e+01 1.120013276292847594e-04
4.887695390781563276e+01 1.125507908647858083e-04
4.911723446893788037e+01 1.131002957330172693e-04
4.935751503006012086e+01 1.136498416168171946e-04
4.959779559118236847e+01 1.141994279077611406e-04
4.983807615230460897e+01 1.147490540082208779e-04
5.007835671342685657e+01 1.152987193333883528e-04
5.031863727454910418e+01 1.158484233065734209e-04
5.055891783567134468e+01 1.163981653611743987e-04
5.079919839679359228e+01 1.169479449426155324e-04
5.103947895791583278e+01 1.174977615038708692e-04
5.127975951903808038e+01 1.180476145073516099e-04
5.152004008016032088e+01 1.185975034267634277e-04
5.176032064128256849e+01 1.191474277428388324e-04
5.200060120240481609e+01 1.196973869451470286e-04
5.224088176352705659e+01 1.202473805338733761e-04
5.248116232464930420e+01 1.207974080157507861e-04
5.272144288577154470e+01 1.213474689057949456e-04
5.296172344689379230e+01 1.218975627290083582e-04
5.320200400801603280e+01 1.224476890165010826e-04
5.344228456913828040e+01 1.229978473071541420e-04
5.368256513026052090e+01 1.235480371492505170e-04
5.392284569138276851e+01 1.240982580967770268e-04
5.416312625250501611e+01 1.246485097110174966e-04
5.440340681362725661e+01 1.251987915621142252e-04
5.464368737474950422e+01 1.257491032255416720e-04
5.488396793587174471e+01 1.262994442836326071e-04
5.512424849699399232e+01 1.268498143270724396e-04
5.536452905811623282e+01 1.274002129515363214e-04
5.560480961923848042e+01 1.279506397591512201e-04
5.584509018036072092e+01 1.285010943599250064e-04
5.608537074148296853e+01 1.290515763685403327e-04
5.632565130260521613e+01 1.296020854057539583e-04
5.656593186372745663e+01 1.301526210997638205e-04
5.680621242484970423e+01 1.307031830831518278e-04
5.704649298597194473e+01 1.312537709942237444e-04
5.728677354709419234e+01 1.318043844783151931e-04
5.752705410821643284e+01 1.323550231848773739e-04
5.776733466933868044e+01 1.329056867687586449e-04
5.800761523046092805e+01 1.334563748914553401e-04
5.824789579158316855e+01 1.340070872183300038e-04
5.848817635270541615e+01 1.345206048782611463e-04
5.872845691382765665e+01 1.350297264874722285e-04
5.896873747494990425e+01 1.355388868072805925e-04
5.920901803607214475e+01 1.360480853154610447e-04
5.944929859719439236e+01 1.365573215271984075e-04
5.968957915831663996e+01 1.370665949373716980e-04
5.992985971943888046e+01 1.375759050579835512e-04
6.017014028056112807e+01 1.380852514086083991e-04
6.041042084168336856e+01 1.385946335163040538e-04
6.065070140280561617e+01 1.391040509055006824e-04
6.089098196392785667e+01 1.396135031367027311e-04
6.113126252505010427e+01 1.401229897488917152e-04
6.137154308617234477e+01 1.406325102973138904e-04
6.161182364729459238e+01 1.411420643345496757e-04
6.185210420841683998e+01 1.416516514474658935e-04
6.209238476953908048e+01 1.421612712021165059e-04
6.233266533066132808e+01 1.426709231799534500e-04
6.257294589178356858e+01 1.431806069593697761e-04
6.281322645290581619e+01 1.436903221520243238e-04
6.305350701402805669e+01 1.442000683489359488e-04
6.329378757515030429e+01 1.447098451558084559e-04
6.353406813627254479e+01 1.452196521750996302e-04
6.377434869739479240e+01 1.457294890414995571e-04
6.401462925851703289e+01 1.462393553691865723e-04
6.425490981963928050e+01 1.467492507863983760e-04
6.449519038076151389e+01 1.472591749179247430e-04
6.473547094188376150e+01 1.477691274199726724e-04
6.497575150300600910e+01 1.482791079282115554e-04
6.521603206412825671e+01 1.487891160918787873e-04
6.545631262525049010e+01 1.492991515565163414e-04
6.569659318637273770e+01 1.498092139983213031e-04
6.593687374749498531e+01 1.503193030730238394e-04
