1.384492833362114927e+00 1.183508575211226995e-06
1.449520283051072056e+00 1.237356332255556397e-06
1.516153348781731580e+00 1.292418616941375355e-06
1.584392030554093944e+00 1.348690917670291774e-06
1.654236328368158926e+00 1.406168902169387569e-06
1.725686242223926969e+00 1.464848423113461057e-06
1.798741772121396965e+00 1.524725525624418225e-06
1.873402918060570244e+00 1.585796452471983454e-06
1.949669680041445030e+00 1.648057653093807587e-06
2.027542058064023323e+00 1.710713597407971800e-06
2.107020052128304677e+00 1.774454076413286618e-06
2.188103662234287761e+00 1.839288445304569144e-06
2.270792888381974350e+00 1.905209146207278621e-06
2.355087730571363114e+00 1.972208713649916197e-06
2.440988188802454495e+00 2.040279777797137189e-06
2.528494263075248050e+00 2.109415074899553989e-06
2.617605953389745110e+00 2.179607450725908064e-06
2.708323259745944345e+00 2.250849863241244983e-06
2.800646182143846641e+00 2.323135393613562079e-06
2.894574720583451111e+00 2.396457248986072323e-06
2.990108875064758642e+00 2.470808764445506875e-06
3.087248645587767903e+00 2.546183415638217250e-06
3.185994032152480671e+00 2.622619561247385088e-06
3.286345034758896055e+00 2.700105328368045605e-06
3.388301653407014058e+00 2.778590992152908823e-06
3.491863888096834234e+00 2.858069065882505117e-06
3.597031738828357472e+00 2.938532134111804327e-06
3.703805205601583772e+00 3.019972866564262780e-06
3.812184288416512246e+00 3.102384010215247541e-06
3.922168987273143781e+00 3.185758403761835453e-06
4.033759302171477046e+00 3.270088976733901605e-06
4.146955233111511596e+00 3.355368747683715164e-06
4.261756780093250541e+00 3.441590839731817112e-06
4.378163943116692991e+00 3.528748469344968721e-06
4.496176722181838059e+00 3.616834964555980174e-06
4.615795117288683969e+00 3.705843752004509234e-06
4.737019128437234272e+00 3.795768374080070010e-06
4.859848755627486305e+00 3.886414074999338563e-06
4.984283998859440956e+00 3.977862812947852581e-06
5.110324858133099113e+00 4.070185806929984557e-06
5.237971333448458999e+00 4.163375292393650486e-06
5.367223424805522392e+00 4.257423558186697290e-06
5.498081132204287513e+00 4.352322970267448032e-06
5.630544455644756141e+00 4.448065951770882643e-06
5.764613395126925610e+00 4.544645005274055141e-06
5.900287950650798585e+00 4.642052706294057819e-06
6.037568122216375066e+00 4.740281695933126588e-06
6.176453909823653277e+00 4.839324704531301650e-06
6.316945313472634993e+00 4.939174527840219096e-06
6.459042333163318439e+00 5.039824055268500259e-06
6.602744968895707167e+00 5.141266243882020341e-06
6.748053220669795849e+00 5.243494148436467835e-06
6.894967088485587148e+00 5.346500893146091301e-06
7.043486572343081953e+00 5.450279703565534993e-06
7.193611672242280264e+00 5.554823876068357628e-06
7.345342388183179416e+00 5.660126811646273626e-06
7.498678720165779410e+00 5.766181983044199372e-06
7.653620668190084686e+00 5.872982970535763783e-06
7.810168232256092580e+00 5.980523426671441979e-06
7.968321412363803979e+00 6.088797114086559522e-06
8.128080208513217997e+00 6.197797867821559460e-06
8.289444620704333744e+00 6.307519635217881791e-06
8.452414648937150332e+00 6.417956435774077837e-06
8.616990293211673091e+00 6.529102403179228169e-06
8.783171553527896691e+00 6.640951742676687943e-06
8.950958429885822909e+00 6.753498775280059705e-06
9.120350922285451745e+00 6.866737892616734496e-06
9.291349030726783198e+00 6.980663603375239971e-06
9.463952755209817269e+00 7.095270485602578437e-06
9.638162095734552182e+00 7.210553235424852164e-06
9.813977052300991488e+00 7.326506616778781081e-06
9.991397624909135189e+00 7.443120371466510420e-06
1.017042381355897973e+01 7.560367057277041502e-06
1.035105561825052689e+01 7.678263124925529493e-06
1.053329303898377667e+01 7.796802566183019077e-06
1.071713607575873084e+01 7.915979410305195029e-06
1.090258472857538585e+01 8.035787784924081548e-06
1.108963899743374348e+01 8.156221854374756826e-06
1.127829888233380373e+01 8.277275883296316062e-06
1.146856438327556660e+01 8.398944171735496915e-06
1.166043550025903386e+01 8.521221121746933667e-06
1.185391223328420196e+01 8.644101169320609029e-06
1.204899458235107090e+01 8.767578853990887913e-06
1.224568254745964602e+01 8.891648747597035021e-06
1.244397612860992197e+01 9.016305526902358074e-06
1.264387532580190054e+01 9.141543899195741433e-06
1.284538013903558351e+01 9.267358677932748779e-06
1.304849056831096910e+01 9.393744705163571606e-06
1.325320661362805552e+01 9.520696930220772197e-06
1.345952827498684634e+01 9.648210328980641801e-06
1.366745555238733623e+01 9.776279985581561415e-06
1.387698844582953406e+01 9.904901008545520641e-06
1.408812695531342918e+01 1.003406861552050129e-05
1.430087108083903225e+01 1.016377805798523179e-05
1.451522082240633438e+01 1.029402465045426661e-05
1.473117618001534090e+01 1.042480380958197205e-05
1.494873715366604827e+01 1.055611096729004113e-05
1.516790374335846003e+01 1.068794166967722491e-05
1.538867594909257441e+01 1.082029147552152419e-05
1.561105377086839141e+01 1.095315605840990980e-05
1.583503720868590925e+01 1.108653110197032338e-05
1.606062626254512438e+01 1.122041240517315658e-05
1.628782093244604923e+01 1.135479577435575831e-05
1.651662121838867847e+01 1.148967713163509474e-05
1.674702712037300500e+01 1.162505240380266294e-05
1.697903863839903948e+01 1.176091763376874448e-05
1.721265577246677481e+01 1.189726888161890801e-05
1.744787852257621452e+01 1.203410226302227269e-05
1.768470688872735508e+01 1.217141399966517467e-05
1.792314087092019292e+01 1.230920030675093608e-05
1.816318046915473872e+01 1.244745752052874242e-05
1.840482568343098890e+01 1.258618196802557076e-05
1.864807651374893993e+01 1.272537009739870731e-05
1.889293296010859180e+01 1.286501834492557589e-05
1.913939502250994806e+01 1.300512326795770545e-05
1.938746270095300517e+01 1.314568142728436744e-05
1.963713599543776667e+01 1.328668943308998654e-05
1.988841490596423256e+01 1.342814400401679601e-05
2.014129943253239929e+01 1.357183929602404351e-05
2.039578957514226687e+01 1.371607480825042693e-05
2.065188533379383884e+01 1.386079484158956092e-05
2.090958670848711520e+01 1.400599598847943895e-05
2.116889369922209241e+01 1.415167487809365992e-05
2.142980630599877401e+01 1.429782823849414280e-05
2.169232452881715290e+01 1.444445275913727248e-05
2.195644836767723973e+01 1.459154524667462954e-05
2.222217782257902741e+01 1.473910246795937048e-05
2.248951289352251237e+01 1.488712130643693447e-05
2.275845358050770528e+01 1.503559862524875417e-05
2.302899988353459904e+01 1.518453132202310871e-05
2.330115180260319718e+01 1.533391639505521058e-05
2.357490933771349972e+01 1.548375081702306353e-05
2.385027248886550311e+01 1.563403159417038469e-05
2.412724125605921088e+01 1.578475583542374606e-05
2.440581563929461595e+01 1.593592061955889067e-05
2.468599563857172896e+01 1.608752308162325690e-05
2.496778125389054281e+01 1.623956036658512944e-05
2.525117248525105751e+01 1.639202972602351064e-05
2.553616933265327660e+01 1.654492837397825454e-05
2.582277179609720363e+01 1.669825358106633701e-05
2.611097987558283151e+01 1.685200265075664590e-05
2.640079357111015668e+01 1.700617291895326796e-05
2.669221288267918624e+01 1.716076175357630570e-05
2.698523781028991309e+01 1.731576655414089535e-05
2.727986835394235143e+01 1.747118475133316851e-05
2.757610451363649062e+01 1.762701383271209822e-05
2.787394628937233065e+01 1.778325126225400662e-05
2.817339368114987508e+01 1.793989455581289393e-05
2.847444668896912390e+01 1.809694127995403336e-05
2.877710531283007001e+01 1.825438902831662228e-05
2.908136955273272051e+01 1.841223505351051573e-05
2.938723940867707540e+01 1.857047768743125705e-05
2.969471488066312048e+01 1.872911426375303742e-05
3.000379596869088061e+01 1.888814246894003965e-05
3.031448267276034159e+01 1.904756001175214605e-05
3.062677499287151051e+01 1.920736466603756808e-05
3.094067292902437316e+01 1.936755417510964013e-05
3.125617648121894376e+01 1.952812640429487157e-05
3.157328564945521876e+01 1.968907911749804567e-05
3.189200043373319460e+01 1.985041023489972538e-05
3.221232083405287483e+01 2.001211757126561397e-05
3.253424685041424880e+01 2.017419906371274561e-05
3.285777848281733782e+01 2.033665264240741224e-05
3.318291573126212057e+01 2.049947626179592569e-05
3.350965859574860417e+01 2.066266793617127357e-05
3.383800707627680282e+01 2.082622559671613995e-05
3.416796117284669521e+01 2.099014730346051335e-05
3.449952088545828843e+01 2.115443110462233165e-05
3.483268621411158961e+01 2.131907507103933752e-05
3.516745715880659162e+01 2.148407729584712121e-05
3.550383371954329448e+01 2.164943589416275374e-05
3.584181589632169818e+01 2.181514900270803000e-05
3.618140368914180982e+01 2.198121477967750106e-05
3.652259709800362231e+01 2.214763140420532791e-05
3.686539612290713563e+01 2.231439707628633457e-05
3.720980076385235691e+01 2.248151001626971280e-05
3.755581102083927192e+01 2.264896842412931412e-05
3.790342689386790198e+01 2.281677064158839518e-05
3.825264838293821157e+01 2.298491490791520122e-05
3.860347548805024331e+01 2.315339952240905917e-05
3.895590820920396880e+01 2.332222280331594573e-05
3.930994654639940222e+01 2.349138308761179267e-05
3.966559049963654360e+01 2.366087873077181604e-05
4.002284006891537871e+01 2.383070810642146404e-05
4.038169525423592177e+01 2.400086960610133490e-05
4.074215605559816566e+01 2.417136163900264169e-05
4.110422247300211041e+01 2.434218258602228522e-05
4.146789450644775599e+01 2.451333098227828118e-05
4.183317215593510952e+01 2.468480524130534629e-05
4.220005542146416389e+01 2.485749885657845119e-05
4.256854430303492620e+01 2.503474641879497835e-05
4.293863880064738225e+01 2.521239342338769436e-05
4.331033891430154625e+01 2.539043826514501313e-05
4.368364464399741109e+01 2.556887935198355629e-05
4.405855598973497678e+01 2.574771510480156224e-05
4.443507295151425041e+01 2.592694391348829443e-05
4.481319552933521777e+01 2.610656431294915313e-05
4.519292372319789308e+01 2.628657471752335000e-05
4.557425753310226924e+01 2.646697359858178391e-05
4.595719695904835334e+01 2.664775943976009940e-05
4.634174200103613828e+01 2.682893073681941757e-05
4.672789265906562406e+01 2.701048599751023816e-05
4.711564893313681068e+01 2.719242369487160334e-05
4.750501082324970525e+01 2.737474245434499894e-05
4.789597832940428646e+01 2.755744077128627467e-05
4.828855145160058981e+01 2.774051720006015916e-05
4.868273018983858691e+01 2.792397030635773958e-05
4.907851454411828485e+01 2.810779866706953885e-05
4.947590451443969073e+01 2.829200082030122729e-05
4.987490010080279745e+01 2.847657546583815907e-05
5.027550130320760502e+01 2.866152116239057562e-05
5.067770812165412053e+01 2.884683653039481121e-05
5.108152055614233689e+01 2.903252020086896588e-05
5.148693860667225408e+01 2.921857081529438861e-05
5.189396227324387922e+01 2.940498697251090599e-05
5.230259155585719810e+01 2.959176744186598203e-05
5.271282645451222493e+01 2.977891084120859401e-05
5.312466696920895970e+01 2.996641585270843320e-05
5.353811309994738821e+01 3.015428116842399563e-05
5.395316484672751756e+01 3.034250549019151905e-05
5.436982220954934775e+01 3.053108747350783054e-05
5.478808518841290010e+01 3.072002595292420773e-05
5.520795378331813907e+01 3.090931960146124766e-05
5.562942799426507889e+01 3.109896715886860982e-05
5.605250782125371956e+01 3.128896737437474030e-05
5.647719326428407527e+01 3.147931900624172542e-05
5.690348432335613182e+01 3.167002076267611753e-05
5.733138099846988212e+01 3.186107153967557650e-05
5.776088328962534035e+01 3.205247006161198034e-05
5.819199119682249943e+01 3.224421512230375784e-05
5.862470472006136646e+01 3.243630552421487438e-05
5.905902385934192722e+01 3.262874007836129910e-05
5.949494861466419593e+01 3.282151754196603252e-05
5.993247898602816548e+01 3.301463686909430573e-05
6.037161497343384298e+01 3.320809683183169466e-05
6.081235657688121421e+01 3.340189627436888469e-05
6.125470379637030049e+01 3.359603404920640841e-05
6.169865663190107341e+01 3.379050901672935378e-05
6.214421508347356848e+01 3.398531997962857580e-05
6.259137915108775019e+01 3.418046594710326961e-05
6.304014883474363984e+01 3.437594573553629998e-05
6.349052413444123033e+01 3.457175823646573221e-05
6.394250505018050035e+01 3.476790234900743905e-05
6.439609158196149963e+01 3.496437697977293176e-05
6.485128372978418554e+01 3.516118097359962908e-05
6.530808149364858650e+01 3.535831339221529143e-05
6.576648487355470252e+01 3.555577309301832795e-05
6.622649386950250516e+01 3.575355901180536639e-05
6.668810848149200865e+01 3.595167009135789859e-05
6.715132870952322719e+01 3.615010528172265516e-05
6.761615455359614657e+01 3.634886346669430237e-05
6.808258601371076679e+01 3.654794375829593304e-05
6.855062308986708786e+01 3.674734505184510736e-05
6.902026578206510976e+01 3.694706632462927781e-05
6.949151409030484672e+01 3.714710656059617793e-05
6.996436801458625609e+01 3.734746475028322040e-05
7.043882755490940895e+01 3.754813989074884677e-05
7.091489271127423422e+01 3.774913091038923924e-05
7.139256348368076033e+01 3.795043697153450534e-05
7.187183987212900149e+01 3.815205701302314432e-05
7.235272187661894350e+01 3.835399005731902959e-05
7.283520949715060055e+01 3.855623513305809938e-05
7.331930273372394424e+01 3.875879127492568602e-05
7.380500158633898877e+01 3.896165744416178945e-05
7.429230605499574835e+01 3.916483284933736038e-05
7.478121613969419457e+01 3.936831646111849987e-05
7.527173184043435583e+01 3.957210733814055947e-05
7.576385315721621794e+01 3.977620454485316205e-05
7.625758009003978088e+01 3.998060715145800926e-05
7.675291263890505888e+01 4.018531414895489890e-05
7.724985080381200930e+01 4.039032479117757286e-05
7.774839458476068899e+01 4.059563807777095891e-05
7.824854398175105530e+01 4.080125310136978258e-05
7.875029899478313666e+01 4.100716896007540479e-05
7.925365962385691887e+01 4.121338475740100876e-05
7.975862586897240192e+01 4.141989960215760285e-05
8.026519773012958581e+01 4.162671252047196296e-05
8.077337520732847054e+01 4.183382281050181828e-05
8.128315830056905611e+01 4.204122950617728656e-05
8.179454700985135673e+01 4.224893173726493062e-05
8.230754133517534399e+01 4.245692863862455629e-05
8.282214127654104630e+01 4.266521935016029453e-05
8.333834683394844944e+01 4.287380301676995564e-05
8.385615800739755343e+01 4.308267869654782008e-05
8.437557479688835826e+01 4.329184573045080951e-05
8.489659720242086394e+01 4.350130318352546783e-05
8.541922522399508466e+01 4.371105022016036882e-05
8.594345886161099202e+01 4.392108600949789262e-05
8.646929811526860021e+01 4.413140972523290977e-05
8.699674298496792346e+01 4.434202054602462894e-05
8.752579347070894755e+01 4.455291755895040602e-05
8.805644957249167248e+01 4.476410014666143113e-05
8.858871129031609826e+01 4.497556740242710817e-05
8.912257862418219645e+01 4.518731852295973685e-05
8.965805157409003812e+01 4.539935270941475190e-05
9.019513014003956641e+01 4.561166916734510531e-05
9.073381432203080976e+01 4.582426710666211302e-05
9.127410412006373974e+01 4.603714564043303589e-05
9.181599953413838477e+01 4.625030419238934881e-05
9.235950056425473065e+01 4.646374188083093659e-05
9.290460721041277736e+01 4.667745793271128256e-05
9.345131947261253913e+01 4.689145157941812140e-05
9.399963735085398753e+01 4.710572205615463757e-05
9.454956084513713677e+01 4.732026860220258757e-05
9.510108995546200106e+01 4.753509035293192143e-05
9.565422468182855198e+01 4.775018677457805119e-05
9.620896502423683216e+01 4.796555700739541352e-05
9.676531098268679898e+01 4.818120030628606214e-05
9.732326255717845243e+01 4.839711593068626557e-05
9.788281974771183513e+01 4.861330314357795190e-05
9.844398255428690447e+01 4.882976121175270528e-05
9.900675097690368887e+01 4.904648940578925514e-05
9.957112501556215989e+01 4.926348688663029614e-05
1.001371046702623460e+02 4.948075316194406020e-05
1.007046899410042187e+02 4.969828739692526605e-05
1.012738808277878348e+02 4.991608887721710376e-05
1.018446773306130950e+02 5.013415689182544355e-05
1.024170794494800987e+02 5.035249073334158512e-05
1.029910871843888032e+02 5.057108969766157126e-05
1.035667005353391943e+02 5.078995308444099032e-05
1.041439195023313147e+02 5.100908019712990110e-05
1.047227440853651075e+02 5.122847022392686508e-05
1.053031742844406153e+02 5.144812271407860343e-05
1.058852100995578098e+02 5.166803685994235867e-05
1.064688515307167336e+02 5.188821197862942836e-05
1.070540985779173297e+02 5.210864738951006560e-05
1.076409512411596410e+02 5.232934241665211400e-05
1.082294095204436815e+02 5.255029638629860457e-05
1.088194734157693944e+02 5.277150862870827697e-05
1.094111429271368223e+02 5.299297847615831649e-05
1.100044180545459511e+02 5.321470526511192493e-05
1.105992987979967808e+02 5.343668833410045361e-05
1.111957851574893112e+02 5.365892702217381420e-05
1.117938771330235426e+02 5.388142065601779198e-05
1.123935747245994889e+02 5.411405517212186645e-05
1.129948779322171362e+02 5.435248135704228995e-05
1.135977867558764842e+02 5.459127925878999479e-05
1.142023011955775189e+02 5.483044808847003062e-05
1.148084212513202687e+02 5.506998715646823305e-05
1.154161469231047192e+02 5.530989577554559940e-05
1.160254782109308707e+02 5.555017326082231025e-05
1.166364151147987371e+02 5.579081892976438023e-05
1.172489576347082902e+02 5.603183210216866210e-05
1.178631057706595584e+02 5.627321210014832526e-05
1.184788595226524706e+02 5.651495824811855105e-05
1.190962188906871404e+02 5.675706977475041589e-05
1.197151838747635111e+02 5.699954620736305858e-05
1.203357544748815968e+02 5.724238677684087296e-05
1.209579306910413550e+02 5.748559081667196940e-05
1.215817125232428282e+02 5.772915766257714226e-05
1.222070999714860307e+02 5.797308665249856707e-05
