9.220754133517534701e-01 6.536654037770295419e-07
9.742579347070893236e-01 6.971890377198766909e-07
1.028046072104128017e+00 7.427917569190645894e-07
1.083439825542869439e+00 7.905375766358249957e-07
1.140439195023312813e+00 8.404923148253776042e-07
1.199044180545459692e+00 8.927236730217777983e-07
1.259254782109308746e+00 9.473013116015929846e-07
1.321070999714860417e+00 1.003666365076842494e-06
1.384492833362114927e+00 1.055814210291715607e-06
1.449520283051072056e+00 1.109738157700233847e-06
1.516153348781731580e+00 1.165471016120341570e-06
1.584392030554093944e+00 1.223046473543199159e-06
1.654236328368158926e+00 1.282499129839590194e-06
1.725686242223926969e+00 1.343864526092720909e-06
1.798741772121396965e+00 1.407179180628180725e-06
1.873402918060570244e+00 1.472480616208148472e-06
1.949669680041445030e+00 1.539807396486113478e-06
2.027542058064023323e+00 1.609199165101480290e-06
2.107020052128304677e+00 1.680696673366891855e-06
2.188103662234287761e+00 1.754341821578494558e-06
2.270792888381974350e+00 1.830177692732416935e-06
2.355087730571363114e+00 1.908248597097026563e-06
2.440988188802454495e+00 1.988600099495649741e-06
2.528494263075248050e+00 2.071279062494602908e-06
2.617605953389745110e+00 2.156333692809044617e-06
2.708323259745944345e+00 2.243813567236288518e-06
2.800646182143846641e+00 2.333769681647513516e-06
2.894574720583451111e+00 2.426254486300165002e-06
2.990108875064758642e+00 2.521321938909865921e-06
3.087248645587767903e+00 2.619027528509552733e-06
3.185994032152480671e+00 2.719428325662449120e-06
3.286345034758896055e+00 2.822583037317329954e-06
3.388301653407014058e+00 2.928552028068482031e-06
3.491863888096834234e+00 3.026651694847307033e-06
3.597031738828357472e+00 3.122694644540195504e-06
3.703805205601583772e+00 3.220667807020141318e-06
3.812184288416512246e+00 3.320593865974366671e-06
3.922168987273143781e+00 3.422495999313039071e-06
4.033759302171477046e+00 3.526397884435112116e-06
4.146955233111511596e+00 3.632323711674131578e-06
4.261756780093250541e+00 3.740298181937801918e-06
4.378163943116692991e+00 3.850346520215752408e-06
4.496176722181838059e+00 3.962494481422175154e-06
4.615795117288683969e+00 4.076768355616564770e-06
4.737019128437234272e+00 4.193194984751937779e-06
4.859848755627486305e+00 4.311801756978011314e-06
4.984283998859440956e+00 4.432616623490075027e-06
5.110324858133099113e+00 4.555668101431648489e-06
5.237971333448458999e+00 4.680985294052244957e-06
5.367223424805522392e+00 4.808597881458397550e-06
5.498081132204287513e+00 4.938536140889262241e-06
5.630544455644756141e+00 5.070830952602090769e-06
5.764613395126925610e+00 5.205513804840609115e-06
5.900287950650798585e+00 5.342616818764261857e-06
6.037568122216375066e+00 5.482172734277799899e-06
6.176453909823653277e+00 5.624214935089463563e-06
6.316945313472634993e+00 5.768777454558394923e-06
6.459042333163318439e+00 5.915894980437133775e-06
6.602744968895707167e+00 6.065602885548897872e-06
6.748053220669795849e+00 6.217937207480039172e-06
6.894967088485587148e+00 6.372934679385204026e-06
7.043486572343081953e+00 6.530632735700816051e-06
7.193611672242280264e+00 6.691069516430388602e-06
7.345342388183179416e+00 6.849817218894165707e-06
7.498678720165779410e+00 6.996106807862892417e-06
7.653620668190084686e+00 7.144337046218892226e-06
7.810168232256092580e+00 7.294522426708861577e-06
7.968321412363803979e+00 7.446677643002085078e-06
8.128080208513217997e+00 7.600817597058354133e-06
8.289444620704333744e+00 7.756957392172522016e-06
8.452414648937150332e+00 7.915112340267237319e-06
8.616990293211673091e+00 8.075297962238756161e-06
8.783171553527896691e+00 8.237529987497836783e-06
8.950958429885822909e+00 8.401824364585215531e-06
9.120350922285451745e+00 8.568197249989299808e-06
9.291349030726783198e+00 8.736665018629379871e-06
9.463952755209817269e+00 8.907244263682747708e-06
9.638162095734552182e+00 9.079951795479305492e-06
9.813977052300991488e+00 9.254804655791253650e-06
9.991397624909135189e+00 9.431820101692788271e-06
1.017042381355897973e+01 9.611015619703781022e-06
1.035105561825052689e+01 9.792408924971552102e-06
1.053329303898377667e+01 9.976017959368805237e-06
1.071713607575873084e+01 1.016186091003431662e-05
1.090258472857538585e+01 1.034995618740442562e-05
1.108963899743374348e+01 1.054032244358998376e-05
1.127829888233380373e+01 1.073297857076941123e-05
1.146856438327556660e+01 1.092794369831399588e-05
1.166043550025903386e+01 1.112523721628134974e-05
1.185391223328420196e+01 1.132487874657084554e-05
1.204899458235107090e+01 1.152688816623456139e-05
1.224568254745964602e+01 1.173128560490981217e-05
1.244397612860992197e+01 1.193809144076272561e-05
1.264387532580190054e+01 1.214732632978902627e-05
1.284538013903558351e+01 1.235901116882938716e-05
1.304849056831096910e+01 1.257316712466142508e-05
1.325320661362805552e+01 1.278981563027101420e-05
1.345952827498684634e+01 1.300897838771247068e-05
1.366745555238733623e+01 1.323067736249541777e-05
1.387698844582953406e+01 1.345165546543054771e-05
1.408812695531342918e+01 1.365477227923708456e-05
1.430087108083903225e+01 1.385973551420573787e-05
1.451522082240633438e+01 1.406655307523856541e-05
1.473117618001534090e+01 1.427523293864389663e-05
1.494873715366604827e+01 1.448578315030387343e-05
1.516790374335846003e+01 1.469821182668694929e-05
1.538867594909257441e+01 1.491252715503933228e-05
1.561105377086839141e+01 1.512873739461408407e-05
1.583503720868590925e+01 1.534685087611918142e-05
1.606062626254512438e+01 1.556687600267778556e-05
1.628782093244604923e+01 1.578882124933003096e-05
1.651662121838867847e+01 1.601269516676056322e-05
1.674702712037300500e+01 1.623850637705695385e-05
1.697903863839903948e+01 1.646626357716532359e-05
1.721265577246677481e+01 1.669597553864916170e-05
1.744787852257621452e+01 1.692765110646813820e-05
1.768470688872735508e+01 1.716129920610889815e-05
1.792314087092019292e+01 1.739692883430384726e-05
1.816318046915473872e+01 1.763454906589362304e-05
1.840482568343098890e+01 1.787416905276824943e-05
1.864807651374893993e+01 1.811579802173227160e-05
1.889293296010859180e+01 1.835944528542604972e-05
1.913939502250994806e+01 1.860512022742420995e-05
1.938746270095300517e+01 1.885283231289331106e-05
1.963713599543776667e+01 1.910259108661780373e-05
1.988841490596423256e+01 1.935440616984090252e-05
2.014129943253239929e+01 1.960828727542401925e-05
2.039578957514226687e+01 1.986424418665627212e-05
2.065188533379383884e+01 2.012228677215313795e-05
2.090958670848711520e+01 2.038242498285867718e-05
2.116889369922209241e+01 2.064466884773431918e-05
2.142980630599877401e+01 2.090902849367058409e-05
2.169232452881715290e+01 2.117551411723868650e-05
2.195644836767723973e+01 2.144413600434668716e-05
2.222217782257902741e+01 2.171490452608789993e-05
2.248951289352251237e+01 2.198783013313261204e-05
2.275845358050770528e+01 2.226292338098939506e-05
2.302899988353459904e+01 2.254019489380668093e-05
2.330115180260319718e+01 2.281965538938275141e-05
2.357490933771349972e+01 2.310131567371517597e-05
2.385027248886550311e+01 2.338518663392381760e-05
2.412724125605921088e+01 2.367127926954985221e-05
2.440581563929461595e+01 2.395960464738140764e-05
2.468599563857172896e+01 2.423252473214970376e-05
2.496778125389054281e+01 2.449271371223296531e-05
2.525117248525105751e+01 2.475445071447212648e-05
2.553616933265327660e+01 2.501773768205298984e-05
2.582277179609720363e+01 2.528257658180044830e-05
2.611097987558283151e+01 2.554896936823730511e-05
2.640079357111015668e+01 2.581691803766583671e-05
2.669221288267918624e+01 2.608642459182265255e-05
2.698523781028991309e+01 2.635749105582038096e-05
2.727986835394235143e+01 2.663011944312651931e-05
2.757610451363649062e+01 2.690431180868594561e-05
2.787394628937233065e+01 2.718007021327384181e-05
2.817339368114987508e+01 2.745739674110071459e-05
2.847444668896912390e+01 2.773629346538055687e-05
2.877710531283007001e+01 2.801676250056496411e-05
2.908136955273272051e+01 2.829880596728835389e-05
2.938723940867707540e+01 2.858242600967611518e-05
2.969471488066312048e+01 2.886762476147858452e-05
3.000379596869088061e+01 2.915440439745053310e-05
3.031448267276034159e+01 2.944276709884797088e-05
3.062677499287151051e+01 2.973271507045040869e-05
3.094067292902437316e+01 3.002425050731655652e-05
3.125617648121894376e+01 3.031737564520901480e-05
3.157328564945521876e+01 3.061209272672675303e-05
3.189200043373319460e+01 3.090840401798105393e-05
3.221232083405287483e+01 3.120631177606619230e-05
3.253424685041424880e+01 3.150581829840420672e-05
3.285777848281733782e+01 3.180692588960873010e-05
3.318291573126212057e+01 3.210963686988676369e-05
3.350965859574860417e+01 3.241395358265305603e-05
3.383800707627680282e+01 3.271987836400296778e-05
3.416796117284669521e+01 3.302741358904667151e-05
3.449952088545828843e+01 3.333656164077371806e-05
3.483268621411158961e+01 3.364732492530877762e-05
3.516745715880659162e+01 3.395970584225992318e-05
3.550383371954329448e+01 3.427370682973827589e-05
3.584181589632169818e+01 3.458933033409576754e-05
3.618140368914180982e+01 3.490657882471213355e-05
3.652259709800362231e+01 3.522545476533600720e-05
3.686539612290713563e+01 3.554596065761304153e-05
3.720980076385235691e+01 3.586809901181486307e-05
3.755581102083927192e+01 3.619187235427780326e-05
3.790342689386790198e+01 3.651728323395762562e-05
3.825264838293821157e+01 3.684433419608977589e-05
3.860347548805024331e+01 3.717302782222204970e-05
3.895590820920396880e+01 3.750336670328101839e-05
3.930994654639940222e+01 3.783535345262760527e-05
3.966559049963654360e+01 3.816899068098361620e-05
4.002284006891537871e+01 3.850428103456308927e-05
4.038169525423592177e+01 3.884122716940545503e-05
4.074215605559816566e+01 3.917983176375856863e-05
4.110422247300211041e+01 3.952009749442734088e-05
4.146789450644775599e+01 3.986202707277001610e-05
4.183317215593510952e+01 4.020562322045505917e-05
4.220005542146416389e+01 4.055088867563851258e-05
4.256854430303492620e+01 4.089782619816326089e-05
4.293863880064738225e+01 4.124643854864826735e-05
4.331033891430154625e+01 4.159672852035710433e-05
4.368364464399741109e+01 4.193590258832982523e-05
4.405855598973497678e+01 4.222690992789460720e-05
4.443507295151425041e+01 4.251873443984788856e-05
4.481319552933521777e+01 4.281137325428524803e-05
4.519292372319789308e+01 4.310482369880722027e-05
4.557425753310226924e+01 4.339908289276968388e-05
4.595719695904835334e+01 4.369414814091423437e-05
4.634174200103613828e+01 4.399001675973581512e-05
4.672789265906562406e+01 4.428668591174869337e-05
4.711564893313681068e+01 4.458415300294951499e-05
4.750501082324970525e+01 4.488241521759670969e-05
4.789597832940428646e+01 4.518146993465011277e-05
4.828855145160058981e+01 4.548131454543721634e-05
4.868273018983858691e+01 4.578194627443366255e-05
4.907851454411828485e+01 4.608336254342626861e-05
4.947590451443969073e+01 4.638556078666045959e-05
4.987490010080279745e+01 4.668853826820135730e-05
5.027550130320760502e+01 4.699229245255257209e-05
5.067770812165412053e+01 4.729682081653997013e-05
5.108152055614233689e+01 4.760212066326057487e-05
5.148693860667225408e+01 4.790818949978908653e-05
5.189396227324387922e+01 4.821502484489176044e-05
5.230259155585719810e+01 4.852262404049316989e-05
5.271282645451222493e+01 4.883098463553108709e-05
5.312466696920895970e+01 4.914010419055443897e-05
5.353811309994738821e+01 4.944998008608414935e-05
5.395316484672751756e+01 4.976060991253383281e-05
5.436982220954934775e+01 5.007199127140925113e-05
5.478808518841290010e+01 5.038412158181685015e-05
5.520795378331813907e+01 5.069699847497245173e-05
5.562942799426507889e+01 5.101061959259040388e-05
5.605250782125371956e+01 5.132498239248222132e-05
5.647719326428407527e+01 5.164008461401504746e-05
5.690348432335613182e+01 5.195592373396206305e-05
5.733138099846988212e+01 5.227249745339191843e-05
5.776088328962534035e+01 5.258980348252444527e-05
5.819199119682249943e+01 5.290783933729833354e-05
5.862470472006136646e+01 5.322660282836159170e-05
5.905902385934192722e+01 5.354609149071365822e-05
5.949494861466419593e+01 5.386630309296098958e-05
5.993247898602816548e+01 5.418723541106655053e-05
6.037161497343384298e+01 5.450888602033983354e-05
6.081235657688121421e+01 5.483125279825622298e-05
6.125470379637030049e+01 5.515433333999293153e-05
6.169865663190107341e+01 5.547812555274566970e-05
6.214421508347356848e+01 5.580262705200303268e-05
6.259137915108775019e+01 5.612783577362200164e-05
6.304014883474363984e+01 5.645374935410860031e-05
6.349052413444123033e+01 5.678036575662370007e-05
6.394250505018050035e+01 5.710768263972361837e-05
6.439609158196149963e+01 5.743569799214256750e-05
6.485128372978418554e+01 5.776440949592597624e-05
6.530808149364858650e+01 5.809381516319605957e-05
6.576648487355470252e+01 5.842391270142244838e-05
6.622649386950250516e+01 5.875470014337209169e-05
6.668810848149200865e+01 5.908617530156991455e-05
6.715132870952322719e+01 5.941833607549674973e-05
6.761615455359614657e+01 5.975118029213308143e-05
6.808258601371076679e+01 6.008470603884494515e-05
6.855062308986708786e+01 6.041891116815498164e-05
6.902026578206510976e+01 6.075379362424060382e-05
6.949151409030484672e+01 6.108935144476511933e-05
6.996436801458625609e+01 6.142558242341729043e-05
7.043882755490940895e+01 6.176248469920067987e-05
7.091489271127423422e+01 6.210005623744833773e-05
7.139256348368076033e+01 6.243829494979442039e-05
7.187183987212900149e+01 6.277719787831847955e-05
7.235272187661894350e+01 6.311676518266570723e-05
7.283520949715060055e+01 6.345699376232236122e-05
7.331930273372394424e+01 6.379788168040273109e-05
7.380500158633898877e+01 6.413942707965251695e-05
7.429230605499574835e+01 6.448162791239947923e-05
7.478121613969419457e+01 6.482448233201216830e-05
7.527173184043435583e+01 6.516798842120868560e-05
7.576385315721621794e+01 6.551214418677740509e-05
7.625758009003978088e+01 6.585694791737587393e-05
7.675291263890505888e+01 6.620239754810858278e-05
7.724985080381200930e+01 6.654849139471732998e-05
7.774839458476068899e+01 6.689522741219573938e-05
7.824854398175105530e+01 6.724260384167588445e-05
7.875029899478313666e+01 6.759061894265001641e-05
7.925365962385691887e+01 6.793927069637884712e-05
7.975862586897240192e+01 6.828855737734212364e-05
8.026519773012958581e+01 6.863847717737552349e-05
8.077337520732847054e+01 6.898902829821304278e-05
8.128315830056905611e+01 6.934020905235212685e-05
8.179454700985135673e+01 6.969201746239429254e-05
8.230754133517534399e+01 7.004445185702528915e-05
8.282214127654104630e+01 7.039751047694991961e-05
8.333834683394844944e+01 7.075119157246110169e-05
8.385615800739755343e+01 7.110549340337451768e-05
8.437557479688835826e+01 7.146041423897001325e-05
8.489659720242086394e+01 7.181595235792944559e-05
8.541922522399508466e+01 7.217210604827503293e-05
8.594345886161099202e+01 7.252887360730816491e-05
8.646929811526860021e+01 7.288625334155116736e-05
8.699674298496792346e+01 7.324424356668395779e-05
8.752579347070894755e+01 7.360284260748572885e-05
8.805644957249167248e+01 7.396204879777473447e-05
8.858871129031609826e+01 7.432186048034735771e-05
8.912257862418219645e+01 7.468227600692052602e-05
8.965805157409003812e+01 7.504329373807138901e-05
9.019513014003956641e+01 7.540491204317812095e-05
9.073381432203080976e+01 7.576712930036267495e-05
9.127410412006373974e+01 7.612994389643036575e-05
9.181599953413838477e+01 7.649335422676674856e-05
9.235950056425473065e+01 7.685735869541068072e-05
9.290460721041277736e+01 7.722195571488061900e-05
9.345131947261253913e+01 7.758714370608605379e-05
9.399963735085398753e+01 7.795292109844189244e-05
9.454956084513713677e+01 7.831928632963707697e-05
9.510108995546200106e+01 7.868623784562203444e-05
9.565422468182855198e+01 7.905377410065276330e-05
9.620896502423683216e+01 7.942189355707374903e-05
9.676531098268679898e+01 7.979059468539396668e-05
9.732326255717845243e+01 8.015987596418380041e-05
9.788281974771183513e+01 8.052973587995964364e-05
9.844398255428690447e+01 8.090017292728933778e-05
9.900675097690368887e+01 8.127118560851339670e-05
9.957112501556215989e+01 8.164277243394108474e-05
1.001371046702623460e+02 8.201493192154375006e-05
1.007046899410042187e+02 8.238766259714586115e-05
1.012738808277878348e+02 8.276096299413423726e-05
1.018446773306130950e+02 8.313483165361903896e-05
1.024170794494800987e+02 8.350926712424153902e-05
1.029910871843888032e+02 8.388426796213889947e-05
1.035667005353391943e+02 8.425983273094270784e-05
1.041439195023313147e+02 8.463595987122637184e-05
1.047227440853651075e+02 8.501264822287173378e-05
1.053031742844406153e+02 8.538989624042627987e-05
1.058852100995578098e+02 8.576770251647139486e-05
1.064688515307167336e+02 8.614606564965499480e-05
1.070540985779173297e+02 8.652546406832170979e-05
1.076409512411596410e+02 8.690629975628526164e-05
1.082294095204436815e+02 8.728783483364304470e-05
1.088194734157693944e+02 8.767006841918572821e-05
1.094111429271368223e+02 8.805299923443432120e-05
1.100044180545459511e+02 8.843662613903427569e-05
1.105992987979967808e+02 8.882094799665958659e-05
1.111957851574893112e+02 8.920596367499181243e-05
1.117938771330235426e+02 8.959167204569565366e-05
1.123935747245994889e+02 8.997807198439672653e-05
1.129948779322171362e+02 9.036516237065720920e-05
1.135977867558764842e+02 9.075294208795586532e-05
1.142023011955775189e+02 9.114141002366279564e-05
1.148084212513202687e+02 9.153056506902047806e-05
1.154161469231047192e+02 9.192040611911740796e-05
1.160254782109308707e+02 9.231093207286957187e-05
1.166364151147987371e+02 9.270214183299666281e-05
1.172489576347082902e+02 9.309403430600200898e-05
1.178631057706595584e+02 9.348660826092474764e-05
1.184788595226524706e+02 9.387986289555096554e-05
1.190962188906871404e+02 9.427379698505063794e-05
1.197151838747635111e+02 9.466840945084175761e-05
1.203357544748815968e+02 9.506369921801802018e-05
1.209579306910413550e+02 9.545966521532819719e-05
1.215817125232428282e+02 9.585630637515656625e-05
1.222070999714860307e+02 9.625362163350045450e-05
1.228340930357709198e+02 9.665160992995054678e-05
1.234626917160974813e+02 9.705027020767158685e-05
1.240928960124657863e+02 9.744960141338070690e-05
1.247247059248757637e+02 9.784960249732850817e-05
1.253581214533274704e+02 9.825027241327832566e-05
1.259931425978208637e+02 9.865160996818503922e-05
1.266297693583559578e+02 9.905361442500936722e-05
1.272680017349327670e+02 9.945628459600612211e-05
1.279078397275512629e+02 9.985961944879483750e-05
1.285492833362114879e+02 1.002636179544103923e-04
1.291923325609133713e+02 1.006682790872828444e-04
1.298369874016569838e+02 1.010736018252222386e-04
1.304832478584422972e+02 1.014795851493946455e-04
1.311311139312693399e+02 1.018862280443082972e-04
1.317805856201380266e+02 1.022935294977918628e-04
1.324316629250484709e+02 1.027014885009774534e-04
1.330843458460005877e+02 1.031101040482811337e-04
1.337386343829944053e+02 1.035193751373861845e-04
1.343945285360299522e+02 1.039293006110803810e-04
1.350520283051071999e+02 1.043398797916800924e-04
1.357111336902261201e+02 1.047511115265405124e-04
1.363718446913867695e+02 1.051629948262303664e-04
1.370341613085890913e+02 1.055755287044950517e-04
1.376980835418331424e+02 1.059887121782410516e-04
1.383636113911188943e+02 1.064025442675170573e-04
1.390307448564463471e+02 1.068170239954959020e-04
1.396994839378154722e+02 1.072321503884595447e-04
1.403698286352263551e+02 1.076479224757812355e-04
1.410417789486789104e+02 1.080643392899079374e-04
1.417153348781731665e+02 1.084813998663440907e-04
1.423904964237091235e+02 1.088991030763648284e-04
1.430672635852867813e+02 1.093174482981673163e-04
1.437456363629061684e+02 1.097364344069584651e-04
1.444256147565672279e+02 1.101560604503075815e-04
1.451071987662700167e+02 1.105763254787588601e-04
1.457903883920144779e+02 1.109972285458168012e-04
1.464751836338006399e+02 1.114187687079280911e-04
1.471615844916285312e+02 1.118409450244668159e-04
1.478495909654981233e+02 1.122637565577209366e-04
1.485392030554094163e+02 1.126872023728715534e-04
1.492304207613623817e+02 1.131112815379823618e-04
1.499232440833570763e+02 1.135359931239814790e-04
1.506176730213934718e+02 1.139613362046476336e-04
1.513137075754715966e+02 1.143873096825435937e-04
1.520113477455913653e+02 1.148139129874669321e-04
1.527105935317528349e+02 1.152411450253193394e-04
1.534114449339560622e+02 1.156690048811256076e-04
1.541139019522009619e+02 1.160974916426871429e-04
1.548179645864875624e+02 1.165266044005642805e-04
1.555236328368158638e+02 1.169563422480627180e-04
1.562309067031858945e+02 1.173867042812200577e-04
1.569397861855975975e+02 1.178176895987898286e-04
1.576502712840510299e+02 1.182492973022281367e-04
1.583623619985461630e+02 1.186815264956783239e-04
1.590760583290829686e+02 1.191143762859573339e-04
1.597913602756615035e+02 1.195478455994290594e-04
1.605082678382817392e+02 1.199819339168988548e-04
1.612267810169436757e+02 1.204166401675302940e-04
1.619468998116473131e+02 1.208519634686984983e-04
1.626686242223926513e+02 1.212879029403811620e-04
1.633919542491796904e+02 1.217244577051484155e-04
1.641168898920084303e+02 1.221616268881474561e-04
1.648434311508788710e+02 1.225994096170907987e-04
1.655715780257910126e+02 1.230378050222405407e-04
1.663013305167448834e+02 1.234768122363994174e-04
1.670326886237404267e+02 1.239164303948910701e-04
1.677656523467776992e+02 1.243566586355544616e-04
1.685002216858566442e+02 1.247974959061204803e-04
1.692363966409773184e+02 1.252389417372568438e-04
1.699741772121396934e+02 1.256809950789915665e-04
1.707135633993437409e+02 1.261236550790830043e-04
1.714545552025895176e+02 1.265669208877343347e-04
1.721971526218769952e+02 1.270107916575881357e-04
1.729413556572061736e+02 1.274552665437065453e-04
1.736871643085770529e+02 1.279003447035646204e-04
1.744345785759896330e+02 1.283460252970365948e-04
1.751835984594439140e+02 1.287923074863817573e-04
1.759342239589398957e+02 1.292391904362342873e-04
1.766864550744775784e+02 1.296866733135925754e-04
1.774402918060569903e+02 1.301347550850608407e-04
1.781957341536780746e+02 1.305834353306229291e-04
1.789527821173408597e+02 1.310327130187063623e-04
1.797114356970453741e+02 1.314825873256389552e-04
1.804716948927915610e+02 1.319330574300538617e-04
1.812335597045794771e+02 1.323841225128755074e-04
1.819970301324090656e+02 1.328357817573103735e-04
1.827621061762804118e+02 1.332880343488324960e-04
1.835287878361934020e+02 1.337408794751763640e-04
1.842970751121481214e+02 1.341943163263211987e-04
1.850669680041445417e+02 1.346483440944830660e-04
1.858384665121826629e+02 1.351029619741038446e-04
1.866115706362624849e+02 1.355581691618368333e-04
1.873862803763840077e+02 1.360139646458023244e-04
1.881625957325472314e+02 1.364703480514889151e-04
1.889405167047521843e+02 1.369273183683915036e-04
1.897200432929988096e+02 1.373848748019123038e-04
1.905011754972871074e+02 1.378430165596126100e-04
1.912839133176171345e+02 1.383017428512036892e-04
1.920682567539888908e+02 1.387610528885348552e-04
1.928542058064023479e+02 1.392209458855849576e-04
1.936417604748574774e+02 1.396814210584502113e-04
1.944309207593543363e+02 1.401424776253351709e-04
1.952216866598928959e+02 1.406041148065416174e-04
1.960140581764731280e+02 1.410663318244596409e-04
1.968080353090951178e+02 1.415291276809360751e-04
1.976036180577587515e+02 1.419925020508971036e-04
1.984008064224641146e+02 1.424564539371240884e-04
1.991996004032111784e+02 1.429209825702591177e-04
2.000000000000000000e+02 1.433860871829778093e-04
