1.259254782109308746e+00 4.994003147625011681e-06
1.321070999714860417e+00 5.153133026771680048e-06
1.384492833362114927e+00 5.317369610260290461e-06
1.449520283051072056e+00 5.486807027787612637e-06
1.516153348781731580e+00 5.661543465703509502e-06
1.584392030554093944e+00 5.841681148143722986e-06
1.654236328368158926e+00 6.027326490655327408e-06
1.725686242223926969e+00 6.218590089779310121e-06
1.798741772121396965e+00 6.415586880250014356e-06
1.873402918060570244e+00 6.584509196706983804e-06
1.949669680041445030e+00 6.719297050541837104e-06
2.027542058064023323e+00 6.857089878424873296e-06
2.107020052128304677e+00 6.997903136841860007e-06
2.188103662234287761e+00 7.141752922253652560e-06
2.270792888381974350e+00 7.288655811259658894e-06
2.355087730571363114e+00 7.438629018370758434e-06
2.440988188802454495e+00 7.591690233395467956e-06
2.528494263075248050e+00 7.747857760646257395e-06
2.617605953389745110e+00 7.907150454194629034e-06
2.708323259745944345e+00 8.069587660941966197e-06
2.800646182143846641e+00 8.235189352944790572e-06
2.894574720583451111e+00 8.403975972276027712e-06
2.990108875064758642e+00 8.575968583742762125e-06
3.087248645587767903e+00 8.751188719872199579e-06
3.185994032152480671e+00 8.929658534388961724e-06
3.286345034758896055e+00 9.111400647396438563e-06
3.388301653407014058e+00 9.296438299655999661e-06
3.491863888096834234e+00 9.484795197948856112e-06
3.597031738828357472e+00 9.676495670201818499e-06
3.703805205601583772e+00 9.871564511028557053e-06
3.812184288416512246e+00 1.005097458647943412e-05
3.922168987273143781e+00 1.020793076221056955e-05
4.033759302171477046e+00 1.036723471715741691e-05
4.146955233111511596e+00 1.052888914281844379e-05
4.261756780093250541e+00 1.069289691156377248e-05
4.378163943116692991e+00 1.085926085220593681e-05
4.496176722181838059e+00 1.102798397691697798e-05
4.615795117288683969e+00 1.119906925563426338e-05
4.737019128437234272e+00 1.137251984313979267e-05
4.859848755627486305e+00 1.154833885314140310e-05
4.984283998859440956e+00 1.172652958541599942e-05
5.110324858133099113e+00 1.190709529966820639e-05
5.237971333448458999e+00 1.209003944269491007e-05
5.367223424805522392e+00 1.227536542205112899e-05
5.498081132204287513e+00 1.246307683325771854e-05
5.630544455644756141e+00 1.265317723323222270e-05
5.764613395126925610e+00 1.284567036761941515e-05
5.900287950650798585e+00 1.304055994391116455e-05
6.037568122216375066e+00 1.323784985899389399e-05
6.176453909823653277e+00 1.343754397186203479e-05
6.316945313472634993e+00 1.363964633151237135e-05
6.459042333163318439e+00 1.382664129593389393e-05
6.602744968895707167e+00 1.399236350281695906e-05
6.748053220669795849e+00 1.415994089898693703e-05
6.894967088485587148e+00 1.432937043169119198e-05
7.043486572343081953e+00 1.450064892456392716e-05
7.193611672242280264e+00 1.467377319795893286e-05
7.345342388183179416e+00 1.484874020233683002e-05
7.498678720165779410e+00 1.502554672758892778e-05
7.653620668190084686e+00 1.520418973854592532e-05
7.810168232256092580e+00 1.538466608959302849e-05
7.968321412363803979e+00 1.556697264603631005e-05
8.128080208513217997e+00 1.575110641972804297e-05
8.289444620704333744e+00 1.593706427135532772e-05
8.452414648937150332e+00 1.612484325229137844e-05
8.616990293211673091e+00 1.631444026915004881e-05
8.783171553527896691e+00 1.650585242060866305e-05
8.950958429885822909e+00 1.669907670850260449e-05
9.120350922285451745e+00 1.689411015862627791e-05
9.291349030726783198e+00 1.709094995797224388e-05
9.463952755209817269e+00 1.728959315096519696e-05
9.638162095734552182e+00 1.749003698644986974e-05
9.813977052300991488e+00 1.769227857466400394e-05
9.991397624909135189e+00 1.789631523044791489e-05
1.017042381355897973e+01 1.810214413336521327e-05
1.035105561825052689e+01 1.830976266753961992e-05
1.053329303898377667e+01 1.851916812781721376e-05
1.071713607575873084e+01 1.873035784057401116e-05
1.090258472857538585e+01 1.894332930410615775e-05
1.108963899743374348e+01 1.915807987613316868e-05
1.127829888233380373e+01 1.937460712947001762e-05
1.146856438327556660e+01 1.959290849781400445e-05
1.166043550025903386e+01 1.981298162956424765e-05
1.185391223328420196e+01 2.003482403500297146e-05
1.204899458235107090e+01 2.025843343869904723e-05
1.224568254745964602e+01 2.048380742767862524e-05
1.244397612860992197e+01 2.071094380284997687e-05
1.264387532580190054e+01 2.092992815733217974e-05
1.284538013903558351e+01 2.113820328823855791e-05
1.304849056831096910e+01 2.134807857962412364e-05
1.325320661362805552e+01 2.155955092773848629e-05
1.345952827498684634e+01 2.177261704995089701e-05
1.366745555238733623e+01 2.198727393179839880e-05
1.387698844582953406e+01 2.220351838172943912e-05
1.408812695531342918e+01 2.242134747445725888e-05
1.430087108083903225e+01 2.264075810935904171e-05
1.451522082240633438e+01 2.286174745055890195e-05
1.473117618001534090e+01 2.308431248800779840e-05
1.494873715366604827e+01 2.330845047501015310e-05
1.516790374335846003e+01 2.353415854773658705e-05
1.538867594909257441e+01 2.376143387904307058e-05
1.561105377086839141e+01 2.399027386286578111e-05
1.583503720868590925e+01 2.422067570371515044e-05
1.606062626254512438e+01 2.445263688271753267e-05
1.628782093244604923e+01 2.468615469110684827e-05
1.651662121838867847e+01 2.492122669591547861e-05
1.674702712037300500e+01 2.515785027347030114e-05
1.697903863839903948e+01 2.539602307520319514e-05
1.721265577246677481e+01 2.563574256073815983e-05
1.744787852257621452e+01 2.587700646420839669e-05
1.768470688872735508e+01 2.611981232662339192e-05
1.792314087092019292e+01 2.636415796302541185e-05
1.816318046915473872e+01 2.661004099376125320e-05
1.840482568343098890e+01 2.685745931284020727e-05
1.864807651374893993e+01 2.710641061785242439e-05
1.889293296010859180e+01 2.735689287973892600e-05
1.913939502250994806e+01 2.760890387119350236e-05
1.938746270095300517e+01 2.786244163797739427e-05
1.963713599543776667e+01 2.811750402572966322e-05
1.988841490596423256e+01 2.837408915285685978e-05
2.014129943253239929e+01 2.863219493578678435e-05
2.039578957514226687e+01 2.889181956334586728e-05
2.065188533379383884e+01 2.915296102061796799e-05
2.090958670848711520e+01 2.941561756457954823e-05
2.116889369922209241e+01 2.967978724688105540e-05
2.142980630599877401e+01 2.994546839033914749e-05
2.169232452881715290e+01 3.021265911114504510e-05
2.195644836767723973e+01 3.048135779560779990e-05
2.222217782257902741e+01 3.075156262251433682e-05
2.248951289352251237e+01 3.102327203927681781e-05
2.275845358050770528e+01 3.129648434701296997e-05
2.302899988353459904e+01 3.157119786707145506e-05
2.330115180260319718e+01 3.184741114375753680e-05
2.357490933771349972e+01 3.212512249474798915e-05
2.385027248886550311e+01 3.240433051920325761e-05
2.412724125605921088e+01 3.268503359160588608e-05
2.440581563929461595e+01 3.296723036330879622e-05
2.468599563857172896e+01 3.325091926435410635e-05
2.496778125389054281e+01 3.353609899550893264e-05
2.525117248525105751e+01 3.382276810227669061e-05
2.553616933265327660e+01 3.411092514915800328e-05
2.582277179609720363e+01 3.440056891540306462e-05
2.611097987558283151e+01 3.469169801767179722e-05
2.640079357111015668e+01 3.498431109265616148e-05
2.669221288267918624e+01 3.527840699019500753e-05
2.698523781028991309e+01 3.557398439562753926e-05
2.727986835394235143e+01 3.587104207764624058e-05
2.757610451363649062e+01 3.616957882654650667e-05
2.787394628937233065e+01 3.646959345375948834e-05
2.817339368114987508e+01 3.677108479138093842e-05
2.847444668896912390e+01 3.707405169169238068e-05
2.877710531283007001e+01 3.737849309017250737e-05
2.908136955273272051e+01 3.768440774284870828e-05
2.938723940867707540e+01 3.799179474035479349e-05
2.969471488066312048e+01 3.830065290306408128e-05
3.000379596869088061e+01 3.861098115984393459e-05
3.031448267276034159e+01 3.892277780875011059e-05
3.062677499287151051e+01 3.923604328148797384e-05
3.094067292902437316e+01 3.955077593211081939e-05
3.125617648121894376e+01 3.986573829780202974e-05
3.157328564945521876e+01 4.017231808566752737e-05
3.189200043373319460e+01 4.048027311558959101e-05
3.221232083405287483e+01 4.078960197529696719e-05
3.253424685041424880e+01 4.110030319882056584e-05
3.285777848281733782e+01 4.141237558193363905e-05
3.318291573126212057e+01 4.172581762083538658e-05
3.350965859574860417e+01 4.204062815206670886e-05
3.383800707627680282e+01 4.235680571767844735e-05
3.416796117284669521e+01 4.267434911136632630e-05
3.449952088545828843e+01 4.299325707030094573e-05
3.483268621411158961e+01 4.331352835038177992e-05
3.516745715880659162e+01 4.363516180799928911e-05
3.550383371954329448e+01 4.395815607336613990e-05
3.584181589632169818e+01 4.428251003615796185e-05
3.618140368914180982e+01 4.460822252368837663e-05
3.652259709800362231e+01 4.493529238027540236e-05
3.686539612290713563e+01 4.526371846691644375e-05
3.720980076385235691e+01 4.559349966097060725e-05
3.755581102083927192e+01 4.592463485584704036e-05
3.790342689386790198e+01 4.625712296070116534e-05
3.825264838293821157e+01 4.659096290013508700e-05
3.860347548805024331e+01 4.692615361390562384e-05
3.895590820920396880e+01 4.726269405663694704e-05
3.930994654639940222e+01 4.760058319754162880e-05
3.966559049963654360e+01 4.793982002014460448e-05
4.002284006891537871e+01 4.828040352201349759e-05
4.038169525423592177e+01 4.862233271449695443e-05
4.074215605559816566e+01 4.896560662246540453e-05
4.110422247300211041e+01 4.931022428405770297e-05
4.146789450644775599e+01 4.965618475043482671e-05
4.183317215593510952e+01 5.000348708553705400e-05
4.220005542146416389e+01 5.035213036584647664e-05
4.256854430303492620e+01 5.070211368015398461e-05
4.293863880064738225e+01 5.105343612933348099e-05
4.331033891430154625e+01 5.140609682611680157e-05
4.368364464399741109e+01 5.176009489487741651e-05
4.405855598973497678e+01 5.211542947141482320e-05
4.443507295151425041e+01 5.247209970274689444e-05
4.481319552933521777e+01 5.283010474690447633e-05
4.519292372319789308e+01 5.318944377272966567e-05
4.557425753310226924e+01 5.355011595968102629e-05
4.595719695904835334e+01 5.391212041149686242e-05
4.634174200103613828e+01 5.427545650148242625e-05
4.672789265906562406e+01 5.464012335277727101e-05
4.711564893313681068e+01 5.500612018541380772e-05
4.750501082324970525e+01 5.537344622911747228e-05
4.789597832940428646e+01 5.574210072313332096e-05
4.828855145160058981e+01 5.611208291605478062e-05
4.868273018983858691e+01 5.648339206565906683e-05
4.907851454411828485e+01 5.685602743874360488e-05
4.947590451443969073e+01 5.722998831096531033e-05
4.987490010080279745e+01 5.760527396668702537e-05
5.027550130320760502e+01 5.798188369882201708e-05
5.067770812165412053e+01 5.835981680868480479e-05
5.108152055614233689e+01 5.873907260584541618e-05
5.148693860667225408e+01 5.911965031900738598e-05
5.189396227324387922e+01 5.950154945297220037e-05
5.230259155585719810e+01 5.988476925104437183e-05
5.271282645451222493e+01 6.026930905440179597e-05
5.312466696920895970e+01 6.065516821178607444e-05
5.353811309994738821e+01 6.104234607937269531e-05
5.395316484672751756e+01 6.143084202064517073e-05
5.436982220954934775e+01 6.182065540626922883e-05
5.478808518841290010e+01 6.221178561397131533e-05
5.520795378331813907e+01 6.260423202841820637e-05
5.562942799426507889e+01 6.299799404110108031e-05
5.605250782125371956e+01 6.339307105021911495e-05
5.647719326428407527e+01 6.378946236809749900e-05
5.690348432335613182e+01 6.418716759230118916e-05
5.733138099846988212e+01 6.458618604666466808e-05
5.776088328962534035e+01 6.498651715511872770e-05
5.819199119682249943e+01 6.538816034776186083e-05
5.862470472006136646e+01 6.579111506075856306e-05
5.905902385934192722e+01 6.619538073623969449e-05
5.949494861466419593e+01 6.660095682220430529e-05
5.993247898602816548e+01 6.700784277242475444e-05
6.037161497343384298e+01 6.741603804635144901e-05
6.081235657688121421e+01 6.782554210902098511e-05
6.125470379637030049e+01 6.823635443096680970e-05
6.169865663190107341e+01 6.864847448812854054e-05
6.214421508347356848e+01 6.906190166744666128e-05
6.259137915108775019e+01 6.947663564546465971e-05
6.304014883474363984e+01 6.989267581808698620e-05
6.349052413444123033e+01 7.031002168202932332e-05
6.394250505018050035e+01 7.072867273899830214e-05
6.439609158196149963e+01 7.114862849561460524e-05
6.485128372978418554e+01 7.156988846333032334e-05
6.530808149364858650e+01 7.199245215835497211e-05
6.576648487355470252e+01 7.241631910158096677e-05
6.622649386950250516e+01 7.284148881851241716e-05
6.668810848149200865e+01 7.326796083919126642e-05
6.715132870952322719e+01 7.369573469812883723e-05
6.761615455359614657e+01 7.412480983630960853e-05
6.808258601371076679e+01 7.455518599428313309e-05
6.855062308986708786e+01 7.498686262015887352e-05
6.902026578206510976e+01 7.541983926564801706e-05
6.949151409030484672e+01 7.585411548659870052e-05
6.996436801458625609e+01 7.628969084293181198e-05
7.043882755490940895e+01 7.672656489858398882e-05
7.091489271127423422e+01 7.716473722144552008e-05
7.139256348368076033e+01 7.760420738329929229e-05
7.187183987212900149e+01 7.804497495976454651e-05
7.235272187661894350e+01 7.848703953023758602e-05
7.283520949715060055e+01 7.893040067783889434e-05
7.331930273372394424e+01 7.937505798935582161e-05
7.380500158633898877e+01 7.982101095433638983e-05
7.429230605499574835e+01 8.026825936991643852e-05
7.478121613969419457e+01 8.071680273122657380e-05
7.527173184043435583e+01 8.116664063919619432e-05
7.576385315721621794e+01 8.161777269816367433e-05
7.625758009003978088e+01 8.207019851582486407e-05
7.675291263890505888e+01 8.252391770318671298e-05
7.724985080381200930e+01 8.297892987451602762e-05
7.774839458476068899e+01 8.343523464730145684e-05
7.824854398175105530e+01 8.389283164220029810e-05
7.875029899478313666e+01 8.435172048299430269e-05
7.925365962385691887e+01 8.481190079654718852e-05
7.975862586897240192e+01 8.527337221276169222e-05
8.026519773012958581e+01 8.573613436453529299e-05
8.077337520732847054e+01 8.620018678433387122e-05
8.128315830056905611e+01 8.666552931914457063e-05
8.179454700985135673e+01 8.713216150574408655e-05
8.230754133517534399e+01 8.760008298860184547e-05
8.282214127654104630e+01 8.806929341498135775e-05
8.333834683394844944e+01 8.853979243490088817e-05
8.385615800739755343e+01 8.901157970109706741e-05
8.437557479688835826e+01 8.948465486898607760e-05
8.489659720242086394e+01 8.995901759662730448e-05
8.541922522399508466e+01 9.043466754469391480e-05
8.594345886161099202e+01 9.091160437643005751e-05
8.646929811526860021e+01 9.138982775761896103e-05
8.699674298496792346e+01 9.186933735654819822e-05
8.752579347070894755e+01 9.235013284397908468e-05
8.805644957249167248e+01 9.283221378584584609e-05
8.858871129031609826e+01 9.331558007372876666e-05
8.912257862418219645e+01 9.380023127687916150e-05
8.965805157409003812e+01 9.428616707562331332e-05
9.019513014003956641e+01 9.477338715260094832e-05
9.073381432203080976e+01 9.526189119273537997e-05
9.127410412006373974e+01 9.575167888320397806e-05
9.181599953413838477e+01 9.624274991340863773e-05
9.235950056425473065e+01 9.673510397494412079e-05
9.290460721041277736e+01 9.722874076158093885e-05
9.345131947261253913e+01 9.772365996922483130e-05
9.399963735085398753e+01 9.821986129589875395e-05
9.454956084513713677e+01 9.871734444172322793e-05
9.510108995546200106e+01 9.921610910884632727e-05
9.565422468182855198e+01 9.971615500146918480e-05
9.620896502423683216e+01 1.002174817145282310e-04
9.676531098268679898e+01 1.007200891801893542e-04
9.732326255717845243e+01 1.012239769958825006e-04
9.788281974771183513e+01 1.017291448736931485e-04
9.844398255428690447e+01 1.022355925276193764e-04
9.900675097690368887e+01 1.027433196735447039e-04
9.957112501556215989e+01 1.032523260292160419e-04
1.001371046702623460e+02 1.037626113142267923e-04
1.007046899410042187e+02 1.042741752499862467e-04
1.012738808277878348e+02 1.047870175597013717e-04
1.018446773306130950e+02 1.053011379683531595e-04
1.024170794494800987e+02 1.058165362026784002e-04
1.029910871843888032e+02 1.063332119911451919e-04
1.035667005353391943e+02 1.068511650639350112e-04
1.041439195023313147e+02 1.073703951529214758e-04
1.047227440853651075e+02 1.078909019916491491e-04
1.053031742844406153e+02 1.084126853153148640e-04
1.058852100995578098e+02 1.089357447464954303e-04
1.064688515307167336e+02 1.094600802535216955e-04
1.070540985779173297e+02 1.099856914607803685e-04
1.076409512411596410e+02 1.105125781098877081e-04
1.082294095204436815e+02 1.110407399440166973e-04
1.088194734157693944e+02 1.115701767078816620e-04
1.094111429271368223e+02 1.121008881477191340e-04
1.100044180545459511e+02 1.126328740112701927e-04
1.105992987979967808e+02 1.131661340477647167e-04
1.111957851574893112e+02 1.137006680078978026e-04
1.117938771330235426e+02 1.142364756438294261e-04
1.123935747245994889e+02 1.147735567091522546e-04
1.129948779322171362e+02 1.153119109588814019e-04
1.135977867558764842e+02 1.158515381494362538e-04
1.142023011955775189e+02 1.163924380386286372e-04
1.148084212513202687e+02 1.169346103856432496e-04
1.154161469231047192e+02 1.174780549510216949e-04
1.160254782109308707e+02 1.180227714966552868e-04
1.166364151147987371e+02 1.185687596677197282e-04
1.172489576347082902e+02 1.191160194661926308e-04
1.178631057706595584e+02 1.196645505384934537e-04
1.184788595226524706e+02 1.202143526517456532e-04
1.190962188906871404e+02 1.207654255743383971e-04
1.197151838747635111e+02 1.213177690759308059e-04
1.203357544748815968e+02 1.218713829274254313e-04
1.209579306910413550e+02 1.224262669009558956e-04
1.215817125232428282e+02 1.229824207698736649e-04
1.222070999714860307e+02 1.235398443087272458e-04
1.228340930357709198e+02 1.240985372932788551e-04
1.234626917160974813e+02 1.246584995004613495e-04
1.240928960124657863e+02 1.252197307083719650e-04
1.247247059248757637e+02 1.257822306962643204e-04
1.253581214533274704e+02 1.263459992445487153e-04
1.259931425978208637e+02 1.269110361347514733e-04
1.266297693583559578e+02 1.274773411495274365e-04
1.272680017349327670e+02 1.280449140726441369e-04
1.279078397275512629e+02 1.286137546889534440e-04
1.285492833362114879e+02 1.291838626613618863e-04
1.291923325609133713e+02 1.297552380242443645e-04
1.298369874016569838e+02 1.303278804413369844e-04
1.304832478584422972e+02 1.309017897017569483e-04
1.311311139312693399e+02 1.314769655956292513e-04
1.317805856201380266e+02 1.320534079138621707e-04
1.324316629250484709e+02 1.326294280359194462e-04
1.330843458460005877e+02 1.332051204499084119e-04
1.337386343829944053e+02 1.337820709380807007e-04
1.343945285360299522e+02 1.343602793205713733e-04
1.350520283051071999e+02 1.349397454185517168e-04
1.357111336902261201e+02 1.355204690542202186e-04
1.363718446913867695e+02 1.361024500507920494e-04
1.370341613085890913e+02 1.366856882324896040e-04
1.376980835418331424e+02 1.372701834245306288e-04
1.383636113911188943e+02 1.378559354531206597e-04
1.390307448564463471e+02 1.384429441454418819e-04
1.396994839378154722e+02 1.390312093296420712e-04
1.403698286352263551e+02 1.396207308348303383e-04
1.410417789486789104e+02 1.402115084910599170e-04
1.417153348781731665e+02 1.408035421293262401e-04
1.423904964237091235e+02 1.413968315815543352e-04
1.430672635852867813e+02 1.419913766805895822e-04
1.437456363629061684e+02 1.425871771269396706e-04
1.444256147565672279e+02 1.431842330230610825e-04
1.451071987662700167e+02 1.437825440699488293e-04
1.457903883920144779e+02 1.443821101040449145e-04
1.464751836338006399e+02 1.449829309626728797e-04
1.471615844916285312e+02 1.455850064840333584e-04
1.478495909654981233e+02 1.461883365071630400e-04
1.485392030554094163e+02 1.467929208719668155e-04
1.492304207613623817e+02 1.473987594191940613e-04
1.499232440833570763e+02 1.480058519904316997e-04
1.506176730213934718e+02 1.486141984280962033e-04
1.513137075754715966e+02 1.492237985754257346e-04
1.520113477455913653e+02 1.498346522764718784e-04
1.527105935317528349e+02 1.504467593760941673e-04
1.534114449339560622e+02 1.510601197199508655e-04
1.541139019522009619e+02 1.516747331544928974e-04
1.548179645864875624e+02 1.522905995269543608e-04
1.555236328368158638e+02 1.529077186853481903e-04
1.562309067031858945e+02 1.535260904784578628e-04
1.569397861855975975e+02 1.541457147558307299e-04
1.576502712840510299e+02 1.547665913677210160e-04
1.583623619985461630e+02 1.553887201643792590e-04
1.590760583290829686e+02 1.560121009984769664e-04
1.597913602756615035e+02 1.566367337225469487e-04
1.605082678382817392e+02 1.572626180509395825e-04
1.612267810169436757e+02 1.578897541164497929e-04
1.619468998116473131e+02 1.585181416338778734e-04
1.626686242223926513e+02 1.591477804586389588e-04
1.633919542491796904e+02 1.597786704468529158e-04
1.641168898920084303e+02 1.604108114553387857e-04
1.648434311508788710e+02 1.610442033416076832e-04
1.655715780257910126e+02 1.616788459638572400e-04
1.663013305167448834e+02 1.623147391809665898e-04
1.670326886237404267e+02 1.629518828524885899e-04
1.677656523467776992e+02 1.635902768386452940e-04
1.685002216858566442e+02 1.642299210003216102e-04
1.692363966409773184e+02 1.648708151990622105e-04
1.699741772121396934e+02 1.655129592970614209e-04
1.707135633993437409e+02 1.661563531571603482e-04
1.714545552025895176e+02 1.668009966428426246e-04
1.721971526218769952e+02 1.674468896182265741e-04
1.729413556572061736e+02 1.680940319480609573e-04
1.736871643085770529e+02 1.687424234977200109e-04
1.744345785759896330e+02 1.693920641331965633e-04
1.751835984594439140e+02 1.700429537211003267e-04
1.759342239589398957e+02 1.706950921286567318e-04
1.766864550744775784e+02 1.713484792236907189e-04
1.774402918060569903e+02 1.720031148746153265e-04
1.781957341536780746e+02 1.726589989504473312e-04
1.789527821173408597e+02 1.733161313207935868e-04
1.797114356970453741e+02 1.739745118558467954e-04
1.804716948927915610e+02 1.746341404263797618e-04
1.812335597045794771e+02 1.752950169037413813e-04
1.819970301324090656e+02 1.759571411598506230e-04
1.827621061762804118e+02 1.766205130671942797e-04
1.835287878361934020e+02 1.772851324988196494e-04
1.842970751121481214e+02 1.779509991827412816e-04
1.850669680041445417e+02 1.786181132852416914e-04
1.858384665121826629e+02 1.792864745344878669e-04
1.866115706362624849e+02 1.799560828057298798e-04
1.873862803763840077e+02 1.806269379747603638e-04
1.881625957325472314e+02 1.812990399179071146e-04
1.889405167047521843e+02 1.819723885120283740e-04
1.897200432929988096e+02 1.826469836345120707e-04
1.905011754972871074e+02 1.833228251632675531e-04
1.912839133176171345e+02 1.839999129767238011e-04
1.920682567539888908e+02 1.846782469538263622e-04
1.928542058064023479e+02 1.853578269740306032e-04
1.936417604748574774e+02 1.860386529173008966e-04
1.944309207593543363e+02 1.867207246641039528e-04
1.952216866598928959e+02 1.874040420954067063e-04
1.960140581764731280e+02 1.880886050926720593e-04
1.968080353090951178e+02 1.887744135378550340e-04
1.976036180577587515e+02 1.894614673133990040e-04
1.984008064224641146e+02 1.901497663022324149e-04
1.991996004032111784e+02 1.908393103877652067e-04
2.000000000000000000e+02 1.915300994538837449e-04
