5.246854430303492522e-01 5.611335231057598628e-07
5.624174200103612131e-01 6.057676759259770936e-07
6.017550130320761248e-01 6.530523982622387052e-07
6.426982220954935432e-01 7.031032835625112322e-07
6.852470472006135793e-01 7.536074169921977514e-07
7.294014883474362332e-01 8.050526778303520053e-07
7.751615455359616158e-01 8.588591506460880285e-07
8.225272187661896162e-01 9.150946154089243020e-07
8.714985080381201232e-01 9.738312580015369310e-07
9.220754133517534701e-01 1.035145811193225261e-06
9.742579347070893236e-01 1.099119698251561242e-06
1.028046072104128017e+00 1.165839189724046396e-06
1.083439825542869439e+00 1.235395572160134215e-06
1.140439195023312813e+00 1.307885320360287275e-06
1.199044180545459692e+00 1.383410295241008967e-06
1.259254782109308746e+00 1.462077940550114407e-06
1.321070999714860417e+00 1.538403587404815627e-06
1.384492833362114927e+00 1.613412021063157495e-06
1.449520283051072056e+00 1.690654523059146045e-06
1.516153348781731580e+00 1.770173842523710296e-06
1.584392030554093944e+00 1.852015490619129926e-06
1.654236328368158926e+00 1.936227833297231321e-06
1.725686242223926969e+00 2.022862183012652000e-06
1.798741772121396965e+00 2.111972895768246917e-06
1.873402918060570244e+00 2.203617472386984601e-06
1.949669680041445030e+00 2.297856657302094572e-06
2.027542058064023323e+00 2.394754545456322162e-06
2.107020052128304677e+00 2.494378694650273335e-06
2.188103662234287761e+00 2.596800233226019477e-06
2.270792888381974350e+00 2.698740651103454768e-06
2.355087730571363114e+00 2.799197102863955919e-06
2.440988188802454495e+00 2.901904480897483352e-06
2.528494263075248050e+00 3.006897543459274016e-06
2.617605953389745110e+00 3.114212858703469786e-06
2.708323259745944345e+00 3.223888853849896203e-06
2.800646182143846641e+00 3.335965862610894513e-06
2.894574720583451111e+00 3.450486175584608347e-06
2.990108875064758642e+00 3.567494093362962726e-06
3.087248645587767903e+00 3.687035975637077803e-06
3.185994032152480671e+00 3.809160295938801723e-06
3.286345034758896055e+00 3.933917699832824474e-06
3.388301653407014058e+00 4.061361056166541883e-06
3.491863888096834234e+00 4.191545517346522303e-06
3.597031738828357472e+00 4.324528583930761182e-06
3.703805205601583772e+00 4.443645212329764543e-06
3.812184288416512246e+00 4.563800504899191078e-06
3.922168987273143781e+00 4.685654923507056736e-06
4.033759302171477046e+00 4.809217232733977221e-06
4.146955233111511596e+00 4.934496910622411617e-06
4.261756780093250541e+00 5.061504152905671741e-06
4.378163943116692991e+00 5.190249898134303253e-06
4.496176722181838059e+00 5.320745831364530436e-06
4.615795117288683969e+00 5.453004388023663944e-06
4.737019128437234272e+00 5.587038778605553060e-06
4.859848755627486305e+00 5.722862991998056366e-06
4.984283998859440956e+00 5.860491799246351537e-06
5.110324858133099113e+00 5.999940780079118861e-06
5.237971333448458999e+00 6.141226314740367905e-06
5.367223424805522392e+00 6.284365610809755770e-06
5.498081132204287513e+00 6.429376706320855028e-06
5.630544455644756141e+00 6.576278473824643519e-06
5.764613395126925610e+00 6.720673871080120489e-06
5.900287950650798585e+00 6.850513484884078875e-06
6.037568122216375066e+00 6.981355457113120693e-06
6.176453909823653277e+00 7.113191389614613810e-06
6.316945313472634993e+00 7.246013146695203769e-06
6.459042333163318439e+00 7.379812788220215292e-06
6.602744968895707167e+00 7.514582632746056150e-06
6.748053220669795849e+00 7.650315232190771757e-06
6.894967088485587148e+00 7.787003347039839042e-06
7.043486572343081953e+00 7.924640009538300536e-06
7.193611672242280264e+00 8.063218452300613433e-06
7.345342388183179416e+00 8.202732182653608208e-06
7.498678720165779410e+00 8.343174907842881364e-06
7.653620668190084686e+00 8.484540611935506251e-06
7.810168232256092580e+00 8.626823477607004634e-06
7.968321412363803979e+00 8.770017965653422121e-06
8.128080208513217997e+00 8.914118733353225445e-06
8.289444620704333744e+00 9.059120716643061043e-06
8.452414648937150332e+00 9.205019045042856808e-06
8.616990293211673091e+00 9.351809126557071805e-06
8.783171553527896691e+00 9.499486559160341123e-06
8.950958429885822909e+00 9.648047218475843382e-06
9.120350922285451745e+00 9.797487165831327824e-06
9.291349030726783198e+00 9.947802738762792396e-06
9.463952755209817269e+00 1.009899045565161143e-05
9.638162095734552182e+00 1.023812050740666838e-05
9.813977052300991488e+00 1.037066892252685555e-05
9.991397624909135189e+00 1.050369407850685162e-05
1.017042381355897973e+01 1.063718648122254009e-05
1.035105561825052689e+01 1.077113686077138737e-05
1.053329303898377667e+01 1.090553601909095813e-05
1.071713607575873084e+01 1.104037500309316966e-05
1.090258472857538585e+01 1.117564495372039485e-05
1.108963899743374348e+01 1.131133716694804835e-05
1.127829888233380373e+01 1.144744316668051132e-05
1.146856438327556660e+01 1.158395456540586664e-05
1.166043550025903386e+01 1.172086312912869253e-05
1.185391223328420196e+01 1.185816085514358078e-05
1.204899458235107090e+01 1.199583979698358433e-05
1.224568254745964602e+01 1.213389226194245266e-05
1.244397612860992197e+01 1.227231063748559356e-05
1.264387532580190054e+01 1.241108746035961662e-05
1.284538013903558351e+01 1.255021549933405045e-05
1.304849056831096910e+01 1.268968756771847889e-05
1.325320661362805552e+01 1.282949673400454090e-05
1.345952827498684634e+01 1.296963613625185010e-05
1.366745555238733623e+01 1.311009905551397930e-05
1.387698844582953406e+01 1.325087900381084326e-05
1.408812695531342918e+01 1.339196955314370406e-05
1.430087108083903225e+01 1.353336441391366762e-05
1.451522082240633438e+01 1.367505752856269737e-05
1.473117618001534090e+01 1.381704285822477147e-05
1.494873715366604827e+01 1.395931462140219317e-05
1.516790374335846003e+01 1.410186708339639846e-05
1.538867594909257441e+01 1.424469463937224207e-05
1.561105377086839141e+01 1.438779191319668646e-05
1.583503720868590925e+01 1.453115356452961794e-05
1.606062626254512438e+01 1.467477437720560899e-05
1.628782093244604923e+01 1.481864936411220795e-05
1.651662121838867847e+01 1.496277356246542315e-05
1.674702712037300500e+01 1.510714212773295602e-05
1.697903863839903948e+01 1.525175044470389163e-05
1.721265577246677481e+01 1.539659387409628871e-05
1.744787852257621452e+01 1.554166803519981251e-05
1.768470688872735508e+01 1.568696855723081572e-05
1.792314087092019292e+01 1.583249117776439567e-05
1.816318046915473872e+01 1.597823185805050849e-05
1.840482568343098890e+01 1.612418655759401571e-05
1.864807651374893993e+01 1.627035133814033174e-05
1.889293296010859180e+01 1.641672248468027727e-05
1.913939502250994806e+01 1.656281042462499995e-05
1.938746270095300517e+01 1.670459262111690106e-05
1.963713599543776667e+01 1.684681597613571388e-05
1.988841490596423256e+01 1.698947706969951990e-05
2.014129943253239929e+01 1.713257239861319946e-05
2.039578957514226687e+01 1.727609850331235424e-05
2.065188533379383884e+01 1.742005211270110973e-05
2.090958670848711520e+01 1.756442986190023903e-05
2.116889369922209241e+01 1.770922842697482416e-05
2.142980630599877401e+01 1.785444467321502720e-05
2.169232452881715290e+01 1.800007536718429906e-05
2.195644836767723973e+01 1.814611731477838063e-05
2.222217782257902741e+01 1.829256751084896342e-05
2.248951289352251237e+01 1.843942284769188318e-05
2.275845358050770528e+01 1.858668030544758352e-05
2.302899988353459904e+01 1.873433685230212881e-05
2.330115180260319718e+01 1.888238965003456168e-05
2.357490933771349972e+01 1.903083574783736930e-05
2.385027248886550311e+01 1.917967228283505376e-05
2.412724125605921088e+01 1.932889642980831527e-05
2.440581563929461595e+01 1.947850540057526416e-05
2.468599563857172896e+01 1.962849644337604462e-05
2.496778125389054281e+01 1.977886684226000296e-05
2.525117248525105751e+01 1.992961391647439078e-05
2.553616933265327660e+01 2.008073501985042865e-05
2.582277179609720363e+01 2.023222754018961042e-05
2.611097987558283151e+01 2.038408895290902046e-05
2.640079357111015668e+01 2.053631665189228965e-05
2.669221288267918624e+01 2.068890810909222909e-05
2.698523781028991309e+01 2.084186091702996621e-05
2.727986835394235143e+01 2.099517258060689087e-05
2.757610451363649062e+01 2.114884002838821701e-05
2.787394628937233065e+01 2.130286222018522362e-05
2.817339368114987508e+01 2.145723610886125066e-05
2.847444668896912390e+01 2.161195936209663428e-05
2.877710531283007001e+01 2.176702972610216464e-05
2.908136955273272051e+01 2.192244492352588968e-05
2.938723940867707540e+01 2.207820270789835338e-05
2.969471488066312048e+01 2.223430080655669001e-05
3.000379596869088061e+01 2.239073709016901214e-05
3.031448267276034159e+01 2.254750940018980136e-05
3.062677499287151051e+01 2.270461567015701168e-05
3.094067292902437316e+01 2.286205366476414620e-05
3.125617648121894376e+01 2.301982136636677800e-05
3.157328564945521876e+01 2.317791671947847686e-05
3.189200043373319460e+01 2.333633769332020124e-05
3.221232083405287483e+01 2.349508228141594161e-05
3.253424685041424880e+01 2.365414850119567551e-05
3.285777848281733782e+01 2.381353439360358432e-05
3.318291573126212057e+01 2.397323802271459801e-05
3.350965859574860417e+01 2.413325747535597813e-05
3.383800707627680282e+01 2.429359086073656470e-05
3.416796117284669521e+01 2.445423631008101722e-05
3.449952088545828843e+01 2.461519197627142486e-05
3.483268621411158961e+01 2.477645596344003732e-05
3.516745715880659162e+01 2.493802660795390181e-05
3.550383371954329448e+01 2.509990205451636066e-05
3.584181589632169818e+01 2.526208053915924109e-05
3.618140368914180982e+01 2.542456031786987362e-05
3.652259709800362231e+01 2.558733966626837255e-05
3.686539612290713563e+01 2.575041687928992742e-05
3.720980076385235691e+01 2.591379019621194838e-05
3.755581102083927192e+01 2.607745810088624278e-05
3.790342689386790198e+01 2.624141886782349132e-05
3.825264838293821157e+01 2.640567086614450579e-05
3.860347548805024331e+01 2.657021248278133401e-05
3.895590820920396880e+01 2.673504212219090847e-05
3.930994654639940222e+01 2.690015812802292676e-05
3.966559049963654360e+01 2.706555909744640570e-05
4.002284006891537871e+01 2.723124340537806475e-05
4.038169525423592177e+01 2.739720952361565992e-05
4.074215605559816566e+01 2.756345594012999444e-05
4.110422247300211041e+01 2.772998107630012665e-05
4.146789450644775599e+01 2.789678361948904237e-05
4.183317215593510952e+01 2.806386201933190426e-05
4.220005542146416389e+01 2.823121482597324160e-05
4.256854430303492620e+01 2.839884060449385770e-05
4.293863880064738225e+01 2.856673793468000671e-05
4.331033891430154625e+01 2.873490532758649779e-05
4.368364464399741109e+01 2.890334156119958234e-05
4.405855598973497678e+01 2.907204517171437332e-05
4.443507295151425041e+01 2.924101479547218662e-05
4.481319552933521777e+01 2.941024908240971156e-05
4.519292372319789308e+01 2.957974660957884440e-05
4.557425753310226924e+01 2.974950622936608000e-05
4.595719695904835334e+01 2.991952654154688432e-05
4.634174200103613828e+01 3.008980624837704411e-05
4.672789265906562406e+01 3.026034406462621776e-05
4.711564893313681068e+01 3.043113862822740108e-05
4.750501082324970525e+01 3.060218886065902772e-05
4.789597832940428646e+01 3.077349342060752555e-05
4.828855145160058981e+01 3.094505107135925510e-05
4.868273018983858691e+01 3.111686058785703094e-05
4.907851454411828485e+01 3.128892066435305262e-05
4.947590451443969073e+01 3.146123028668237182e-05
4.987490010080279745e+01 3.163378816768345586e-05
5.027550130320760502e+01 3.180659312721352924e-05
5.067770812165412053e+01 3.197964389663678791e-05
5.108152055614233689e+01 3.215293951993996175e-05
5.148693860667225408e+01 3.232647874517862726e-05
5.189396227324387922e+01 3.250026043481020287e-05
5.230259155585719810e+01 3.267428346118603460e-05
5.271282645451222493e+01 3.284854660371092365e-05
5.312466696920895970e+01 3.302304896490434126e-05
5.353811309994738821e+01 3.319778933941403606e-05
5.395316484672751756e+01 3.337276663889236143e-05
5.436982220954934775e+01 3.354797978446048270e-05
5.478808518841290010e+01 3.372342770657609765e-05
5.520795378331813907e+01 3.389910924240859837e-05
5.562942799426507889e+01 3.407502354999636618e-05
5.605250782125371956e+01 3.425116948003393067e-05
5.647719326428407527e+01 3.442754599891207203e-05
5.690348432335613182e+01 3.460415208174577264e-05
5.733138099846988212e+01 3.478098660569014632e-05
5.776088328962534035e+01 3.495804878096526948e-05
5.819199119682249943e+01 3.513533749666795681e-05
5.862470472006136646e+01 3.531285176153252468e-05
5.905902385934192722e+01 3.549059059239368914e-05
5.949494861466419593e+01 3.566855290234284483e-05
5.993247898602816548e+01 3.584673795227096140e-05
6.037161497343384298e+01 3.602514466600275717e-05
6.081235657688121421e+01 3.620377209167193367e-05
6.125470379637030049e+01 3.638261928496760436e-05
6.169865663190107341e+01 3.656168519173519610e-05
6.214421508347356848e+01 3.674096912207110318e-05
6.259137915108775019e+01 3.692047003109608170e-05
6.304014883474363984e+01 3.710018700373223595e-05
6.349052413444123033e+01 3.728011913194369882e-05
6.394250505018050035e+01 3.746026551486198597e-05
6.439609158196149963e+01 3.764062513946768321e-05
6.485128372978418554e+01 3.782119736101665155e-05
6.530808149364858650e+01 3.800198117480422329e-05
6.576648487355470252e+01 3.818297570673905819e-05
6.622649386950250516e+01 3.836418008925034345e-05
6.668810848149200865e+01 3.854559333470586183e-05
6.715132870952322719e+01 3.872721484661047003e-05
6.761615455359614657e+01 3.890904364445899445e-05
6.808258601371076679e+01 3.909107888593192127e-05
6.855062308986708786e+01 3.927331973480152985e-05
6.902026578206510976e+01 3.945576536061846343e-05
6.949151409030484672e+01 3.963841480959840217e-05
6.996436801458625609e+01 3.982126752851016557e-05
7.043882755490940895e+01 4.000432256938167899e-05
7.091489271127423422e+01 4.018757912541221704e-05
7.139256348368076033e+01 4.037103639546402520e-05
7.187183987212900149e+01 4.055469358398752349e-05
7.235272187661894350e+01 4.073854976644364790e-05
7.283520949715060055e+01 4.092260443281895988e-05
7.331930273372394424e+01 4.110685666366185149e-05
7.380500158633898877e+01 4.129130568510970675e-05
7.429230605499574835e+01 4.147595072843939391e-05
7.478121613969419457e+01 4.166079103006954903e-05
7.527173184043435583e+01 4.184582569154359714e-05
7.576385315721621794e+01 4.203105424622331521e-05
7.625758009003978088e+01 4.221647579956000625e-05
7.675291263890505888e+01 4.240208960828215740e-05
7.724985080381200930e+01 4.258789493400605604e-05
7.774839458476068899e+01 4.277389104317634160e-05
7.824854398175105530e+01 4.296007720700883428e-05
7.875029899478313666e+01 4.314645255914237239e-05
7.925365962385691887e+01 4.333301666996580920e-05
7.975862586897240192e+01 4.351976867686806216e-05
8.026519773012958581e+01 4.370670786973851105e-05
8.077337520732847054e+01 4.389383354283098474e-05
8.128315830056905611e+01 4.408114499484604534e-05
8.179454700985135673e+01 4.426864137651823777e-05
8.230754133517534399e+01 4.445632230590591848e-05
8.282214127654104630e+01 4.464418693579713844e-05
8.333834683394844944e+01 4.483223458232247333e-05
8.385615800739755343e+01 4.502046456604132921e-05
8.437557479688835826e+01 4.520887621136890095e-05
8.489659720242086394e+01 4.539746884676064929e-05
8.541922522399508466e+01 4.558624180447961070e-05
8.594345886161099202e+01 4.577519426620108164e-05
8.646929811526860021e+01 4.596432588738051271e-05
8.699674298496792346e+01 4.615363585250669147e-05
8.752579347070894755e+01 4.634312350929592348e-05
8.805644957249167248e+01 4.653278820964617364e-05
8.858871129031609826e+01 4.672262931050391295e-05
8.912257862418219645e+01 4.691264617048940375e-05
8.965805157409003812e+01 4.710283815342323664e-05
9.019513014003956641e+01 4.729320445975147320e-05
9.073381432203080976e+01 4.748374479631551574e-05
9.127410412006373974e+01 4.767445836462027122e-05
9.181599953413838477e+01 4.786534454044402990e-05
9.235950056425473065e+01 4.805640269678799304e-05
9.290460721041277736e+01 4.824763231968391848e-05
9.345131947261253913e+01 4.845355779220880964e-05
9.399963735085398753e+01 4.866153788175579180e-05
9.454956084513713677e+01 4.886984349445681300e-05
9.510108995546200106e+01 4.907847390524940035e-05
9.565422468182855198e+01 4.928742826223146819e-05
9.620896502423683216e+01 4.949670611265122105e-05
9.676531098268679898e+01 4.970630660776343118e-05
9.732326255717845243e+01 4.991622903549024773e-05
9.788281974771183513e+01 5.012647268672210116e-05
9.844398255428690447e+01 5.033703685529198723e-05
