1.000000000000000056e-01 1.096531199406316207e-08
3.402805611222444737e-01 3.731282518220289996e-08
5.805611222444889696e-01 6.366033837580416401e-08
8.208416833667334656e-01 9.001052424933278207e-08
1.061122244488978072e+00 1.192864634263641841e-07
1.301402805611222568e+00 2.074101962184832271e-07
1.541683366733467064e+00 2.826537451271219495e-07
1.781963927855711560e+00 3.766665894183908773e-07
2.022244488977956056e+00 4.879866503456920278e-07
2.262525050100200552e+00 6.011460689724484408e-07
2.502805611222445048e+00 7.160630744981926997e-07
2.743086172344689544e+00 8.326794149113277846e-07
2.983366733466934040e+00 9.509520024029565867e-07
3.223647294589178536e+00 1.070847887935982572e-06
3.463927855711423032e+00 1.192341098926122115e-06
3.704208416833667528e+00 1.323729381834768850e-06
3.944488977955912024e+00 1.482281155615940035e-06
4.184769539078155631e+00 1.641485095017788444e-06
4.425050100200400571e+00 1.801349186048556301e-06
4.665330661322645511e+00 1.961880469178370735e-06
4.905611222444889563e+00 2.123085045541567786e-06
5.145891783567133615e+00 2.284968144272637667e-06
5.386172344689378555e+00 2.447534193490321661e-06
5.626452905811623495e+00 2.610786916564683015e-06
5.866733466933867547e+00 2.774729430085252717e-06
6.107014028056111599e+00 2.939364310589074670e-06
6.347294589178356539e+00 3.123397825677772552e-06
6.587575150300601479e+00 3.308846079011004603e-06
6.827855711422845530e+00 3.494595072169139651e-06
7.068136272545089582e+00 3.680651648865070636e-06
7.308416833667334522e+00 3.867021499915340806e-06
7.548697394789579462e+00 4.053709362613880897e-06
7.788977955911823514e+00 4.240719187393751042e-06
8.029258517034067566e+00 4.428054247218587602e-06
8.269539078156311618e+00 4.615717256463923797e-06
8.509819639278557446e+00 4.803710452658009569e-06
8.750100200400801498e+00 4.992035686004526419e-06
8.990380761523045550e+00 5.180694459433979580e-06
9.230661322645291378e+00 5.369687991018550631e-06
9.470941883767535430e+00 5.559017268326898827e-06
9.711222444889779482e+00 5.752599553544116344e-06
9.951503006012023533e+00 5.949551599252190552e-06
1.019178356713426759e+01 6.146718652942415057e-06
1.043206412825651341e+01 6.344098253373197078e-06
1.067234468937875747e+01 6.541688028794575100e-06
1.091262525050100152e+01 6.739485706442595091e-06
1.115290581162324735e+01 6.937489099698746720e-06
1.139318637274549140e+01 7.135696119994568440e-06
1.163346693386773545e+01 7.334104749020285569e-06
1.187374749498997950e+01 7.532713050072362459e-06
1.211402805611222355e+01 7.731519156652571161e-06
1.235430861723446938e+01 7.930521285238630093e-06
1.259458917835671343e+01 8.129717708878313588e-06
1.283486973947895748e+01 8.329106769217513721e-06
1.307515030060120331e+01 8.528686870094491807e-06
1.331543086172344736e+01 8.728456470362104270e-06
1.355571142284569142e+01 8.928414098937092916e-06
1.379599198396793547e+01 9.128558326928935064e-06
1.403627254509017952e+01 9.328887781850144300e-06
1.427655310621242535e+01 9.529401137271509609e-06
1.451683366733466940e+01 9.730097127017429056e-06
1.475711422845691345e+01 9.930974519527826757e-06
1.499739478957915928e+01 1.013248817972955496e-05
1.523767535070140333e+01 1.033632068747500063e-05
1.547795591182364738e+01 1.054030247014468718e-05
1.571823647294589144e+01 1.074443034710479329e-05
1.595851703406813549e+01 1.094870128744911127e-05
1.619879759519038132e+01 1.115311241823935959e-05
1.643907815631262537e+01 1.135766098813930055e-05
1.667935871743487297e+01 1.156234437643841945e-05
1.691963927855711702e+01 1.176716008087212100e-05
1.715991983967936108e+01 1.197210571036764943e-05
1.740020040080160513e+01 1.217717897368528853e-05
1.764048096192384918e+01 1.238237769159105016e-05
1.788076152304609323e+01 1.258769976412807157e-05
1.812104208416833728e+01 1.279314318300821454e-05
1.836132264529058489e+01 1.299870602237027853e-05
1.860160320641282894e+01 1.320438643422700385e-05
1.884188376753507299e+01 1.341018264422622904e-05
1.908216432865731704e+01 1.361609294772591136e-05
1.932244488977956109e+01 1.382211570165776203e-05
1.956272545090180515e+01 1.402824933879200782e-05
1.980300601202404920e+01 1.423449233822164712e-05
2.004328657314629325e+01 1.444084323975336351e-05
2.028356713426853730e+01 1.464730063680406351e-05
2.052384769539078491e+01 1.485386317377648561e-05
2.076412825651302896e+01 1.506052954359757345e-05
2.100440881763527301e+01 1.526729848957521780e-05
2.124468937875751706e+01 1.547416878618283298e-05
2.148496993987976111e+01 1.568113926302137689e-05
2.172525050100200517e+01 1.588820878954018276e-05
2.196553106212424922e+01 1.609537625966029738e-05
2.220581162324649682e+01 1.630264062478333815e-05
2.244609218436874087e+01 1.651000083137605770e-05
2.268637274549098493e+01 1.671745593288409429e-05
2.292665330661322898e+01 1.692500494785987905e-05
2.316693386773547303e+01 1.713264694626498994e-05
2.340721442885771708e+01 1.734038103088591349e-05
2.364749498997996113e+01 1.754820632561252504e-05
2.388777555110220518e+01 1.775612199458544130e-05
2.412805611222444924e+01 1.796412721435751685e-05
2.436833667334669684e+01 1.817176764996741929e-05
2.460861723446894089e+01 1.837887053131564540e-05
2.484889779559118494e+01 1.858605645656179146e-05
2.508917835671342900e+01 1.879332385311450630e-05
2.532945891783567305e+01 1.900067118672373409e-05
2.556973947895791710e+01 1.920809698365108343e-05
2.581002004008016115e+01 1.941559981782839118e-05
2.605030060120240876e+01 1.962317829458907567e-05
2.629058116232465281e+01 1.983083107897724840e-05
2.653086172344689686e+01 2.003855686119918825e-05
2.677114228456914091e+01 2.024635438227387766e-05
2.701142284569138496e+01 2.045422242169039420e-05
2.725170340681362902e+01 2.066215978316808739e-05
2.749198396793587307e+01 2.087016531692530182e-05
2.773226452905811712e+01 2.107823790722886367e-05
2.797254509018036117e+01 2.128637645852945570e-05
2.821282565130260878e+01 2.149457991787380077e-05
2.845310621242485283e+01 2.170284726255956319e-05
2.869338677354709688e+01 2.191117748674820646e-05
2.893366733466934093e+01 2.211956962365262827e-05
2.917394789579158498e+01 2.232802272945811365e-05
2.941422845691382904e+01 2.253653589048171493e-05
2.965450901803607309e+01 2.274510820487562522e-05
2.989478957915832069e+01 2.295373880706717224e-05
3.013507014028056474e+01 2.316242685477043549e-05
3.037535070140280880e+01 2.337117151549848319e-05
3.061563126252505285e+01 2.357997199013892506e-05
3.085591182364729690e+01 2.378882750050128448e-05
3.109619238476954095e+01 2.399773727649766650e-05
3.133647294589178500e+01 2.420670057878635746e-05
3.157675350701402905e+01 2.441571668296661031e-05
3.181703406813627311e+01 2.462478488696693356e-05
3.205731462925852071e+01 2.483390449363304833e-05
3.229759519038076121e+01 2.504307483474821805e-05
3.253787575150300881e+01 2.525229525857211992e-05
3.277815631262524931e+01 2.546156511728625465e-05
3.301843687374749692e+01 2.567088378980648855e-05
3.325871743486974452e+01 2.588025066611912732e-05
3.349899799599198502e+01 2.608966515476170102e-05
3.373927855711423263e+01 2.629912666582598753e-05
3.397955911823647313e+01 2.650863463476976219e-05
3.421983967935872073e+01 2.671818851020200665e-05
3.446012024048096123e+01 2.692778774174937198e-05
3.470040080160320883e+01 2.713743180253124927e-05
3.494068136272545644e+01 2.734712017389205157e-05
3.518096192384769694e+01 2.755685235279642137e-05
3.542124248496994454e+01 2.776662783543814019e-05
3.566152304609218504e+01 2.797644614045055250e-05
3.590180360721443265e+01 2.818630679323507387e-05
3.614208416833667314e+01 2.839620933361429285e-05
3.638236472945892075e+01 2.860615329910626189e-05
3.662264529058116835e+01 2.881613824875631143e-05
3.686292585170340885e+01 2.902616375105871244e-05
3.710320641282565646e+01 2.923622937214453765e-05
3.734348697394789696e+01 2.944633469814160687e-05
3.758376753507014456e+01 2.965647932016189520e-05
3.782404809619238506e+01 2.986666284168467542e-05
3.806432865731463266e+01 3.007688486265069951e-05
3.830460921843687316e+01 3.028714500227120351e-05
3.854488977955912077e+01 3.049744288376680308e-05
3.878517034068136837e+01 3.070777814190699817e-05
3.902545090180360887e+01 3.091815040691019763e-05
3.926573146292585648e+01 3.112855932762177295e-05
3.950601202404809698e+01 3.133900455604946602e-05
3.974629258517034458e+01 3.154948575502947438e-05
3.998657314629258508e+01 3.176000258197625285e-05
4.022685370741483268e+01 3.197055471235469779e-05
4.046713426853707318e+01 3.218114182788467116e-05
4.070741482965932079e+01 3.239176360515613236e-05
4.094769539078156839e+01 3.260241973757093716e-05
4.118797595190380889e+01 3.281310992073919010e-05
4.142825651302605650e+01 3.302383385973905550e-05
4.166853707414829699e+01 3.323459125384401472e-05
4.190881763527054460e+01 3.344538181865964544e-05
4.214909819639278510e+01 3.365620527141810638e-05
4.238937875751503270e+01 3.386706133830316311e-05
4.262965931863728031e+01 3.407794973910960139e-05
4.286993987975952081e+01 3.428887020953114416e-05
4.311022044088176841e+01 3.449982248637284193e-05
4.335050100200400891e+01 3.471080631493104720e-05
4.359078156312625651e+01 3.492086248440242404e-05
4.383106212424849701e+01 3.513056263242352446e-05
4.407134268537074462e+01 3.534029421482131261e-05
4.431162324649299222e+01 3.555005685069534491e-05
4.455190380761523272e+01 3.575985016603478795e-05
4.479218436873748033e+01 3.596967379365317657e-05
4.503246492985972083e+01 3.617952737650799021e-05
4.527274549098196843e+01 3.638941055379689849e-05
4.551302605210420893e+01 3.659932298114073349e-05
4.575330661322645653e+01 3.680926431708418336e-05
4.599358717434869703e+01 3.701923422620598215e-05
4.623386773547094464e+01 3.722923238254920348e-05
4.647414829659319224e+01 3.743925845556662582e-05
4.671442885771543274e+01 3.764931213051891891e-05
4.695470941883768035e+01 3.785939309484973259e-05
4.719498997995992084e+01 3.806950104141119148e-05
4.743527054108216845e+01 3.827963567190101915e-05
4.767555110220440895e+01 3.848979668263699923e-05
4.791583166332665655e+01 3.869998378529214547e-05
4.815611222444889705e+01 3.891019669308314510e-05
4.839639278557114466e+01 3.912043512746603914e-05
4.863667334669339226e+01 3.933069880453118590e-05
4.887695390781563276e+01 3.954098745485019846e-05
4.911723446893788037e+01 3.975130081026271851e-05
4.935751503006012086e+01 3.996163860701106176e-05
4.959779559118236847e+01 4.017200058912609993e-05
4.983807615230460897e+01 4.038238649461348834e-05
5.007835671342685657e+01 4.059279607564676197e-05
5.031863727454910418e+01 4.080322908514813127e-05
5.055891783567134468e+01 4.101368527999568097e-05
5.079919839679359228e+01 4.122416442445703830e-05
5.103947895791583278e+01 4.143466627620679034e-05
5.127975951903808038e+01 4.164519060681114230e-05
5.152004008016032088e+01 4.185573718813070097e-05
5.176032064128256849e+01 4.206630579895344059e-05
5.200060120240481609e+01 4.227689621161486203e-05
5.224088176352705659e+01 4.248750821161049860e-05
5.248116232464930420e+01 4.269814158458143773e-05
5.272144288577154470e+01 4.290879611943938468e-05
5.296172344689379230e+01 4.311947161169937126e-05
5.320200400801603280e+01 4.333016785000081214e-05
5.344228456913828040e+01 4.354088463590151961e-05
5.368256513026052090e+01 4.375162177074924858e-05
5.392284569138276851e+01 4.396237905884685539e-05
5.416312625250501611e+01 4.417315631082072424e-05
5.440340681362725661e+01 4.438395333003860064e-05
5.464368737474950422e+01 4.459476993257508636e-05
5.488396793587174471e+01 4.480560593398204863e-05
5.512424849699399232e+01 4.501646115575532370e-05
5.536452905811623282e+01 4.522733541238247850e-05
5.560480961923848042e+01 4.543822853039348293e-05
5.584509018036072092e+01 4.564914033573842133e-05
5.608537074148296853e+01 4.586007065684316727e-05
5.632565130260521613e+01 4.607101932783508829e-05
5.656593186372745663e+01 4.628198617557035681e-05
5.680621242484970423e+01 4.649297103873679287e-05
5.704649298597194473e+01 4.670397375520409785e-05
5.728677354709419234e+01 4.691499416509123865e-05
5.752705410821643284e+01 4.712603211399661119e-05
5.776733466933868044e+01 4.733708744003559707e-05
5.800761523046092805e+01 4.754815999294560855e-05
5.824789579158316855e+01 4.775924962143733197e-05
5.848817635270541615e+01 4.797035617627115823e-05
5.872845691382765665e+01 4.818147951347890982e-05
5.896873747494990425e+01 4.839261948144832316e-05
5.920901803607214475e+01 4.860377593997544871e-05
5.944929859719439236e+01 4.881494874765347563e-05
5.968957915831663996e+01 4.902613776494588248e-05
5.992985971943888046e+01 4.923734285738971930e-05
6.017014028056112807e+01 4.944856388276816782e-05
6.041042084168336856e+01 4.965980071004818554e-05
6.065070140280561617e+01 4.987105320684687116e-05
6.089098196392785667e+01 5.008232124249115087e-05
6.113126252505010427e+01 5.029360469118988961e-05
6.137154308617234477e+01 5.050490341933808696e-05
6.161182364729459238e+01 5.071621730427841970e-05
6.185210420841683998e+01 5.092754622188222773e-05
6.209238476953908048e+01 5.113889004958654732e-05
6.233266533066132808e+01 5.135024866953195481e-05
6.257294589178356858e+01 5.156150408670074936e-05
6.281322645290581619e+01 5.177234235370624805e-05
6.305350701402805669e+01 5.198319694486484914e-05
6.329378757515030429e+01 5.219406770565435138e-05
6.353406813627254479e+01 5.240495448281522217e-05
6.377434869739479240e+01 5.261585712497797787e-05
6.401462925851703289e+01 5.282677548270515603e-05
6.425490981963928050e+01 5.303770940846053080e-05
6.449519038076151389e+01 5.324865875656407786e-05
6.473547094188376150e+01 5.345962338630034822e-05
6.497575150300600910e+01 5.367060314952202578e-05
6.521603206412825671e+01 5.388159790901532963e-05
6.545631262525049010e+01 5.409260752627816885e-05
6.569659318637273770e+01 5.430363186456122794e-05
6.593687374749498531e+01 5.451467078878869814e-05
6.617715430861723291e+01 5.472572416554389137e-05
6.641743486973948052e+01 5.493679186307651798e-05
6.665771543086171391e+01 5.514787375438633387e-05
6.689799599198396152e+01 5.535896970469468298e-05
6.713827655310620912e+01 5.557007959004575415e-05
6.737855711422845673e+01 5.578120328497316476e-05
6.761883767535070433e+01 5.599234066551356844e-05
6.785911823647293772e+01 5.620349160918954501e-05
6.809939879759518533e+01 5.641465599497543453e-05
6.833967935871743293e+01 5.662583370641463543e-05
6.857995991983968054e+01 5.683702461921943516e-05
6.882024048096191393e+01 5.704822861963696130e-05
6.906052104208416154e+01 5.725944559226951865e-05
6.930080160320640914e+01 5.747067542306694658e-05
6.954108216432865675e+01 5.768191799930208214e-05
6.978136272545090435e+01 5.789317320956943871e-05
7.002164328657313774e+01 5.810444094680658608e-05
7.026192384769538535e+01 5.831572109612044385e-05
7.050220440881763295e+01 5.852701355287055394e-05
7.074248496993988056e+01 5.873831821067265459e-05
7.098276553106211395e+01 5.894963496434785938e-05
7.122304609218436156e+01 5.916096370991039214e-05
7.146332665330660916e+01 5.937230434455167635e-05
7.170360721442885676e+01 5.958365676960796582e-05
7.194388777555110437e+01 5.979502087865524925e-05
7.218416833667333776e+01 6.000639657520049551e-05
7.242444889779558537e+01 6.021778376094399964e-05
7.266472945891783297e+01 6.042918233867200034e-05
7.290501002004008058e+01 6.064059221223396597e-05
7.314529058116232818e+01 6.085201328654413948e-05
7.338557114228456157e+01 6.106344546755061839e-05
7.362585170340680918e+01 6.127488866520392060e-05
7.386613226452905678e+01 6.148634278159867904e-05
7.410641282565130439e+01 6.169780772860596735e-05
7.434669338677353778e+01 6.190928341617240032e-05
7.458697394789578539e+01 6.212076975520778438e-05
7.482725450901803299e+01 6.233226665756682174e-05
7.506753507014028060e+01 6.254377403604485482e-05
7.530781563126252820e+01 6.275529180436030226e-05
7.554809619238476159e+01 6.296681988006137777e-05
7.578837675350700920e+01 6.317835817288937534e-05
7.602865731462925680e+01 6.338990660209924621e-05
7.626893787575150441e+01 6.360146508496130951e-05
7.650921843687373780e+01 6.381303353960290556e-05
7.674949899799598541e+01 6.402461188499506013e-05
7.698977955911823301e+01 6.423620004093672290e-05
7.723006012024048061e+01 6.444779792805886026e-05
7.747034068136272822e+01 6.465940546779549362e-05
7.771062124248496161e+01 6.487102258525856988e-05
7.795090180360720922e+01 6.508264919776566584e-05
7.819118236472945682e+01 6.529428523192976563e-05
7.843146292585170443e+01 6.550593061230823317e-05
7.867174348697393782e+01 6.571758526421208843e-05
7.891202404809618542e+01 6.592924911368979856e-05
7.915230460921843303e+01 6.614092208753169608e-05
7.939258517034068063e+01 6.635260411324864715e-05
7.963286573146292824e+01 6.656429511906242929e-05
7.987314629258516163e+01 6.677599503389830462e-05
8.011342685370740924e+01 6.698770378737415069e-05
8.035370741482965684e+01 6.719942131264151745e-05
8.059398797595190445e+01 6.741114753501696783e-05
8.083426853707413784e+01 6.762288238894646720e-05
8.107454909819638544e+01 6.783462580672577761e-05
8.131482965931863305e+01 6.804637772129753679e-05
8.155511022044088065e+01 6.825813806624251678e-05
8.179539078156312826e+01 6.846990677577100449e-05
8.203567134268536165e+01 6.868168378471429072e-05
8.227595190380760926e+01 6.889346902851621341e-05
8.251623246492985686e+01 6.910526244322524295e-05
8.275651302605210446e+01 6.931706396548605249e-05
8.299679358717435207e+01 6.952887353253171170e-05
8.323707414829658546e+01 6.974069108217573144e-05
8.347735470941883307e+01 6.995251655280460988e-05
8.371763527054108067e+01 7.016434988337001265e-05
8.395791583166332828e+01 7.037619101338135966e-05
8.419819639278556167e+01 7.058803988289839826e-05
8.443847695390780927e+01 7.079989643252416955e-05
8.467875751503005688e+01 7.101176060339771704e-05
8.491903807615230448e+01 7.122363233718710716e-05
8.515931863727455209e+01 7.143551157608242258e-05
8.539959919839678548e+01 7.164739826278921633e-05
8.563987975951903309e+01 7.185929234052164068e-05
8.588016032064128069e+01 7.207119375299576576e-05
8.612044088176352830e+01 7.228310244442333180e-05
8.636072144288576169e+01 7.249501835950518977e-05
8.660100200400800929e+01 7.270694144342502649e-05
8.684128256513025690e+01 7.291887164184318473e-05
8.708156312625250450e+01 7.313080890089065944e-05
8.732184368737475211e+01 7.334275316716282287e-05
8.756212424849698550e+01 7.355470438771384101e-05
8.780240480961923311e+01 7.376666251005062911e-05
8.804268537074148071e+01 7.397862748212706476e-05
8.828296593186372831e+01 7.419059924968545642e-05
8.852324649298597592e+01 7.440257776697048020e-05
8.876352705410820931e+01 7.461456298049311676e-05
8.900380761523045692e+01 7.482655483994035445e-05
8.924408817635270452e+01 7.503855329278444114e-05
8.948436873747495213e+01 7.525055829499823054e-05
8.972464929859718552e+01 7.546256979470824589e-05
8.996492985971943313e+01 7.567458774076677537e-05
9.020521042084168073e+01 7.588661208747018441e-05
9.044549098196392833e+01 7.609864278993099874e-05
9.068577154308617594e+01 7.631067979530084056e-05
9.092605210420840933e+01 7.652272305943904761e-05
9.116633266533065694e+01 7.673477253366617562e-05
9.140661322645290454e+01 7.694682817326446863e-05
9.164689378757515215e+01 7.715888993118132772e-05
9.188717434869738554e+01 7.737095779092943953e-05
9.212745490981963314e+01 7.758303165220008604e-05
9.236773547094188075e+01 7.779511149414086106e-05
9.260801603206412835e+01 7.800719727820787592e-05
9.284829659318637596e+01 7.821928895301700851e-05
9.308857715430860935e+01 7.843138648053696739e-05
9.332885771543085696e+01 7.864348981476559648e-05
9.356913827655310456e+01 7.885559891264437571e-05
9.380941883767535217e+01 7.906771373142065199e-05
9.404969939879758556e+01 7.927983423121417615e-05
9.428997995991983316e+01 7.949196036459855704e-05
9.453026052104208077e+01 7.970409209245918195e-05
9.477054108216432837e+01 7.991622937576626346e-05
9.501082164328657598e+01 8.012837216810544537e-05
9.525110220440880937e+01 8.034052043379608142e-05
