6.176453909823653277e+00 1.427222987375901666e-05
6.316945313472634993e+00 1.460236311392865862e-05
6.459042333163318439e+00 1.493672250088453825e-05
6.602744968895707167e+00 1.527533678769704017e-05
6.748053220669795849e+00 1.561823573932094245e-05
6.894967088485587148e+00 1.596545014018787428e-05
7.043486572343081953e+00 1.631701182023598582e-05
7.193611672242280264e+00 1.667057310978031711e-05
7.345342388183179416e+00 1.702793461179042693e-05
7.498678720165779410e+00 1.738943250070952779e-05
7.653620668190084686e+00 1.775508464519888222e-05
7.810168232256092580e+00 1.812490941629617624e-05
7.968321412363803979e+00 1.849892569528640700e-05
8.128080208513217997e+00 1.887715288160040400e-05
8.289444620704333744e+00 1.925961090073354700e-05
8.452414648937150332e+00 1.964632021218933928e-05
8.616990293211673091e+00 2.003730181460883585e-05
8.783171553527896691e+00 2.043257726498109661e-05
8.950958429885822909e+00 2.083216866999987576e-05
9.120350922285451745e+00 2.123609870509299291e-05
9.291349030726783198e+00 2.164439061976965880e-05
9.463952755209817269e+00 2.205706824571601645e-05
9.638162095734552182e+00 2.247415600491826161e-05
9.813977052300991488e+00 2.289567891782060349e-05
9.991397624909135189e+00 2.332166260718029799e-05
1.017042381355897973e+01 2.375213332345993704e-05
1.035105561825052689e+01 2.418711792757611154e-05
1.053329303898377667e+01 2.462664391604607806e-05
1.071713607575873084e+01 2.507073942515463912e-05
1.090258472857538585e+01 2.549993370189120208e-05
1.108963899743374348e+01 2.592040945833757592e-05
1.127829888233380373e+01 2.634404534298944803e-05
1.146856438327556660e+01 2.677083574576022811e-05
1.166043550025903386e+01 2.720077522811890905e-05
1.185391223328420196e+01 2.763385849936915320e-05
1.204899458235107090e+01 2.807008046062676524e-05
1.224568254745964602e+01 2.850943618112984423e-05
1.244397612860992197e+01 2.895192090826181596e-05
1.264387532580190054e+01 2.939753007079674819e-05
1.284538013903558351e+01 2.984625929005920965e-05
1.304849056831096910e+01 3.029810435132376551e-05
1.325320661362805552e+01 3.075306125451427331e-05
1.345952827498684634e+01 3.121112618562511674e-05
1.366745555238733623e+01 3.167229552766693802e-05
1.387698844582953406e+01 3.213656586366865148e-05
1.408812695531342918e+01 3.260393397963757970e-05
1.430087108083903225e+01 3.307439687668461498e-05
1.451522082240633438e+01 3.354795173710584208e-05
1.473117618001534090e+01 3.402459598235946334e-05
1.494873715366604827e+01 3.450432723913116512e-05
1.516790374335846003e+01 3.498714335125622176e-05
1.538867594909257441e+01 3.547304238242637571e-05
1.561105377086839141e+01 3.596202262930802649e-05
1.583503720868590925e+01 3.645408258236411088e-05
1.606062626254512438e+01 3.694922099111457627e-05
1.628782093244604923e+01 3.746392607078682463e-05
1.651662121838867847e+01 3.799526522051307738e-05
1.674702712037300500e+01 3.853059212520642971e-05
1.697903863839903948e+01 3.906991606152665779e-05
1.721265577246677481e+01 3.961324648125297146e-05
1.744787852257621452e+01 4.016059301271551345e-05
1.768470688872735508e+01 4.071196546225923558e-05
1.792314087092019292e+01 4.126737381571162394e-05
1.816318046915473872e+01 4.182682823662259828e-05
1.840482568343098890e+01 4.239033908050817741e-05
1.864807651374893993e+01 4.295791687728277189e-05
1.889293296010859180e+01 4.352957234528769632e-05
1.913939502250994806e+01 4.410531638961844866e-05
1.938746270095300517e+01 4.468516010356816275e-05
1.963713599543776667e+01 4.526911477006566705e-05
1.988841490596423256e+01 4.585719186311027704e-05
2.014129943253239929e+01 4.644940304462968255e-05
2.039578957514226687e+01 4.704576018409286682e-05
2.065188533379383884e+01 4.764627533284915533e-05
2.090958670848711520e+01 4.825096074348670657e-05
2.116889369922209241e+01 4.885982886680515527e-05
2.142980630599877401e+01 4.947289235323418932e-05
2.169232452881715290e+01 5.009016405425795426e-05
2.195644836767723973e+01 5.071165702382707073e-05
2.222217782257902741e+01 5.133738451347599779e-05
2.248951289352251237e+01 5.196735999881499796e-05
2.275845358050770528e+01 5.260159714355600426e-05
2.302899988353459904e+01 5.321455074740437662e-05
2.330115180260319718e+01 5.377252265208496773e-05
2.357490933771349972e+01 5.433239970056397513e-05
2.385027248886550311e+01 5.489416440212135841e-05
2.412724125605921088e+01 5.545779945398500780e-05
2.440581563929461595e+01 5.602328758350657125e-05
2.468599563857172896e+01 5.659061158909188224e-05
2.496778125389054281e+01 5.715975438514542912e-05
2.525117248525105751e+01 5.773069883008809440e-05
2.553616933265327660e+01 5.830342798839145896e-05
2.582277179609720363e+01 5.887792495828782447e-05
2.611097987558283151e+01 5.945417291675627540e-05
2.640079357111015668e+01 6.003215512099436158e-05
2.669221288267918624e+01 6.061185495747005398e-05
2.698523781028991309e+01 6.119325575272259736e-05
2.727986835394235143e+01 6.177634106097313704e-05
2.757610451363649062e+01 6.236109447450853321e-05
2.787394628937233065e+01 6.294749967279725754e-05
2.817339368114987508e+01 6.353554047605995128e-05
2.847444668896912390e+01 6.412520063726519779e-05
2.877710531283007001e+01 6.471646415776156458e-05
2.908136955273272051e+01 6.530931507866608705e-05
2.938723940867707540e+01 6.590373753458555106e-05
2.969471488066312048e+01 6.649971581189109931e-05
3.000379596869088061e+01 6.709723412114476453e-05
3.031448267276034159e+01 6.769627694186444397e-05
3.062677499287151051e+01 6.829682879419017648e-05
3.094067292902437316e+01 6.889887429738023787e-05
3.125617648121894376e+01 6.950239823292832274e-05
3.157328564945521876e+01 7.010738529679377644e-05
3.189200043373319460e+01 7.071382047431951947e-05
3.221232083405287483e+01 7.132168879140308169e-05
3.253424685041424880e+01 7.193097544580150853e-05
3.285777848281733782e+01 7.254166553632404504e-05
3.318291573126212057e+01 7.315374447209551159e-05
3.350965859574860417e+01 7.374067767205342379e-05
3.383800707627680282e+01 7.429071842744247741e-05
3.416796117284669521e+01 7.484081602770368353e-05
3.449952088545828843e+01 7.539094690443239510e-05
3.483268621411158961e+01 7.594108732560778769e-05
3.516745715880659162e+01 7.649121412638927792e-05
3.550383371954329448e+01 7.704130421968147929e-05
3.584181589632169818e+01 7.759133484892168499e-05
3.618140368914180982e+01 7.814128307946217021e-05
3.652259709800362231e+01 7.869112657113791162e-05
3.686539612290713563e+01 7.924084306461647042e-05
3.720980076385235691e+01 7.979041064690912976e-05
3.755581102083927192e+01 8.033980721636490880e-05
3.790342689386790198e+01 8.088901129458614739e-05
3.825264838293821157e+01 8.143800162896435357e-05
3.860347548805024331e+01 8.198675675641199450e-05
3.895590820920396880e+01 8.253525587172386884e-05
3.930994654639940222e+01 8.308347824884269937e-05
3.966559049963654360e+01 8.363140353835378721e-05
4.002284006891537871e+01 8.417901116813593669e-05
4.038169525423592177e+01 8.472628125150334383e-05
4.074215605559816566e+01 8.527319414046202924e-05
4.110422247300211041e+01 8.581972994038257843e-05
4.146789450644775599e+01 8.636586947651890415e-05
4.183317215593510952e+01 8.691159364874451025e-05
4.220005542146416389e+01 8.745688376091152250e-05
4.256854430303492620e+01 8.800172085721469947e-05
4.293863880064738225e+01 8.854608672697620241e-05
4.331033891430154625e+01 8.908996340831835926e-05
4.368364464399741109e+01 8.963333265352552137e-05
4.405855598973497678e+01 9.017617699428526125e-05
4.443507295151425041e+01 9.071847921454113115e-05
4.481319552933521777e+01 9.126022178483599717e-05
4.519292372319789308e+01 9.180138798964137539e-05
4.557425753310226924e+01 9.234196117280809538e-05
4.595719695904835334e+01 9.288192511893311341e-05
4.634174200103613828e+01 9.342126328686121094e-05
4.672789265906562406e+01 9.395995996926977904e-05
4.711564893313681068e+01 9.449799971640221777e-05
4.750501082324970525e+01 9.503536672398772548e-05
4.789597832940428646e+01 9.557204605468289354e-05
4.828855145160058981e+01 9.610802303001015874e-05
4.868273018983858691e+01 9.664328258756247031e-05
4.907851454411828485e+01 9.717781056472659382e-05
4.947590451443969073e+01 9.771159305845014101e-05
4.987490010080279745e+01 9.824461575144289281e-05
5.027550130320760502e+01 9.877686525878897933e-05
5.067770812165412053e+01 9.930832822381851805e-05
5.108152055614233689e+01 9.983899177025762285e-05
5.148693860667225408e+01 1.003688425979596516e-04
5.189396227324387922e+01 1.008978683498125260e-04
5.230259155585719810e+01 1.014260569272433835e-04
5.271282645451222493e+01 1.019533957778717703e-04
5.312466696920895970e+01 1.024798733219922572e-04
5.353811309994738821e+01 1.030054782370899377e-04
5.395316484672751756e+01 1.035301987166189450e-04
5.436982220954934775e+01 1.040540239555695331e-04
5.478808518841290010e+01 1.045769434041691391e-04
5.520795378331813907e+01 1.050989459982504671e-04
5.562942799426507889e+01 1.056200217031352286e-04
5.605250782125371956e+01 1.061476960939346893e-04
5.647719326428407527e+01 1.067257769149772360e-04
5.690348432335613182e+01 1.073037454398264830e-04
5.733138099846988212e+01 1.078815904048721196e-04
5.776088328962534035e+01 1.084593013064887105e-04
5.819199119682249943e+01 1.090368675677752606e-04
5.862470472006136646e+01 1.096142789758171494e-04
5.905902385934192722e+01 1.101915247980141843e-04
5.949494861466419593e+01 1.107685951178687968e-04
5.993247898602816548e+01 1.113454801694842777e-04
6.037161497343384298e+01 1.119221696300777422e-04
6.081235657688121421e+01 1.124986540298674066e-04
6.125470379637030049e+01 1.130749240480923381e-04
6.169865663190107341e+01 1.136509697703091520e-04
6.214421508347356848e+01 1.142267821708760963e-04
6.259137915108775019e+01 1.148023521164335072e-04
6.304014883474363984e+01 1.153776708636148669e-04
6.349052413444123033e+01 1.159527290621666258e-04
6.394250505018050035e+01 1.165275182615739600e-04
6.439609158196149963e+01 1.171020301558341469e-04
6.485128372978418554e+01 1.176762557966809454e-04
6.530808149364858650e+01 1.182501871690306959e-04
6.576648487355470252e+01 1.188238164003031793e-04
6.622649386950250516e+01 1.193971349398797544e-04
6.668810848149200865e+01 1.199701352035541409e-04
6.715132870952322719e+01 1.205428094668819909e-04
6.761615455359614657e+01 1.211151504145004706e-04
6.808258601371076679e+01 1.216871500455489859e-04
6.855062308986708786e+01 1.222588013288991853e-04
6.902026578206510976e+01 1.228300973702547234e-04
6.949151409030484672e+01 1.234010305555518561e-04
6.996436801458625609e+01 1.239715942714924039e-04
7.043882755490940895e+01 1.245417820389353584e-04
7.091489271127423422e+01 1.251115866248058220e-04
7.139256348368076033e+01 1.256810018272535364e-04
7.187183987212900149e+01 1.262500215758376122e-04
7.235272187661894350e+01 1.268186390121905786e-04
7.283520949715060055e+01 1.273868483394377906e-04
7.331930273372394424e+01 1.279546438886030278e-04
7.380500158633898877e+01 1.285220191693859954e-04
7.429230605499574835e+01 1.290889687824931323e-04
7.478121613969419457e+01 1.296554874531651849e-04
7.527173184043435583e+01 1.302215690521982109e-04
7.576385315721621794e+01 1.307872085702113879e-04
7.625758009003978088e+01 1.313524011187815806e-04
7.675291263890505888e+01 1.319171409225882731e-04
7.724985080381200930e+01 1.324814233540642287e-04
7.774839458476068899e+01 1.330452439027974111e-04
7.824854398175105530e+01 1.336085971399538972e-04
7.875029899478313666e+01 1.341714788112581525e-04
7.925365962385691887e+01 1.347338847755722238e-04
7.975862586897240192e+01 1.352958099430171804e-04
8.026519773012958581e+01 1.358572504236832791e-04
8.077337520732847054e+01 1.364182024365836576e-04
8.128315830056905611e+01 1.369786612231611877e-04
8.179454700985135673e+01 1.375386232485885179e-04
8.230754133517534399e+01 1.380980850825085755e-04
8.282214127654104630e+01 1.386570422900425725e-04
8.333834683394844944e+01 1.392154916817853346e-04
8.385615800739755343e+01 1.397734301681430140e-04
8.437557479688835826e+01 1.403308536302909988e-04
8.489659720242086394e+01 1.408877596129653510e-04
8.541922522399508466e+01 1.414441441609554811e-04
8.594345886161099202e+01 1.420000046601271925e-04
8.646929811526860021e+01 1.425553385873755234e-04
8.699674298496792346e+01 1.431101422900922559e-04
8.752579347070894755e+01 1.436644134726946392e-04
8.805644957249167248e+01 1.442181499252338968e-04
8.858871129031609826e+01 1.447713482906237724e-04
8.912257862418219645e+01 1.453240065809011138e-04
8.965805157409003812e+01 1.458761228880680184e-04
9.019513014003956641e+01 1.464276941438142320e-04
9.073381432203080976e+01 1.469787190933042990e-04
9.127410412006373974e+01 1.475291948086055837e-04
9.181599953413838477e+01 1.480791198141791025e-04
9.235950056425473065e+01 1.486284927033127876e-04
9.290460721041277736e+01 1.491773108260907891e-04
9.345131947261253913e+01 1.497255734451502453e-04
9.399963735085398753e+01 1.502732780409099598e-04
9.454956084513713677e+01 1.508204236195974856e-04
9.510108995546200106e+01 1.513670092434798585e-04
9.565422468182855198e+01 1.519130326627691574e-04
9.620896502423683216e+01 1.524584936193963442e-04
9.676531098268679898e+01 1.530033899864022468e-04
9.732326255717845243e+01 1.535477212183547849e-04
9.788281974771183513e+01 1.540914868109341193e-04
9.844398255428690447e+01 1.546346849024455596e-04
9.900675097690368887e+01 1.551773156689780669e-04
9.957112501556215989e+01 1.557193773680253283e-04
1.001371046702623460e+02 1.562608703699492339e-04
1.007046899410042187e+02 1.568017930499869593e-04
1.012738808277878348e+02 1.573421454454877245e-04
1.018446773306130950e+02 1.578819276072058791e-04
1.024170794494800987e+02 1.584211381798548534e-04
1.029910871843888032e+02 1.589597778874530945e-04
1.035667005353391943e+02 1.594978454980216197e-04
1.041439195023313147e+02 1.600353418924453934e-04
1.047227440853651075e+02 1.605722665065256358e-04
1.053031742844406153e+02 1.611086187431043631e-04
1.058852100995578098e+02 1.616443997881121335e-04
1.064688515307167336e+02 1.621796086449767377e-04
1.070540985779173297e+02 1.627142466150061409e-04
1.076409512411596410e+02 1.632483134130115058e-04
1.082294095204436815e+02 1.637818087541330499e-04
1.088194734157693944e+02 1.643147341662429218e-04
1.094111429271368223e+02 1.648470895203903435e-04
1.100044180545459511e+02 1.653788753034058344e-04
1.105992987979967808e+02 1.659100920570259177e-04
1.111957851574893112e+02 1.664407403759501490e-04
1.117938771330235426e+02 1.669708209056783494e-04
1.123935747245994889e+02 1.675003343400720724e-04
1.129948779322171362e+02 1.680292819636600892e-04
1.135977867558764842e+02 1.685576644460964294e-04
1.142023011955775189e+02 1.690854819532685790e-04
1.148084212513202687e+02 1.696127296818778288e-04
1.154161469231047192e+02 1.701394208300356463e-04
1.160254782109308707e+02 1.706655508476920518e-04
1.166364151147987371e+02 1.711911206587779261e-04
1.172489576347082902e+02 1.717161315417564443e-04
1.178631057706595584e+02 1.722405832609727678e-04
1.184788595226524706e+02 1.727644788991321029e-04
1.190962188906871404e+02 1.732878190191837681e-04
1.197151838747635111e+02 1.738106042366002529e-04
1.203357544748815968e+02 1.743328372097048800e-04
1.209579306910413550e+02 1.748545179736024895e-04
1.215817125232428282e+02 1.753756492613369616e-04
1.222070999714860307e+02 1.758962320357059547e-04
1.228340930357709198e+02 1.765512923870354790e-04
1.234626917160974813e+02 1.772338262694425441e-04
1.240928960124657863e+02 1.779168693692265873e-04
1.247247059248757637e+02 1.786004181384234942e-04
1.253581214533274704e+02 1.792844701200412439e-04
1.259931425978208637e+02 1.799690225294173348e-04
1.266297693583559578e+02 1.806540726048712071e-04
1.272680017349327670e+02 1.813396176075421275e-04
1.279078397275512629e+02 1.820256548212341213e-04
1.285492833362114879e+02 1.827121819271223689e-04
1.291923325609133713e+02 1.833991955117137221e-04
1.298369874016569838e+02 1.840866932926232878e-04
1.304832478584422972e+02 1.847746726427318951e-04
1.311311139312693399e+02 1.854631309567912243e-04
1.317805856201380266e+02 1.861520656512713956e-04
1.324316629250484709e+02 1.868414741642009948e-04
1.330843458460005877e+02 1.875313539550141199e-04
1.337386343829944053e+02 1.882217025043908943e-04
1.343945285360299522e+02 1.889125173141079290e-04
1.350520283051071999e+02 1.896037959068818171e-04
1.357111336902261201e+02 1.902955358262159913e-04
1.363718446913867695e+02 1.909877346362457361e-04
1.370341613085890913e+02 1.916803899215857772e-04
1.376980835418331424e+02 1.923734992871847262e-04
1.383636113911188943e+02 1.930670603581618550e-04
1.390307448564463471e+02 1.937610707796671788e-04
1.396994839378154722e+02 1.944555282167243285e-04
1.403698286352263551e+02 1.951504303540817437e-04
1.410417789486789104e+02 1.958457748960689348e-04
1.417153348781731665e+02 1.965415595664372407e-04
1.423904964237091235e+02 1.972377821082232734e-04
1.430672635852867813e+02 1.979344402835943653e-04
1.437456363629061684e+02 1.986315318737034215e-04
1.444256147565672279e+02 1.993290546785418205e-04
1.451071987662700167e+02 2.000270065167989559e-04
1.457903883920144779e+02 2.007253852257105567e-04
1.464751836338006399e+02 2.014241886609161416e-04
1.471615844916285312e+02 2.021234142547872277e-04
1.478495909654981233e+02 2.028230607841295262e-04
1.485392030554094163e+02 2.035231257158745012e-04
1.492304207613623817e+02 2.042236069778474727e-04
1.499232440833570763e+02 2.049245025155688616e-04
1.506176730213934718e+02 2.056258102921077683e-04
1.513137075754715966e+02 2.063275282879535762e-04
1.520113477455913653e+02 2.070296545008652744e-04
1.527105935317528349e+02 2.077321869457467206e-04
1.534114449339560622e+02 2.084351236544944189e-04
1.541139019522009619e+02 2.091384626758706951e-04
1.548179645864875624e+02 2.098422020753693104e-04
1.555236328368158638e+02 2.105463399350690663e-04
1.562309067031858945e+02 2.112508743535108295e-04
1.569397861855975975e+02 2.119558034455563142e-04
1.576502712840510299e+02 2.126611248572264482e-04
1.583623619985461630e+02 2.133668377100417051e-04
1.590760583290829686e+02 2.140729396777673937e-04
1.597913602756615035e+02 2.147794289392273290e-04
1.605082678382817392e+02 2.154863036889148663e-04
1.612267810169436757e+02 2.161935621368563185e-04
1.619468998116473131e+02 2.169012025084862195e-04
1.626686242223926513e+02 2.176092230445196584e-04
1.633919542491796904e+02 2.183176220008222032e-04
1.641168898920084303e+02 2.190263976482848104e-04
1.648434311508788710e+02 2.197355482726973802e-04
1.655715780257910126e+02 2.204450721746256995e-04
1.663013305167448834e+02 2.211549671482114965e-04
1.670326886237404267e+02 2.218652325714763097e-04
1.677656523467776992e+02 2.225758662614148436e-04
1.685002216858566442e+02 2.232868665764514422e-04
1.692363966409773184e+02 2.239982318891699134e-04
1.699741772121396934e+02 2.247099605861983861e-04
1.707135633993437409e+02 2.254220510680857658e-04
1.714545552025895176e+02 2.261345017491792465e-04
1.721971526218769952e+02 2.268473110575168668e-04
1.729413556572061736e+02 2.275604774346979739e-04
1.736871643085770529e+02 2.282739993357730157e-04
1.744345785759896330e+02 2.289878746758706540e-04
1.751835984594439140e+02 2.297021030507110078e-04
1.759342239589398957e+02 2.304166823941475339e-04
1.766864550744775784e+02 2.311316112138708096e-04
1.774402918060569903e+02 2.318468880304552034e-04
1.781957341536780746e+02 2.325625113772412391e-04
1.789527821173408597e+02 2.332784798002185834e-04
1.797114356970453741e+02 2.339947918579274376e-04
1.804716948927915610e+02 2.347114461213371068e-04
1.812335597045794771e+02 2.354284411737454677e-04
1.819970301324090656e+02 2.361457756106666447e-04
1.827621061762804118e+02 2.368634474615570365e-04
1.835287878361934020e+02 2.375814565112626580e-04
1.842970751121481214e+02 2.382998008042066683e-04
1.850669680041445417e+02 2.390184789837003802e-04
1.858384665121826629e+02 2.397374897047341053e-04
1.866115706362624849e+02 2.404568316338841292e-04
1.873862803763840077e+02 2.411765034492069208e-04
1.881625957325472314e+02 2.418965038401366477e-04
1.889405167047521843e+02 2.426168315073788163e-04
1.897200432929988096e+02 2.433374845458515130e-04
1.905011754972871074e+02 2.440584629225876464e-04
1.912839133176171345e+02 2.447797647443316986e-04
1.920682567539888908e+02 2.455013887558882323e-04
1.928542058064023479e+02 2.462233337128357435e-04
1.936417604748574774e+02 2.469455983814385167e-04
1.944309207593543363e+02 2.476681815385415653e-04
1.952216866598928959e+02 2.483910819714798299e-04
1.960140581764731280e+02 2.491142984779804912e-04
1.968080353090951178e+02 2.498378298660707594e-04
1.976036180577587515e+02 2.505616743106061067e-04
1.984008064224641146e+02 2.512858319379526273e-04
1.991996004032111784e+02 2.520103009317212683e-04
2.000000000000000000e+02 2.527350801401976720e-04
