9.000000000000000000e+01 9.076094537843205077e-05
9.983967935871743293e+01 9.952629049315876578e-05
1.096793587174348659e+02 1.082167396532651449e-04
1.195190380761522988e+02 1.168645081871374971e-04
1.293587174348697317e+02 1.254740869127869295e-04
1.391983967935871647e+02 1.340492012592168288e-04
1.490380761523045976e+02 1.425929840702578775e-04
1.588777555110220305e+02 1.511081009363458470e-04
1.687174348697394635e+02 1.595968436725635545e-04
1.785571142284568964e+02 1.680612011451542462e-04
1.883967935871743293e+02 1.765029126740442892e-04
1.982364729458917623e+02 1.849235108043793493e-04
2.080761523046091952e+02 1.933243544619166947e-04
2.179158316633266281e+02 2.017066562018377234e-04
2.277555110220440611e+02 2.100715030681579471e-04
2.375951903807615224e+02 2.184198747678329014e-04
2.474348697394789554e+02 2.267526580980124592e-04
2.572745490981964167e+02 2.350706590500919633e-04
2.671142284569137928e+02 2.433655247950378012e-04
2.769539078156312826e+02 2.516445483141759422e-04
2.867935871743486587e+02 2.599104655597444255e-04
2.966332665330660916e+02 2.681638594621437886e-04
3.064729458917835245e+02 2.764052686291466714e-04
3.163126252505010143e+02 2.846351920179597886e-04
3.261523046092183904e+02 2.928540929853666380e-04
3.359919839679358802e+02 3.010624028102884325e-04
3.458316633266532563e+02 3.092605237950396806e-04
3.556713426853707460e+02 3.174488319681613153e-04
3.655110220440881221e+02 3.256276794710183950e-04
3.753507014028056119e+02 3.337973966764556152e-04
3.851903807615230448e+02 3.419582940665886334e-04
3.950300601202404209e+02 3.501106639017245508e-04
4.048697394789579107e+02 3.582547817195765646e-04
4.147094188376753436e+02 3.663909076794773364e-04
4.245490981963927766e+02 3.745192877512723778e-04
4.343887775551102095e+02 3.826401548040993987e-04
4.442284569138275856e+02 3.907537295840982994e-04
4.540681362725450185e+02 3.988602215969381322e-04
4.639078156312625083e+02 4.069598299101000378e-04
4.737474949899799412e+02 4.150527438977686442e-04
4.835871743486973742e+02 4.231391438848322735e-04
4.934268537074148071e+02 4.312192017612273467e-04
5.032665330661321832e+02 4.392930815365396697e-04
5.131062124248496730e+02 4.473609398446929016e-04
5.229458917835670491e+02 4.554229264126491536e-04
5.327855711422845388e+02 4.634791845021916674e-04
5.426252505010020286e+02 4.715298512839950556e-04
5.524649298597194047e+02 4.795750584116938728e-04
5.623046092184367808e+02 4.876149315549373393e-04
5.721442885771542706e+02 4.956495919000174135e-04
5.819839679358717603e+02 5.036791556615435915e-04
5.918236472945891364e+02 5.117037345367178710e-04
6.016633266533065125e+02 5.197234359493654041e-04
6.115030060120240023e+02 5.277383632838104043e-04
