3.320115180260320153e-01 3.558387713139666096e-07
3.601097987558281588e-01 3.893791116777859320e-07
3.898136955273271420e-01 4.255646084375726084e-07
4.211232083405287430e-01 4.630978642232153021e-07
4.540383371954328506e-01 5.015324557407233013e-07
4.885590820920396871e-01 5.423132774784709845e-07
5.246854430303492522e-01 5.855258097581059957e-07
5.624174200103612131e-01 6.312623766499073029e-07
6.017550130320761248e-01 6.796222671994839998e-07
6.426982220954935432e-01 7.307118544702759334e-07
6.852470472006135793e-01 7.846447185756068298e-07
7.294014883474362332e-01 8.415417744182277388e-07
7.751615455359616158e-01 9.015314271306509560e-07
8.225272187661896162e-01 9.581821301679860806e-07
8.714985080381201232e-01 1.016271848703008614e-06
9.220754133517534701e-01 1.076614088162501428e-06
9.742579347070893236e-01 1.139262998705406783e-06
1.028046072104128017e+00 1.204276703768703720e-06
1.083439825542869439e+00 1.271717411682907595e-06
1.140439195023312813e+00 1.341651528782694161e-06
1.199044180545459692e+00 1.414149783806424283e-06
1.259254782109308746e+00 1.489287353512349527e-06
1.321070999714860417e+00 1.567144000569194858e-06
1.384492833362114927e+00 1.645416825140156527e-06
1.449520283051072056e+00 1.722959051119758034e-06
1.516153348781731580e+00 1.802743295260279615e-06
1.584392030554093944e+00 1.884810257263955776e-06
1.654236328368158926e+00 1.969203081443375357e-06
1.725686242223926969e+00 2.055967427312113420e-06
1.798741772121396965e+00 2.145151539750203832e-06
1.873402918060570244e+00 2.236806323602764400e-06
1.949669680041445030e+00 2.330985422580555171e-06
2.027542058064023323e+00 2.427745295803104280e-06
2.107020052128304677e+00 2.527145306118316249e-06
2.188103662234287761e+00 2.629247801517851624e-06
2.270792888381974350e+00 2.725019450518594011e-06
2.355087730571363114e+00 2.818691555251352553e-06
2.440988188802454495e+00 2.914073497435155210e-06
2.528494263075248050e+00 3.011174968355403913e-06
2.617605953389745110e+00 3.110006653527231604e-06
2.708323259745944345e+00 3.210580236391209899e-06
2.800646182143846641e+00 3.312908426641556246e-06
2.894574720583451111e+00 3.417004963020431668e-06
2.990108875064758642e+00 3.522884641373381710e-06
3.087248645587767903e+00 3.630563316897438539e-06
3.185994032152480671e+00 3.740057931980497764e-06
3.286345034758896055e+00 3.851386518253789382e-06
3.388301653407014058e+00 3.964568224297089236e-06
3.491863888096834234e+00 4.079623317894494388e-06
3.597031738828357472e+00 4.194382999752014355e-06
3.703805205601583772e+00 4.297254115222397838e-06
3.812184288416512246e+00 4.401163607111016492e-06
3.922168987273143781e+00 4.506101382797741639e-06
4.033759302171477046e+00 4.612057664156870519e-06
4.146955233111511596e+00 4.719023037347711762e-06
4.261756780093250541e+00 4.826988406254564941e-06
4.378163943116692991e+00 4.935945042491635874e-06
4.496176722181838059e+00 5.045884543217329793e-06
4.615795117288683969e+00 5.156798848723100556e-06
4.737019128437234272e+00 5.268680263906316076e-06
4.859848755627486305e+00 5.381521417096145156e-06
4.984283998859440956e+00 5.495315278117377035e-06
5.110324858133099113e+00 5.610055180483429995e-06
5.237971333448458999e+00 5.725734767629972807e-06
5.367223424805522392e+00 5.842348050444153983e-06
5.498081132204287513e+00 5.959889352738713334e-06
5.630544455644756141e+00 6.078353329655342306e-06
5.764613395126925610e+00 6.197734990430593487e-06
5.900287950650798585e+00 6.318029646384068114e-06
6.037568122216375066e+00 6.439232930245448050e-06
6.176453909823653277e+00 6.548217554421931869e-06
6.316945313472634993e+00 6.655250521732834296e-06
6.459042333163318439e+00 6.762800759292128715e-06
6.602744968895707167e+00 6.870857322450307832e-06
6.748053220669795849e+00 6.979409514239701891e-06
6.894967088485587148e+00 7.088446870435167151e-06
7.043486572343081953e+00 7.197959141935895454e-06
7.193611672242280264e+00 7.307936359246203908e-06
7.345342388183179416e+00 7.418368733837662186e-06
7.498678720165779410e+00 7.529246720629161586e-06
7.653620668190084686e+00 7.640560982589382759e-06
7.810168232256092580e+00 7.752302459215850260e-06
7.968321412363803979e+00 7.864462260186696801e-06
8.128080208513217997e+00 7.977031731772562699e-06
8.289444620704333744e+00 8.090002418418654217e-06
8.452414648937150332e+00 8.203366135523174735e-06
8.616990293211673091e+00 8.317114855261601629e-06
8.783171553527896691e+00 8.431240777224121381e-06
8.950958429885822909e+00 8.545736307421562231e-06
9.120350922285451745e+00 8.660594033839996209e-06
9.291349030726783198e+00 8.775806807910404276e-06
9.463952755209817269e+00 8.891367616139720159e-06
9.638162095734552182e+00 9.007269659297164021e-06
9.813977052300991488e+00 9.123506305894711881e-06
9.991397624909135189e+00 9.240071178825782697e-06
1.017042381355897973e+01 9.356958018665621692e-06
1.035105561825052689e+01 9.474160767902131962e-06
1.053329303898377667e+01 9.591673545746879839e-06
1.071713607575873084e+01 9.709490619085886515e-06
1.090258472857538585e+01 9.827606499497297814e-06
1.108963899743374348e+01 9.946015790690274295e-06
1.127829888233380373e+01 1.006471328293726405e-05
1.146856438327556660e+01 1.018369389825262938e-05
1.166043550025903386e+01 1.030295279327437307e-05
1.185391223328420196e+01 1.042248519794260721e-05
1.204899458235107090e+01 1.054228651569052344e-05
1.224568254745964602e+01 1.066235229421285232e-05
1.244397612860992197e+01 1.078267819193474606e-05
1.264387532580190054e+01 1.090004659594956583e-05
1.284538013903558351e+01 1.101715800332400997e-05
1.304849056831096910e+01 1.113474430523716455e-05
1.325320661362805552e+01 1.125280152849078921e-05
1.345952827498684634e+01 1.137132572984341053e-05
1.366745555238733623e+01 1.149031313026486625e-05
1.387698844582953406e+01 1.160975991229758094e-05
1.408812695531342918e+01 1.172966235155558672e-05
1.430087108083903225e+01 1.185001674743821072e-05
1.451522082240633438e+01 1.197081956128047456e-05
1.473117618001534090e+01 1.209206720873212221e-05
1.494873715366604827e+01 1.221375619466336145e-05
1.516790374335846003e+01 1.233588307843615732e-05
1.538867594909257441e+01 1.245844443527121693e-05
1.561105377086839141e+01 1.258143700367777545e-05
1.583503720868590925e+01 1.270485746409268401e-05
1.606062626254512438e+01 1.282870258313844016e-05
1.628782093244604923e+01 1.295296917666655088e-05
1.651662121838867847e+01 1.307765410876008346e-05
1.674702712037300500e+01 1.320275429075430066e-05
1.697903863839903948e+01 1.332826663973487704e-05
1.721265577246677481e+01 1.345418823894152093e-05
1.744787852257621452e+01 1.358051609630846291e-05
1.768470688872735508e+01 1.370724730280896780e-05
1.792314087092019292e+01 1.383437903370516564e-05
1.816318046915473872e+01 1.396190838001461260e-05
1.840482568343098890e+01 1.408983259977732760e-05
1.864807651374893993e+01 1.421814894898945262e-05
1.889293296010859180e+01 1.434685476135430152e-05
1.913939502250994806e+01 1.447594732450918444e-05
1.938746270095300517e+01 1.460542403670970975e-05
1.963713599543776667e+01 1.473528228299531885e-05
1.988841490596423256e+01 1.486551907516454893e-05
2.014129943253239929e+01 1.499613281989319288e-05
2.039578957514226687e+01 1.512712052153682469e-05
2.065188533379383884e+01 1.525847981833320323e-05
2.090958670848711520e+01 1.539020822232162097e-05
2.116889369922209241e+01 1.552230334030594265e-05
2.142980630599877401e+01 1.565476291340770328e-05
2.169232452881715290e+01 1.578758452283334385e-05
2.195644836767723973e+01 1.592076592677671434e-05
2.222217782257902741e+01 1.605430491846934521e-05
2.248951289352251237e+01 1.618819916882954915e-05
2.275845358050770528e+01 1.632244652775635013e-05
2.302899988353459904e+01 1.645704482477728075e-05
2.330115180260319718e+01 1.659199191745993035e-05
2.357490933771349972e+01 1.672728569086550705e-05
2.385027248886550311e+01 1.686292405701496312e-05
2.412724125605921088e+01 1.699890495436700240e-05
2.440581563929461595e+01 1.713522634730734658e-05
2.468599563857172896e+01 1.727188617119137745e-05
2.496778125389054281e+01 1.740888255058939930e-05
2.525117248525105751e+01 1.754621346950376975e-05
2.553616933265327660e+01 1.768387699112851467e-05
2.582277179609720363e+01 1.782187120220152346e-05
2.611097987558283151e+01 1.796019421255926047e-05
2.640079357111015668e+01 1.809884415470082078e-05
2.669221288267918624e+01 1.823781912618764345e-05
2.698523781028991309e+01 1.837711741971464124e-05
2.727986835394235143e+01 1.851673717432324265e-05
2.757610451363649062e+01 1.865667660898613300e-05
2.787394628937233065e+01 1.879693396330440759e-05
2.817339368114987508e+01 1.893750743704179275e-05
2.847444668896912390e+01 1.907839543234657507e-05
2.877710531283007001e+01 1.921959618610090121e-05
2.908136955273272051e+01 1.936110801668806209e-05
2.938723940867707540e+01 1.950292926130183619e-05
2.969471488066312048e+01 1.964505821388269822e-05
3.000379596869088061e+01 1.978749337426962304e-05
3.031448267276034159e+01 1.993023306970618809e-05
3.062677499287151051e+01 2.007327570929404794e-05
3.094067292902437316e+01 2.021661965395641936e-05
3.125617648121894376e+01 2.036026348049624885e-05
3.157328564945521876e+01 2.050420558030668314e-05
3.189200043373319460e+01 2.064844442942396675e-05
3.221232083405287483e+01 2.079297845103404192e-05
3.253424685041424880e+01 2.093780629358828847e-05
3.285777848281733782e+01 2.108292640833052693e-05
3.318291573126212057e+01 2.122833733376601711e-05
3.350965859574860417e+01 2.137403762324202150e-05
3.383800707627680282e+01 2.152002577560190564e-05
3.416796117284669521e+01 2.166630051495527226e-05
3.449952088545828843e+01 2.181286036533060214e-05
3.483268621411158961e+01 2.195970393730119495e-05
3.516745715880659162e+01 2.210682978238246213e-05
3.550383371954329448e+01 2.225423668729274485e-05
3.584181589632169818e+01 2.240192322659846684e-05
3.618140368914180982e+01 2.254988806451307135e-05
3.652259709800362231e+01 2.269812980111401868e-05
3.686539612290713563e+01 2.284664728326033433e-05
3.720980076385235691e+01 2.299543913214357734e-05
3.755581102083927192e+01 2.314450406187667771e-05
3.790342689386790198e+01 2.329384079858221534e-05
3.825264838293821157e+01 2.344344800301918915e-05
3.860347548805024331e+01 2.359332458297548331e-05
3.895590820920396880e+01 2.374346921825968136e-05
3.930994654639940222e+01 2.389388068102452219e-05
3.966559049963654360e+01 2.404455767282909440e-05
4.002284006891537871e+01 2.419549915580511016e-05
4.038169525423592177e+01 2.434670384888814598e-05
4.074215605559816566e+01 2.449817056767259751e-05
4.110422247300211041e+01 2.464989813816443695e-05
4.146789450644775599e+01 2.480188531376899925e-05
4.183317215593510952e+01 2.495413111071640528e-05
4.220005542146416389e+01 2.510663429809307368e-05
4.256854430303492620e+01 2.525939374199115306e-05
4.293863880064738225e+01 2.541240822955328371e-05
4.331033891430154625e+01 2.556567682767961242e-05
4.368364464399741109e+01 2.571919833760133279e-05
4.405855598973497678e+01 2.587297166291553524e-05
4.443507295151425041e+01 2.602699571687918899e-05
4.481319552933521777e+01 2.618126933064152822e-05
4.519292372319789308e+01 2.633579162077721457e-05
4.557425753310226924e+01 2.649056143124918657e-05
4.595719695904835334e+01 2.664557770999410055e-05
4.634174200103613828e+01 2.680083941339141715e-05
4.672789265906562406e+01 2.695634541261260613e-05
4.711564893313681068e+01 2.711209487227457085e-05
4.750501082324970525e+01 2.726808667498057829e-05
4.789597832940428646e+01 2.742431980970701366e-05
4.828855145160058981e+01 2.758079327321868602e-05
4.868273018983858691e+01 2.773750597290642440e-05
4.907851454411828485e+01 2.789445712014264607e-05
4.947590451443969073e+01 2.805164563264988815e-05
4.987490010080279745e+01 2.820907053764719246e-05
5.027550130320760502e+01 2.836673086968757464e-05
5.067770812165412053e+01 2.852462556880013361e-05
5.108152055614233689e+01 2.868275389239334440e-05
5.148693860667225408e+01 2.884111478949054225e-05
5.189396227324387922e+01 2.899970732301606729e-05
5.230259155585719810e+01 2.915853056275071018e-05
5.271282645451222493e+01 2.931758347758237537e-05
5.312466696920895970e+01 2.947686537084418030e-05
5.353811309994738821e+01 2.963637521969082029e-05
5.395316484672751756e+01 2.979611212044022841e-05
5.436982220954934775e+01 2.995607517582747289e-05
5.478808518841290010e+01 3.011626349492263900e-05
5.520795378331813907e+01 3.027667608362561336e-05
5.562942799426507889e+01 3.043731228746874226e-05
5.605250782125371956e+01 3.059817111914163017e-05
5.647719326428407527e+01 3.075925171189657363e-05
5.690348432335613182e+01 3.092055320578523980e-05
5.733138099846988212e+01 3.108207474624045887e-05
5.776088328962534035e+01 3.124381537141383884e-05
5.819199119682249943e+01 3.140577446957835462e-05
5.862470472006136646e+01 3.156795108487967335e-05
5.905902385934192722e+01 3.173034438493798921e-05
5.949494861466419593e+01 3.189295354389630059e-05
5.993247898602816548e+01 3.205577774114732638e-05
6.037161497343384298e+01 3.221881604193412891e-05
6.081235657688121421e+01 3.238206787967489256e-05
6.125470379637030049e+01 3.254553232414795155e-05
6.169865663190107341e+01 3.270920857666700026e-05
6.214421508347356848e+01 3.287309584268747348e-05
6.259137915108775019e+01 3.303719333155152844e-05
6.304014883474363984e+01 3.320150025991781004e-05
6.349052413444123033e+01 3.336601572109286289e-05
6.394250505018050035e+01 3.353073919738507774e-05
6.439609158196149963e+01 3.369566978685625570e-05
6.485128372978418554e+01 3.386080672415011256e-05
6.530808149364858650e+01 3.402614924567227397e-05
6.576648487355470252e+01 3.419169658041353401e-05
6.622649386950250516e+01 3.436245335770000091e-05
6.668810848149200865e+01 3.454134690712339572e-05
6.715132870952322719e+01 3.472058725032447227e-05
6.761615455359614657e+01 3.490017376981028956e-05
6.808258601371076679e+01 3.508010554413641506e-05
6.855062308986708786e+01 3.526038175950510945e-05
6.902026578206510976e+01 3.544100160602507482e-05
6.949151409030484672e+01 3.562196427767476122e-05
6.996436801458625609e+01 3.580326897226278647e-05
7.043882755490940895e+01 3.598491489138896590e-05
7.091489271127423422e+01 3.616690124041041748e-05
7.139256348368076033e+01 3.634922712292973720e-05
7.187183987212900149e+01 3.653189196573752384e-05
7.235272187661894350e+01 3.671489487658948436e-05
7.283520949715060055e+01 3.689823507550447722e-05
7.331930273372394424e+01 3.708191178607843526e-05
7.380500158633898877e+01 3.726592423545106031e-05
7.429230605499574835e+01 3.745027165427165729e-05
7.478121613969419457e+01 3.763495327666694019e-05
7.527173184043435583e+01 3.781996834020779448e-05
7.576385315721621794e+01 3.800531608587855354e-05
7.625758009003978088e+01 3.819099564951770540e-05
7.675291263890505888e+01 3.837700649902711468e-05
7.724985080381200930e+01 3.856334777369275449e-05
7.774839458476068899e+01 3.875001872783878523e-05
7.824854398175105530e+01 3.893701861905032218e-05
7.875029899478313666e+01 3.912434670814142441e-05
7.925365962385691887e+01 3.931200225912725792e-05
7.975862586897240192e+01 3.949998453912937702e-05
8.026519773012958581e+01 3.968829281851329600e-05
8.077337520732847054e+01 3.987692637076497144e-05
8.128315830056905611e+01 4.006588435923779442e-05
8.179454700985135673e+01 4.025516629307929585e-05
8.230754133517534399e+01 4.044477133847358317e-05
8.282214127654104630e+01 4.063469878106594707e-05
8.333834683394844944e+01 4.082494790948709674e-05
8.385615800739755343e+01 4.101551801532352039e-05
8.437557479688835826e+01 4.120640839309515076e-05
8.489659720242086394e+01 4.139761834023079434e-05
8.541922522399508466e+01 4.158914715704025388e-05
8.594345886161099202e+01 4.178099414669414182e-05
8.646929811526860021e+01 4.197315849538768508e-05
8.699674298496792346e+01 4.216563975486205588e-05
8.752579347070894755e+01 4.235843711351869025e-05
8.805644957249167248e+01 4.255154988572978447e-05
8.858871129031609826e+01 4.274497738861026818e-05
8.912257862418219645e+01 4.293871894199601186e-05
8.965805157409003812e+01 4.313277386841985248e-05
9.019513014003956641e+01 4.332714149309268089e-05
9.073381432203080976e+01 4.352182114387935226e-05
9.127410412006373974e+01 4.371681215127784222e-05
9.181599953413838477e+01 4.391211384840030727e-05
9.235950056425473065e+01 4.410772544595447763e-05
9.290460721041277736e+01 4.430364653559175288e-05
9.345131947261253913e+01 4.449987632966820290e-05
9.399963735085398753e+01 4.469641417154326002e-05
9.454956084513713677e+01 4.489325940708993026e-05
9.510108995546200106e+01 4.509041138467116444e-05
9.565422468182855198e+01 4.528786945512412374e-05
9.620896502423683216e+01 4.548563297174016936e-05
9.676531098268679898e+01 4.568370129024587546e-05
9.732326255717845243e+01 4.588207376878501785e-05
9.788281974771183513e+01 4.608074976789892956e-05
9.844398255428690447e+01 4.627972851828617896e-05
