9.000000000000000000e+01 6.037182765624039279e-05
9.983967935871743293e+01 6.625182150416581339e-05
1.096793587174348659e+02 7.209450137080944366e-05
1.195190380761522988e+02 7.790331763739028349e-05
1.293587174348697317e+02 8.368113348929671121e-05
1.391983967935871647e+02 8.943036135288812561e-05
1.490380761523045976e+02 9.515306059611412012e-05
1.588777555110220305e+02 1.008510087856598765e-04
1.687174348697394635e+02 1.065257557474456635e-04
1.785571142284568964e+02 1.121786642715880350e-04
