6.017550130320761248e-01 1.081151669282483851e+00
6.426982220954935432e-01 1.193198858617929847e+00
6.852470472006135793e-01 1.314180353913779964e+00
7.294014883474362332e-01 1.444510999429746700e+00
7.751615455359616158e-01 1.584607129928093938e+00
8.225272187661896162e-01 1.732457881086740592e+00
8.714985080381201232e-01 1.886437924668780575e+00
9.220754133517534701e-01 2.050692864581897812e+00
9.742579347070893236e-01 2.225628692186937041e+00
1.028046072104128017e+00 2.411654978754810497e+00
1.083439825542869439e+00 2.609185029360008734e+00
1.140439195023312813e+00 2.818636112596676568e+00
1.199044180545459692e+00 3.040429654139728211e+00
1.259254782109308746e+00 3.274991560030791060e+00
1.321070999714860417e+00 3.522752594925440128e+00
1.384492833362114927e+00 3.784148660013847643e+00
1.449520283051072056e+00 4.059621297316899913e+00
1.516153348781731580e+00 4.349617997609518838e+00
1.584392030554093944e+00 4.654592665081973557e+00
1.654236328368158926e+00 4.975006109208768734e+00
1.725686242223926969e+00 5.311326341061803902e+00
1.798741772121396965e+00 5.664029169547717402e+00
1.873402918060570244e+00 6.033598473202395951e+00
1.949669680041445030e+00 6.420526678961322453e+00
2.027542058064023323e+00 6.825315256284580911e+00
2.107020052128304677e+00 7.244691631297162537e+00
2.188103662234287761e+00 7.674514648280974960e+00
2.270792888381974350e+00 8.122864674837964927e+00
2.355087730571363114e+00 8.590240832189371289e+00
2.440988188802454495e+00 9.077149248903552348e+00
2.528494263075248050e+00 9.584103118037727853e+00
2.617605953389745110e+00 1.011162295101359199e+01
2.708323259745944345e+00 1.066023643141371480e+01
2.800646182143846641e+00 1.123047860915699125e+01
2.894574720583451111e+00 1.182289213504893155e+01
2.990108875064758642e+00 1.243802705246199203e+01
3.087248645587767903e+00 1.307644106089877312e+01
3.185994032152480671e+00 1.373869948111625838e+01
3.286345034758896055e+00 1.442537555724273801e+01
3.388301653407014058e+00 1.513705017356573279e+01
3.491863888096834234e+00 1.587431208044499797e+01
3.597031738828357472e+00 1.663775817611865904e+01
3.703805205601583772e+00 1.742799315425785878e+01
3.812184288416512246e+00 1.824562975680065335e+01
3.922168987273143781e+00 1.909128909252149953e+01
4.033759302171477046e+00 1.996560020852698969e+01
4.146955233111511596e+00 2.086920047413055102e+01
4.261756780093250541e+00 2.180273546260026407e+01
4.378163943116692991e+00 2.276685940333911162e+01
4.496176722181838059e+00 2.376223465936335799e+01
4.615795117288683969e+00 2.478200847272697871e+01
4.737019128437234272e+00 2.581885923100216829e+01
4.859848755627486305e+00 2.688743648917357731e+01
4.984283998859440956e+00 2.798836090225964668e+01
5.110324858133099113e+00 2.912225885930135760e+01
5.237971333448458999e+00 3.028976172897696628e+01
5.367223424805522392e+00 3.149150632039805942e+01
5.498081132204287513e+00 3.272813460116763906e+01
5.630544455644756141e+00 3.400029424959660673e+01
5.764613395126925610e+00 3.530863778681265330e+01
5.900287950650798585e+00 3.665382296539823415e+01
6.037568122216375066e+00 3.803651327232689994e+01
6.176453909823653277e+00 3.945737693707419425e+01
6.316945313472634993e+00 4.091708757694137688e+01
6.459042333163318439e+00 4.241632383809845663e+01
6.602744968895707167e+00 4.395577015088637296e+01
6.748053220669795849e+00 4.553611559127141106e+01
6.894967088485587148e+00 4.715805463753367377e+01
7.043486572343081953e+00 4.882228676470942474e+01
7.193611672242280264e+00 5.052951732437468735e+01
7.345342388183179416e+00 5.228045624030787053e+01
7.498678720165779410e+00 5.407581888942993231e+01
7.653620668190084686e+00 5.591632564275027306e+01
7.810168232256092580e+00 5.780270288583948002e+01
7.968321412363803979e+00 5.973568152429357525e+01
8.128080208513217997e+00 6.171599771677094992e+01
8.289444620704333744e+00 6.374439379626260660e+01
8.452414648937150332e+00 6.582161656429438779e+01
8.616990293211673091e+00 6.794841846344837677e+01
8.783171553527896691e+00 7.012555731568808426e+01
8.950958429885822909e+00 7.234516354981569464e+01
9.120350922285451745e+00 7.458245375928292731e+01
9.291349030726783198e+00 7.686991163950001749e+01
9.463952755209817269e+00 7.920822104789242246e+01
9.638162095734552182e+00 8.159806812933487663e+01
9.813977052300991488e+00 8.404014274513112071e+01
9.991397624909135189e+00 8.653513627115786733e+01
1.017042381355897973e+01 8.908374262854435699e+01
1.035105561825052689e+01 9.168665952873453762e+01
1.053329303898377667e+01 9.434458601787659404e+01
1.071713607575873084e+01 9.705822409068117906e+01
1.090258472857538585e+01 9.982827781863221617e+01
1.108963899743374348e+01 1.026554551484912565e+02
1.127829888233380373e+01 1.055404651755455205e+02
1.146856438327556660e+01 1.084840199477549305e+02
1.166043550025903386e+01 1.114868335027385768e+02
1.185391223328420196e+01 1.145496238727287448e+02
1.204899458235107090e+01 1.176731100603997078e+02
1.224568254745964602e+01 1.208580134905349013e+02
1.244397612860992197e+01 1.241050597448740547e+02
1.264387532580190054e+01 1.274149751954113725e+02
1.284538013903558351e+01 1.307884892504080199e+02
1.304849056831096910e+01 1.342263331726166200e+02
1.325320661362805552e+01 1.377292425683720580e+02
1.345952827498684634e+01 1.412979536565572118e+02
1.366745555238733623e+01 1.449332057653981565e+02
1.387698844582953406e+01 1.486357400256400183e+02
1.408812695531342918e+01 1.524063021353356362e+02
1.430087108083903225e+01 1.562456382249929732e+02
1.451522082240633438e+01 1.601544976312578399e+02
1.473117618001534090e+01 1.641336314504576706e+02
1.494873715366604827e+01 1.681837956081482730e+02
1.516790374335846003e+01 1.723057462765373202e+02
1.538867594909257441e+01 1.765002429533129202e+02
1.561105377086839141e+01 1.807680468602686688e+02
1.583503720868590925e+01 1.851099243503918217e+02
1.606062626254512438e+01 1.895266418271229725e+02
1.628782093244604923e+01 1.939714260313112675e+02
1.651662121838867847e+01 1.984628430558788352e+02
1.674702712037300500e+01 2.030274951028963244e+02
1.697903863839903948e+01 2.076660333089774326e+02
1.721265577246677481e+01 2.123791116337798712e+02
1.744787852257621452e+01 2.171673811100580167e+02
1.768470688872735508e+01 2.220314926642990656e+02
1.792314087092019292e+01 2.269721002620824777e+02
1.816318046915473872e+01 2.319898546892403317e+02
1.840482568343098890e+01 2.370854077010170613e+02
1.864807651374893993e+01 2.422594098790169141e+02
1.889293296010859180e+01 2.475125150082602943e+02
1.913939502250994806e+01 2.528453734668611617e+02
1.938746270095300517e+01 2.582586354602536858e+02
1.963713599543776667e+01 2.637529546479740361e+02
1.988841490596423256e+01 2.693289809969808175e+02
2.014129943253239929e+01 2.749873642803761413e+02
2.039578957514226687e+01 2.807287580055214562e+02
2.065188533379383884e+01 2.865538116813301599e+02
2.090958670848711520e+01 2.924631759898274481e+02
2.116889369922209241e+01 2.984575001281648952e+02
2.142980630599877401e+01 3.045374372609878151e+02
2.169232452881715290e+01 3.107036363013727964e+02
2.195644836767723973e+01 3.169567459447570741e+02
2.222217782257902741e+01 3.232974191859304938e+02
2.248951289352251237e+01 3.297263044319870460e+02
2.275845358050770528e+01 3.362440514527222035e+02
2.302899988353459904e+01 3.428513083296862760e+02
2.330115180260319718e+01 3.495487277236206864e+02
2.357490933771349972e+01 3.563369574327241480e+02
2.385027248886550311e+01 3.632166450333396028e+02
2.412724125605921088e+01 3.701884430692810497e+02
2.440581563929461595e+01 3.772529988450984888e+02
2.468599563857172896e+01 3.844109612673267407e+02
2.496778125389054281e+01 3.916629773430470891e+02
2.525117248525105751e+01 3.990096993681204935e+02
2.553616933265327660e+01 4.064517741034804317e+02
2.582277179609720363e+01 4.139898481022718784e+02
2.611097987558283151e+01 4.216245736518914669e+02
2.640079357111015668e+01 4.293565970837527175e+02
2.669221288267918624e+01 4.371865666134285675e+02
2.698523781028991309e+01 4.451151283352421615e+02
2.727986835394235143e+01 4.531429344399821275e+02
2.757610451363649062e+01 4.612706308416586012e+02
2.787394628937233065e+01 4.694988632746366193e+02
2.817339368114987508e+01 4.778282840748506715e+02
2.847444668896912390e+01 4.862595388309977693e+02
2.877710531283007001e+01 4.947932753407230848e+02
2.908136955273272051e+01 5.034301390427920637e+02
2.938723940867707540e+01 5.120906126772919151e+02
2.969471488066312048e+01 5.207681962127323914e+02
3.000379596869088061e+01 5.295423698153765599e+02
3.031448267276034159e+01 5.384135663815087582e+02
3.062677499287151051e+01 5.473822105855479094e+02
3.094067292902437316e+01 5.564487246026102412e+02
3.125617648121894376e+01 5.656135355330299035e+02
3.157328564945521876e+01 5.748770575824047455e+02
3.189200043373319460e+01 5.842397129340653237e+02
3.221232083405287483e+01 5.937019103347768123e+02
3.253424685041424880e+01 6.032640671405154080e+02
3.285777848281733782e+01 6.129265895932525154e+02
3.318291573126212057e+01 6.226898814861812070e+02
3.350965859574860417e+01 6.325543526232829663e+02
3.383800707627680282e+01 6.425203986471971120e+02
3.416796117284669521e+01 6.525884246998022036e+02
3.449952088545828843e+01 6.627588242140324155e+02
3.483268621411158961e+01 6.730319882592019667e+02
3.516745715880659162e+01 6.834083146153939197e+02
3.550383371954329448e+01 6.938881860842523110e+02
3.584181589632169818e+01 7.044719959324165757e+02
3.618140368914180982e+01 7.151601251049139591e+02
3.652259709800362231e+01 7.259529522440260507e+02
3.686539612290713563e+01 7.368508634557390451e+02
3.720980076385235691e+01 7.478542290141258491e+02
3.755581102083927192e+01 7.589634306512036801e+02
3.790342689386790198e+01 7.701788335211570029e+02
3.825264838293821157e+01 7.815008150453822964e+02
3.860347548805024331e+01 7.929297391092842417e+02
3.895590820920396880e+01 8.044659674792648048e+02
3.930994654639940222e+01 8.161098706194609349e+02
3.966559049963654360e+01 8.278618017313048085e+02
4.002284006891537871e+01 8.397221270787354115e+02
4.038169525423592177e+01 8.516911949727519868e+02
4.074215605559816566e+01 8.637693675250367278e+02
4.110422247300211041e+01 8.759569882273023040e+02
4.146789450644775599e+01 8.882544150793834206e+02
4.183317215593510952e+01 9.006619910770035631e+02
4.220005542146416389e+01 9.131800574104458974e+02
4.256854430303492620e+01 9.258089652788754620e+02
4.293863880064738225e+01 9.385490472014454326e+02
4.331033891430154625e+01 9.514006502952299797e+02
4.368364464399741109e+01 9.643641026189960712e+02
4.405855598973497678e+01 9.774397426952989463e+02
4.443507295151425041e+01 9.906279077832806479e+02
4.481319552933521777e+01 1.003928918765634648e+03
4.519292372319789308e+01 1.017343113238960427e+03
4.557425753310226924e+01 1.030870807990756020e+03
4.595719695904835334e+01 1.044512331663519035e+03
4.634174200103613828e+01 1.058268011445486763e+03
4.672789265906562406e+01 1.072138157605734023e+03
4.711564893313681068e+01 1.086123093035721013e+03
4.750501082324970525e+01 1.100223133901318079e+03
4.789597832940428646e+01 1.114438594425165320e+03
4.828855145160058981e+01 1.128769786907181924e+03
4.868273018983858691e+01 1.143217021746475666e+03
4.907851454411828485e+01 1.157780607464830155e+03
4.947590451443969073e+01 1.172460845343471647e+03
4.987490010080279745e+01 1.187258051736655489e+03
5.027550130320760502e+01 1.202172514758048465e+03
5.067770812165412053e+01 1.217204541119557007e+03
5.108152055614233689e+01 1.232354501345540257e+03
5.148693860667225408e+01 1.247622554931648438e+03
5.189396227324387922e+01 1.263009060794030574e+03
5.230259155585719810e+01 1.278514318091337600e+03
5.271282645451222493e+01 1.294138617865047763e+03
5.312466696920895970e+01 1.309882245671210967e+03
5.353811309994738821e+01 1.325745490208670390e+03
5.395316484672751756e+01 1.341728638264559549e+03
5.436982220954934775e+01 1.357831980986390136e+03
5.478808518841290010e+01 1.374055788547169641e+03
5.520795378331813907e+01 1.390400355166852023e+03
5.562942799426507889e+01 1.406865947322274678e+03
5.605250782125371956e+01 1.423452855723164475e+03
5.647719326428407527e+01 1.440161350176366113e+03
5.690348432335613182e+01 1.456991705071392971e+03
5.733138099846988212e+01 1.473944186149453571e+03
5.776088328962534035e+01 1.491019078220658002e+03
5.819199119682249943e+01 1.508216644079839170e+03
5.862470472006136646e+01 1.525537151599272192e+03
5.905902385934192722e+01 1.542980867054529654e+03
5.949494861466419593e+01 1.560548055137099482e+03
5.993247898602816548e+01 1.578238978967254525e+03
6.037161497343384298e+01 1.596053900106600167e+03
6.081235657688121421e+01 1.613993071154372956e+03
6.125470379637030049e+01 1.632056765289431951e+03
6.169865663190107341e+01 1.650245232203329579e+03
6.214421508347356848e+01 1.668558727347420245e+03
6.259137915108775019e+01 1.686997504676396602e+03
6.304014883474363984e+01 1.705561816660344903e+03
6.349052413444123033e+01 1.724251914299097280e+03
6.394250505018050035e+01 1.743068047129585693e+03
6.439609158196149963e+01 1.762010463239111232e+03
6.485128372978418554e+01 1.781079409282061761e+03
6.530808149364858650e+01 1.800275130481421456e+03
6.576648487355470252e+01 1.819597870654379221e+03
6.622649386950250516e+01 1.839047872208264380e+03
6.668810848149200865e+01 1.858625384572874282e+03
6.715132870952322719e+01 1.878330630594555259e+03
6.761615455359614657e+01 1.898163856930262000e+03
6.808258601371076679e+01 1.918125300494717521e+03
6.855062308986708786e+01 1.938215196863843403e+03
6.902026578206510976e+01 1.958433780271465366e+03
6.949151409030484672e+01 1.978781283635813907e+03
6.996436801458625609e+01 1.999257938557157786e+03
7.043882755490940895e+01 2.019863975335554642e+03
7.091489271127423422e+01 2.040599622981536186e+03
7.139256348368076033e+01 2.061465109225786364e+03
7.187183987212900149e+01 2.082460660530002770e+03
7.235272187661894350e+01 2.103586502097410630e+03
7.283520949715060055e+01 2.124842857894611825e+03
7.331930273372394424e+01 2.146229950679024114e+03
7.380500158633898877e+01 2.167748002339927552e+03
7.429230605499574835e+01 2.189357174061099613e+03
7.478121613969419457e+01 2.211092941197705841e+03
7.527173184043435583e+01 2.232961731429280007e+03
7.576385315721621794e+01 2.254963803702729365e+03
7.625758009003978088e+01 2.277099415964446052e+03
7.675291263890505888e+01 2.299368825166973693e+03
7.724985080381200930e+01 2.321772287275329745e+03
7.774839458476068899e+01 2.344310067587354297e+03
7.824854398175105530e+01 2.366982399425571657e+03
7.875029899478313666e+01 2.389789546201857320e+03
7.925365962385691887e+01 2.412731759995919674e+03
7.975862586897240192e+01 2.435809291931754615e+03
8.026519773012958581e+01 2.459022392184034743e+03
8.077337520732847054e+01 2.482371309984179788e+03
8.128315830056905611e+01 2.505856293626442948e+03
8.179454700985135673e+01 2.529477590474033605e+03
8.230754133517534399e+01 2.553235446965077699e+03
8.282214127654104630e+01 2.577130108618673148e+03
8.333834683394844944e+01 2.601161820040688326e+03
8.385615800739755343e+01 2.625330824929714709e+03
8.437557479688835826e+01 2.649637377507641759e+03
8.489659720242086394e+01 2.674081696725125767e+03
8.541922522399508466e+01 2.698664035118061292e+03
8.594345886161099202e+01 2.723384632813679218e+03
8.646929811526860021e+01 2.748243729060763599e+03
8.699674298496792346e+01 2.773241562234890807e+03
8.752579347070894755e+01 2.798378369844203462e+03
8.805644957249167248e+01 2.823654388534876489e+03
8.858871129031609826e+01 2.849069854096500421e+03
8.912257862418219645e+01 2.874625001467646598e+03
8.965805157409003812e+01 2.900320064741096303e+03
9.019513014003956641e+01 2.926155289733087102e+03
9.073381432203080976e+01 2.952130883599625577e+03
9.127410412006373974e+01 2.978247090624897737e+03
9.181599953413838477e+01 3.004504141571721902e+03
9.235950056425473065e+01 3.030902266383555343e+03
9.290460721041277736e+01 3.057441694189281407e+03
9.345131947261253913e+01 3.084122653308660574e+03
9.399963735085398753e+01 3.110945371257126226e+03
9.454956084513713677e+01 3.137910074750832791e+03
9.510108995546200106e+01 3.165016989711624319e+03
9.565422468182855198e+01 3.192266341272069440e+03
9.620896502423683216e+01 3.219658367419122442e+03
9.676531098268679898e+01 3.247193264280035237e+03
9.732326255717845243e+01 3.274871268450451680e+03
9.788281974771183513e+01 3.302692601953811845e+03
9.844398255428690447e+01 3.330657486048145074e+03
9.900675097690368887e+01 3.358766141230877565e+03
9.957112501556215989e+01 3.387018787243343922e+03
1.001371046702623460e+02 3.415415643075416028e+03
1.007046899410042187e+02 3.443956926970238328e+03
1.012738808277878348e+02 3.472642856428537925e+03
1.018446773306130950e+02 3.501473663082542771e+03
1.024170794494800987e+02 3.530449533032407999e+03
1.029910871843888032e+02 3.559570696639810649e+03
1.035667005353391943e+02 3.588837368480954865e+03
1.041439195023313147e+02 3.618249762411976462e+03
1.047227440853651075e+02 3.647808091573050660e+03
1.053031742844406153e+02 3.677512568393068250e+03
1.058852100995578098e+02 3.707363404593330415e+03
1.064688515307167336e+02 3.737360811192329948e+03
1.070540985779173297e+02 3.767504998509620236e+03
1.076409512411596410e+02 3.797796176170004856e+03
1.082294095204436815e+02 3.828234569032937543e+03
1.088194734157693944e+02 3.858820353278885250e+03
1.094111429271368223e+02 3.889553752616665406e+03
1.100044180545459511e+02 3.920434973933371111e+03
1.105992987979967808e+02 3.951464223441469130e+03
1.111957851574893112e+02 3.982641706683126813e+03
1.117938771330235426e+02 4.013967628534036521e+03
1.123935747245994889e+02 4.045442193207129094e+03
1.129948779322171362e+02 4.077065604256655661e+03
1.135977867558764842e+02 4.108838064581975232e+03
1.142023011955775189e+02 4.140759793670405088e+03
1.148084212513202687e+02 4.172830958401023963e+03
1.154161469231047192e+02 4.205051777216202936e+03
1.160254782109308707e+02 4.237422450433492486e+03
1.166364151147987371e+02 4.269943177734439814e+03
1.172489576347082902e+02 4.302614158168014910e+03
1.178631057706595584e+02 4.335435590154326746e+03
1.184788595226524706e+02 4.368407671488318556e+03
1.190962188906871404e+02 4.401530599343188442e+03
1.197151838747635111e+02 4.434804570274236539e+03
1.203357544748815968e+02 4.468229798865447265e+03
1.209579306910413550e+02 4.501806442887816047e+03
1.215817125232428282e+02 4.535534715980839792e+03
1.222070999714860307e+02 4.569414812262140913e+03
1.228340930357709198e+02 4.603446925248769730e+03
1.234626917160974813e+02 4.637631247860168514e+03
1.240928960124657863e+02 4.671967972421922241e+03
1.247247059248757637e+02 4.706457290669077338e+03
1.253581214533274704e+02 4.741099393748946568e+03
1.259931425978208637e+02 4.775894472225155369e+03
1.266297693583559578e+02 4.810842716080313039e+03
1.272680017349327670e+02 4.845944334583681666e+03
1.279078397275512629e+02 4.881199476540616160e+03
1.285492833362114879e+02 4.916608350374952352e+03
1.291923325609133713e+02 4.952171143778197802e+03
1.298369874016569838e+02 4.987888043876904703e+03
1.304832478584422972e+02 5.023759237236033186e+03
1.311311139312693399e+02 5.059784909861769847e+03
1.317805856201380266e+02 5.095965247204578191e+03
1.324316629250484709e+02 5.132300434162521015e+03
1.330843458460005877e+02 5.168790655084087120e+03
1.337386343829944053e+02 5.205436093771248125e+03
1.343945285360299522e+02 5.242236954654690635e+03
1.350520283051071999e+02 5.279193377784729819e+03
1.357111336902261201e+02 5.316305566840089341e+03
1.363718446913867695e+02 5.353573703466168809e+03
1.370341613085890913e+02 5.390997968776183370e+03
1.376980835418331424e+02 5.428578543354552494e+03
1.383636113911188943e+02 5.466315607259451099e+03
1.390307448564463471e+02 5.504209340025668098e+03
1.396994839378154722e+02 5.542259920667369443e+03
1.403698286352263551e+02 5.580467527681103093e+03
1.410417789486789104e+02 5.618832339048206450e+03
1.417153348781731665e+02 5.657354554832168105e+03
1.423904964237091235e+02 5.696034306454629586e+03
1.430672635852867813e+02 5.734871793316138792e+03
1.437456363629061684e+02 5.773867191365355211e+03
1.444256147565672279e+02 5.813020676049301983e+03
1.451071987662700167e+02 5.852332422336588934e+03
1.457903883920144779e+02 5.891802604678850912e+03
1.464751836338006399e+02 5.931431397012886919e+03
1.471615844916285312e+02 5.971218972805914746e+03
1.478495909654981233e+02 6.011165505036526156e+03
1.485392030554094163e+02 6.051271166197215280e+03
1.492304207613623817e+02 6.091536152523198325e+03
1.499232440833570763e+02 6.131960586722691914e+03
1.506176730213934718e+02 6.172544664444056252e+03
1.513137075754715966e+02 6.213288556260864425e+03
1.520113477455913653e+02 6.254192432273413942e+03
1.527105935317528349e+02 6.295256462110770372e+03
1.534114449339560622e+02 6.336480814933262991e+03
1.541139019522009619e+02 6.377865659435025918e+03
1.548179645864875624e+02 6.419411163846336422e+03
1.555236328368158638e+02 6.461117495935807710e+03
1.562309067031858945e+02 6.502984823012956440e+03
1.569397861855975975e+02 6.545013338033560103e+03
1.576502712840510299e+02 6.587203154791201996e+03
1.583623619985461630e+02 6.629554465737987812e+03
1.590760583290829686e+02 6.672067436369910865e+03
1.597913602756615035e+02 6.714742231735087444e+03
1.605082678382817392e+02 6.757579016436175152e+03
1.612267810169436757e+02 6.800577954632477486e+03
1.619468998116473131e+02 6.843739210042581362e+03
1.626686242223926513e+02 6.887062945946078798e+03
1.633919542491796904e+02 6.930549325185986163e+03
1.641168898920084303e+02 6.974198510170799636e+03
1.648434311508788710e+02 7.018010662876875358e+03
1.655715780257910126e+02 7.061985972645356014e+03
1.663013305167448834e+02 7.106124544578765381e+03
1.670326886237404267e+02 7.150426567595386587e+03
1.677656523467776992e+02 7.194892201963699335e+03
1.685002216858566442e+02 7.239521607530064102e+03
1.692363966409773184e+02 7.284314943721422424e+03
1.699741772121396934e+02 7.329272369547004018e+03
1.707135633993437409e+02 7.374394043600544137e+03
1.714545552025895176e+02 7.419680124062049799e+03
1.721971526218769952e+02 7.465130768700162662e+03
1.729413556572061736e+02 7.510746134873693336e+03
1.736871643085770529e+02 7.556526379534038824e+03
1.744345785759896330e+02 7.602471688941622233e+03
1.751835984594439140e+02 7.648582159354177747e+03
1.759342239589398957e+02 7.694857976688019335e+03
1.766864550744775784e+02 7.741299296283526019e+03
1.774402918060569903e+02 7.787906273083527594e+03
1.781957341536780746e+02 7.834679061634514255e+03
1.789527821173408597e+02 7.881617816089068583e+03
1.797114356970453741e+02 7.928722690213937312e+03
1.804716948927915610e+02 7.975993837401467317e+03
1.812335597045794771e+02 8.023431410603387121e+03
1.819970301324090656e+02 8.071035562414335800e+03
1.827621061762804118e+02 8.118806445044373504e+03
1.835287878361934020e+02 8.166744210320471211e+03
1.842970751121481214e+02 8.214849041167390169e+03
1.850669680041445417e+02 8.263121025220176307e+03
1.858384665121826629e+02 8.311560345125792082e+03
1.866115706362624849e+02 8.360167151196654231e+03
1.873862803763840077e+02 8.408941593371129784e+03
1.881625957325472314e+02 8.457883821215353237e+03
1.889405167047521843e+02 8.506993983924434360e+03
1.897200432929988096e+02 8.556272230324857446e+03
1.905011754972871074e+02 8.605718708875287120e+03
1.912839133176171345e+02 8.655333567669524200e+03
1.920682567539888908e+02 8.705116954437007735e+03
1.928542058064023479e+02 8.755069016544986880e+03
1.936417604748574774e+02 8.805189901000148893e+03
1.944309207593543363e+02 8.855479788037218896e+03
1.952216866598928959e+02 8.905938756270143131e+03
1.960140581764731280e+02 8.956566985730061788e+03
1.968080353090951178e+02 9.007364621998023722e+03
1.976036180577587515e+02 9.058331810302341182e+03
1.984008064224641146e+02 9.109468695520436086e+03
1.991996004032111784e+02 9.160775422180482565e+03
2.000000000000000000e+02 9.212252134463209586e+03
