3.320115180260320153e-01 7.238539040924781842e-01
3.601097987558281588e-01 8.220994893208407595e-01
3.898136955273271420e-01 9.315666990466788810e-01
4.211232083405287430e-01 1.049142657306608051e+00
4.540383371954328506e-01 1.174325628164771151e+00
4.885590820920396871e-01 1.311593136474795696e+00
5.246854430303492522e-01 1.461657165780306356e+00
5.624174200103612131e-01 1.625238100877610448e+00
6.017550130320761248e-01 1.803063539241541280e+00
6.426982220954935432e-01 1.995867451839910434e+00
6.852470472006135793e-01 2.204389670663188472e+00
7.294014883474362332e-01 2.429375610727825041e+00
7.751615455359616158e-01 2.671576432931880518e+00
8.225272187661896162e-01 2.926905512102532025e+00
8.714985080381201232e-01 3.199913358543275965e+00
9.220754133517534701e-01 3.491965365407887933e+00
9.742579347070893236e-01 3.803854405614223833e+00
1.028046072104128017e+00 4.136382515664164039e+00
1.083439825542869439e+00 4.490361124404437021e+00
1.140439195023312813e+00 4.866611188623988227e+00
1.199044180545459692e+00 5.265963687111486990e+00
1.259254782109308746e+00 5.689259898617923028e+00
1.321070999714860417e+00 6.137351952076251393e+00
1.384492833362114927e+00 6.610107643816570899e+00
1.449520283051072056e+00 7.108035519957953241e+00
1.516153348781731580e+00 7.633306897874963859e+00
1.584392030554093944e+00 8.186827361079773269e+00
1.654236328368158926e+00 8.769513759924215890e+00
1.725686242223926969e+00 9.382294721679201643e+00
1.798741772121396965e+00 1.002611062187752999e+01
1.873402918060570244e+00 1.070191396118726246e+01
1.949669680041445030e+00 1.141066981175831074e+01
2.027542058064023323e+00 1.215335579181329884e+01
2.107020052128304677e+00 1.293096282474357572e+01
2.188103662234287761e+00 1.374449506407411548e+01
2.270792888381974350e+00 1.459497149307874864e+01
2.355087730571363114e+00 1.548343626304508369e+01
2.440988188802454495e+00 1.641090397253091382e+01
2.528494263075248050e+00 1.737839120949727700e+01
2.617605953389745110e+00 1.838692101888707242e+01
2.708323259745944345e+00 1.943752339096570481e+01
2.800646182143846641e+00 2.053123444509243711e+01
2.894574720583451111e+00 2.166909704915532231e+01
2.990108875064758642e+00 2.285215995313058102e+01
3.087248645587767903e+00 2.408147854742853866e+01
3.185994032152480671e+00 2.535811394313554956e+01
3.286345034758896055e+00 2.668313387890095001e+01
3.388301653407014058e+00 2.805761174328495144e+01
3.491863888096834234e+00 2.948262763904427786e+01
3.597031738828357472e+00 3.096160620129833063e+01
3.703805205601583772e+00 3.250778101576995027e+01
3.812184288416512246e+00 3.410818872896448539e+01
3.922168987273143781e+00 3.576384206280527422e+01
4.033759302171477046e+00 3.747575055789806697e+01
4.146955233111511596e+00 3.924491879213248069e+01
4.261756780093250541e+00 4.107234757700480543e+01
4.378163943116692991e+00 4.295903210811456319e+01
4.496176722181838059e+00 4.490596308693580596e+01
4.615795117288683969e+00 4.691412592844302054e+01
4.737019128437234272e+00 4.898449975762798658e+01
4.859848755627486305e+00 5.111805861454148925e+01
4.984283998859440956e+00 5.331577062432881320e+01
5.110324858133099113e+00 5.557859693182806637e+01
5.237971333448458999e+00 5.790749348917562145e+01
5.367223424805522392e+00 6.030340867034213659e+01
5.498081132204287513e+00 6.276728514595748720e+01
5.630544455644756141e+00 6.530005899810568337e+01
5.764613395126925610e+00 6.790265856746894713e+01
5.900287950650798585e+00 7.057600636582080256e+01
6.037568122216375066e+00 7.332101812620649639e+01
6.176453909823653277e+00 7.615060837729249954e+01
6.316945313472634993e+00 7.905513939025600223e+01
6.459042333163318439e+00 8.203300406430737723e+01
6.602744968895707167e+00 8.508494482164942951e+01
6.748053220669795849e+00 8.821169059753802344e+01
6.894967088485587148e+00 9.141395719374916951e+01
7.043486572343081953e+00 9.469244776295853683e+01
7.193611672242280264e+00 9.804785080107406259e+01
7.345342388183179416e+00 1.014808431014854477e+02
7.498678720165779410e+00 1.049920878394181472e+02
7.653620668190084686e+00 1.085822356567728377e+02
7.810168232256092580e+00 1.122519224403483094e+02
7.968321412363803979e+00 1.160017727255342521e+02
8.128080208513217997e+00 1.198323975694608521e+02
8.289444620704333744e+00 1.237443958199632306e+02
8.452414648937150332e+00 1.277383516561684189e+02
8.616990293211673091e+00 1.318148384547019134e+02
8.783171553527896691e+00 1.359744164285736758e+02
8.950958429885822909e+00 1.402176333540864164e+02
9.120350922285451745e+00 1.445450254685269726e+02
9.291349030726783198e+00 1.489571145780105041e+02
9.463952755209817269e+00 1.534544126706761062e+02
9.638162095734552182e+00 1.580374191296748165e+02
9.813977052300991488e+00 1.627066224646439991e+02
9.991397624909135189e+00 1.674624971200211121e+02
1.017042381355897973e+01 1.723055085928386916e+02
1.035105561825052689e+01 1.772361103521385814e+02
1.053329303898377667e+01 1.822547448155578422e+02
1.071713607575873084e+01 1.873618445226043434e+02
1.090258472857538585e+01 1.925578284021065656e+02
1.108963899743374348e+01 1.978431077422884812e+02
1.127829888233380373e+01 2.032180825787526146e+02
1.146856438327556660e+01 2.086831439067525480e+02
1.166043550025903386e+01 2.142386695960696557e+02
1.185391223328420196e+01 2.198850309047201392e+02
1.204899458235107090e+01 2.256225885204006829e+02
1.224568254745964602e+01 2.314516937789938424e+02
1.244397612860992197e+01 2.373726901077739342e+02
1.264387532580190054e+01 2.434074605182982225e+02
1.284538013903558351e+01 2.495402378956117388e+02
1.304849056831096910e+01 2.557666663072433550e+02
1.325320661362805552e+01 2.620871181640173972e+02
1.345952827498684634e+01 2.685019612738926753e+02
1.366745555238733623e+01 2.750115533650468933e+02
1.387698844582953406e+01 2.816162505047699369e+02
1.408812695531342918e+01 2.883164017648590516e+02
1.430087108083903225e+01 2.951123522080177963e+02
1.451522082240633438e+01 3.020044369946235747e+02
1.473117618001534090e+01 3.089929903743412751e+02
1.494873715366604827e+01 3.160783399603500357e+02
1.516790374335846003e+01 3.232608082757334387e+02
1.538867594909257441e+01 3.305407145632474908e+02
1.561105377086839141e+01 3.379183681647806452e+02
1.583503720868590925e+01 3.453940785749582574e+02
1.606062626254512438e+01 3.529681489925850997e+02
1.628782093244604923e+01 3.606408780344913225e+02
1.651662121838867847e+01 3.684125598312398893e+02
1.674702712037300500e+01 3.762834841209254932e+02
1.697903863839903948e+01 3.842539382967205484e+02
1.721265577246677481e+01 3.923241997298006254e+02
1.744787852257621452e+01 4.004945474124838825e+02
1.768470688872735508e+01 4.087652544099506144e+02
1.792314087092019292e+01 4.171365877617845968e+02
1.816318046915473872e+01 4.256088168955769788e+02
1.840482568343098890e+01 4.341822012047460362e+02
1.864807651374893993e+01 4.428569984545650868e+02
1.889293296010859180e+01 4.516334608080031785e+02
1.913939502250994806e+01 4.605118411797709541e+02
1.938746270095300517e+01 4.694923852781000733e+02
1.963713599543776667e+01 4.785753379865113288e+02
1.988841490596423256e+01 4.877609624479047739e+02
2.014129943253239929e+01 4.970494470538857854e+02
2.039578957514226687e+01 5.064410524011441908e+02
2.065188533379383884e+01 5.159360044372958782e+02
2.090958670848711520e+01 5.255345345375666284e+02
2.116889369922209241e+01 5.352368677857045896e+02
2.142980630599877401e+01 5.450432207323327702e+02
2.169232452881715290e+01 5.549538174414645937e+02
2.195644836767723973e+01 5.649688711812237898e+02
2.222217782257902741e+01 5.750885921120517423e+02
2.248951289352251237e+01 5.853131961096715941e+02
2.275845358050770528e+01 5.956428880682790350e+02
2.302899988353459904e+01 6.060778729683153188e+02
2.330115180260319718e+01 6.166183532186032608e+02
2.357490933771349972e+01 6.272645287071337634e+02
2.385027248886550311e+01 6.380165968506588570e+02
2.412724125605921088e+01 6.488747526431425285e+02
2.440581563929461595e+01 6.598391887031147007e+02
2.468599563857172896e+01 6.709100984979637587e+02
2.496778125389054281e+01 6.820876636396706090e+02
2.525117248525105751e+01 6.933720730998803674e+02
2.553616933265327660e+01 7.047635104483649684e+02
2.582277179609720363e+01 7.162621571001169514e+02
2.611097987558283151e+01 7.278681923564768113e+02
2.640079357111015668e+01 7.395817934453444877e+02
2.669221288267918624e+01 7.514031390073135981e+02
2.698523781028991309e+01 7.633323952533010015e+02
2.727986835394235143e+01 7.753697369597671241e+02
2.757610451363649062e+01 7.875153334453568732e+02
2.787394628937233065e+01 7.997693521426833740e+02
2.817339368114987508e+01 8.121319623332934725e+02
2.847444668896912390e+01 8.246033202575856649e+02
2.877710531283007001e+01 8.371835917207091597e+02
2.908136955273272051e+01 8.498729369535752767e+02
2.938723940867707540e+01 8.626715144679835703e+02
2.969471488066312048e+01 8.755794849643028783e+02
3.000379596869088061e+01 8.885969957072269381e+02
3.031448267276034159e+01 9.017242042627582350e+02
3.062677499287151051e+01 9.149612625713742773e+02
3.094067292902437316e+01 9.283083251694515639e+02
3.125617648121894376e+01 9.417655323810263326e+02
3.157328564945521876e+01 9.553330358597975192e+02
3.189200043373319460e+01 9.690109814297628645e+02
3.221232083405287483e+01 9.827995179027633412e+02
3.253424685041424880e+01 9.966987791240750312e+02
3.285777848281733782e+01 1.010708911241904616e+03
3.318291573126212057e+01 1.024830054373562916e+03
3.350965859574860417e+01 1.039062347277406616e+03
3.383800707627680282e+01 1.053405931915749534e+03
3.416796117284669521e+01 1.067860935092528962e+03
3.449952088545828843e+01 1.082427496364477747e+03
3.483268621411158961e+01 1.097105749258360675e+03
3.516745715880659162e+01 1.111895830887898228e+03
3.550383371954329448e+01 1.126797862398371080e+03
3.584181589632169818e+01 1.141811978688094769e+03
3.618140368914180982e+01 1.156938308381789057e+03
3.652259709800362231e+01 1.172176984110641115e+03
3.686539612290713563e+01 1.187528121604663056e+03
3.720980076385235691e+01 1.202991851452754872e+03
3.755581102083927192e+01 1.218568297709455692e+03
3.790342689386790198e+01 1.234257583329791260e+03
3.825264838293821157e+01 1.250059835453744427e+03
3.860347548805024331e+01 1.265975164105212571e+03
3.895590820920396880e+01 1.282003694570604921e+03
3.930994654639940222e+01 1.298145545586161916e+03
3.966559049963654360e+01 1.314400840504888720e+03
4.002284006891537871e+01 1.330769684476621933e+03
4.038169525423592177e+01 1.347252199149135777e+03
4.074215605559816566e+01 1.363848499279319185e+03
4.110422247300211041e+01 1.380558698669049818e+03
4.146789450644775599e+01 1.397382915964124777e+03
4.183317215593510952e+01 1.414321251252191132e+03
4.220005542146416389e+01 1.431373821629564191e+03
4.256854430303492620e+01 1.448540737219149605e+03
4.293863880064738225e+01 1.465822113501599688e+03
4.331033891430154625e+01 1.483218046052317959e+03
4.368364464399741109e+01 1.500728648940431185e+03
4.405855598973497678e+01 1.518354028838460408e+03
4.443507295151425041e+01 1.536094291542867722e+03
4.481319552933521777e+01 1.553949548515441847e+03
4.519292372319789308e+01 1.571919890708894854e+03
4.557425753310226924e+01 1.590005428293821069e+03
4.595719695904835334e+01 1.608206263868223687e+03
4.634174200103613828e+01 1.626522499252603666e+03
4.672789265906562406e+01 1.644954242235891797e+03
4.711564893313681068e+01 1.663501579323875376e+03
4.750501082324970525e+01 1.682164617139551410e+03
4.789597832940428646e+01 1.700943454499425116e+03
4.828855145160058981e+01 1.719838189500120734e+03
4.868273018983858691e+01 1.738848926586510515e+03
4.907851454411828485e+01 1.757975747959411137e+03
4.947590451443969073e+01 1.777218757000440291e+03
4.987490010080279745e+01 1.796578048996258303e+03
5.027550130320760502e+01 1.816053718555799378e+03
5.067770812165412053e+01 1.835645867089263447e+03
5.108152055614233689e+01 1.855354572584966718e+03
5.148693860667225408e+01 1.875179935508015660e+03
5.189396227324387922e+01 1.895122047843516157e+03
5.230259155585719810e+01 1.915181000941830462e+03
5.271282645451222493e+01 1.935356893500320211e+03
5.312466696920895970e+01 1.955649799335146099e+03
5.353811309994738821e+01 1.976059816270252668e+03
5.395316484672751756e+01 1.996587033197062965e+03
5.436982220954934775e+01 2.017231538411732345e+03
5.478808518841290010e+01 2.037993419622536976e+03
5.520795378331813907e+01 2.058872772143327438e+03
5.562942799426507889e+01 2.079869665780719515e+03
5.605250782125371956e+01 2.100984195104900209e+03
5.647719326428407527e+01 2.122216445571596978e+03
5.690348432335613182e+01 2.143566502019608379e+03
5.733138099846988212e+01 2.165034448778328169e+03
5.776088328962534035e+01 2.186620378177467956e+03
5.819199119682249943e+01 2.208324356016970341e+03
5.862470472006136646e+01 2.230146473959986906e+03
5.905902385934192722e+01 2.252086814260041592e+03
5.949494861466419593e+01 2.274145458580214836e+03
5.993247898602816548e+01 2.296322488090371735e+03
6.037161497343384298e+01 2.318617992565877103e+03
6.081235657688121421e+01 2.341032033650105859e+03
6.125470379637030049e+01 2.363564700577928306e+03
6.169865663190107341e+01 2.386216072485824498e+03
6.214421508347356848e+01 2.408986228106091403e+03
6.259137915108775019e+01 2.431875245787739914e+03
6.304014883474363984e+01 2.454883203234371194e+03
6.349052413444123033e+01 2.478010187557496465e+03
6.394250505018050035e+01 2.501256255869619054e+03
6.439609158196149963e+01 2.524621494740774324e+03
6.485128372978418554e+01 2.548105980165868459e+03
6.530808149364858650e+01 2.571709787926107310e+03
6.576648487355470252e+01 2.595432994301855160e+03
6.622649386950250516e+01 2.619432569570302348e+03
6.668810848149200865e+01 2.643804360406222258e+03
6.715132870952322719e+01 2.668306085987777351e+03
6.761615455359614657e+01 2.692937888536488572e+03
6.808258601371076679e+01 2.717699940807299299e+03
6.855062308986708786e+01 2.742592404488420925e+03
6.902026578206510976e+01 2.767615440678484902e+03
6.949151409030484672e+01 2.792769209890175716e+03
6.996436801458625609e+01 2.818053872054168096e+03
7.043882755490940895e+01 2.843469586523068756e+03
7.091489271127423422e+01 2.869016512074801540e+03
7.139256348368076033e+01 2.894694817864315610e+03
7.187183987212900149e+01 2.920504639343939289e+03
7.235272187661894350e+01 2.946446144838131659e+03
7.283520949715060055e+01 2.972519490863805459e+03
7.331930273372394424e+01 2.998724833381724693e+03
7.380500158633898877e+01 3.025062327800003004e+03
7.429230605499574835e+01 3.051532128977698903e+03
7.478121613969419457e+01 3.078134391228211371e+03
7.527173184043435583e+01 3.104869268322838252e+03
7.576385315721621794e+01 3.131736913494044529e+03
7.625758009003978088e+01 3.158737490994537438e+03
7.675291263890505888e+01 3.185871129572333757e+03
7.724985080381200930e+01 3.213137992733290048e+03
7.774839458476068899e+01 3.240538231588639974e+03
7.824854398175105530e+01 3.268071996727379428e+03
7.875029899478313666e+01 3.295739438219798103e+03
7.925365962385691887e+01 3.323540705620589506e+03
7.975862586897240192e+01 3.351475947979198281e+03
8.026519773012958581e+01 3.379545313825084577e+03
8.077337520732847054e+01 3.407748951181145458e+03
8.128315830056905611e+01 3.436087019913170934e+03
8.179454700985135673e+01 3.464559642042408086e+03
8.230754133517534399e+01 3.493166976764889114e+03
8.282214127654104630e+01 3.521909170113956861e+03
8.333834683394844944e+01 3.550786367631892972e+03
8.385615800739755343e+01 3.579798714373333951e+03
8.437557479688835826e+01 3.608946354907907335e+03
8.489659720242086394e+01 3.638229433323124795e+03
8.541922522399508466e+01 3.667648093227644495e+03
8.594345886161099202e+01 3.697202477753689891e+03
8.646929811526860021e+01 3.726892742918871591e+03
8.699674298496792346e+01 3.756719003853642789e+03
8.752579347070894755e+01 3.786681415986058710e+03
8.805644957249167248e+01 3.816780120571585940e+03
8.858871129031609826e+01 3.847015258403446751e+03
8.912257862418219645e+01 3.877386969815273005e+03
8.965805157409003812e+01 3.907895394684046096e+03
9.019513014003956641e+01 3.938540672432417523e+03
9.073381432203080976e+01 3.969322942031690218e+03
9.127410412006373974e+01 4.000242342004388320e+03
9.181599953413838477e+01 4.031299010426657333e+03
9.235950056425473065e+01 4.062493099191102829e+03
9.290460721041277736e+01 4.093824716610928590e+03
9.345131947261253913e+01 4.125294014066079399e+03
9.399963735085398753e+01 4.156901127873476071e+03
9.454956084513713677e+01 4.188646193916357333e+03
9.510108995546200106e+01 4.220529347647227041e+03
9.565422468182855198e+01 4.252550724089936011e+03
9.620896502423683216e+01 4.284710457842232245e+03
9.676531098268679898e+01 4.317008683078218382e+03
9.732326255717845243e+01 4.349445533550701839e+03
9.788281974771183513e+01 4.382021142593733202e+03
9.844398255428690447e+01 4.414735658535828406e+03
