1.384492833362114927e+00 5.177068482501875124e+00
1.449520283051072056e+00 5.557423330159447339e+00
1.516153348781731580e+00 5.958206059690689393e+00
1.584392030554093944e+00 6.380070694979887769e+00
1.654236328368158926e+00 6.823676936843471985e+00
1.725686242223926969e+00 7.289690126298813411e+00
1.798741772121396965e+00 7.778781048291209643e+00
1.873402918060570244e+00 8.291625919995141203e+00
1.949669680041445030e+00 8.828906046590596191e+00
2.027542058064023323e+00 9.375555267825665950e+00
2.107020052128304677e+00 9.946332669784473168e+00
2.188103662234287761e+00 1.054223260950077723e+01
2.270792888381974350e+00 1.116391291553626886e+01
2.355087730571363114e+00 1.181203570340730380e+01
2.440988188802454495e+00 1.248726732286726460e+01
2.528494263075248050e+00 1.319027784350984511e+01
2.617605953389745110e+00 1.392174097108178721e+01
2.708323259745944345e+00 1.468233401138141225e+01
2.800646182143846641e+00 1.547273728902378132e+01
2.894574720583451111e+00 1.629363408438103278e+01
2.990108875064758642e+00 1.714571062298194093e+01
3.087248645587767903e+00 1.802965535200453218e+01
3.185994032152480671e+00 1.893272218685799757e+01
3.286345034758896055e+00 1.985525416788491881e+01
3.388301653407014058e+00 2.080999654549206568e+01
3.491863888096834234e+00 2.179760750080446385e+01
3.597031738828357472e+00 2.281874733265443211e+01
3.703805205601583772e+00 2.387407759401281027e+01
3.812184288416512246e+00 2.496426163710235002e+01
3.922168987273143781e+00 2.608996369655021397e+01
4.033759302171477046e+00 2.725184896619744990e+01
4.146955233111511596e+00 2.845058374298933046e+01
4.261756780093250541e+00 2.968683440625508041e+01
4.378163943116692991e+00 3.096126818010956327e+01
4.496176722181838059e+00 3.227455191384783717e+01
4.615795117288683969e+00 3.362735296256308715e+01
4.737019128437234272e+00 3.502033802041813004e+01
4.859848755627486305e+00 3.643575075754636572e+01
4.984283998859440956e+00 3.788348542339818437e+01
5.110324858133099113e+00 3.937200764115456764e+01
5.237971333448458999e+00 4.090195768274561061e+01
5.367223424805522392e+00 4.247397549244536208e+01
5.498081132204287513e+00 4.408869913311784927e+01
5.630544455644756141e+00 4.574676605190133216e+01
5.764613395126925610e+00 4.744881160630735906e+01
5.900287950650798585e+00 4.919546945469736698e+01
6.037568122216375066e+00 5.098737201627351823e+01
6.176453909823653277e+00 5.282514887877317022e+01
6.316945313472634993e+00 5.470942834458217163e+01
6.459042333163318439e+00 5.664083551965690333e+01
6.602744968895707167e+00 5.861999401534314558e+01
6.748053220669795849e+00 6.064752389990126602e+01
6.894967088485587148e+00 6.272404356196422270e+01
7.043486572343081953e+00 6.485016751896402809e+01
7.193611672242280264e+00 6.702650844830185406e+01
7.345342388183179416e+00 6.925367484651239636e+01
7.498678720165779410e+00 7.153227323393581116e+01
7.653620668190084686e+00 7.386290565902140770e+01
7.810168232256092580e+00 7.624617208170509741e+01
7.968321412363803979e+00 7.868266771737225440e+01
8.128080208513217997e+00 8.117298560404535124e+01
8.289444620704333744e+00 8.371771378052409318e+01
8.452414648937150332e+00 8.631743804223074790e+01
8.616990293211673091e+00 8.897273894837707076e+01
8.783171553527896691e+00 9.168419477081360469e+01
8.950958429885822909e+00 9.445237832533588573e+01
9.120350922285451745e+00 9.727786011791194198e+01
9.291349030726783198e+00 1.001612049949075782e+02
9.463952755209817269e+00 1.031029754909846758e+02
9.638162095734552182e+00 1.061037282934484551e+02
9.813977052300991488e+00 1.091640177957040123e+02
9.991397624909135189e+00 1.122759097934243897e+02
1.017042381355897973e+01 1.154071847105259963e+02
1.035105561825052689e+01 1.185980533827968344e+02
1.053329303898377667e+01 1.218490401027460166e+02
1.071713607575873084e+01 1.251606670064888078e+02
1.090258472857538585e+01 1.285334497960542706e+02
1.108963899743374348e+01 1.319679020405719143e+02
1.127829888233380373e+01 1.354645306829635558e+02
1.146856438327556660e+01 1.390238405939430777e+02
1.166043550025903386e+01 1.426463298415067698e+02
1.185391223328420196e+01 1.463324944960671985e+02
1.204899458235107090e+01 1.500828236606177200e+02
1.224568254745964602e+01 1.538978045278649631e+02
1.244397612860992197e+01 1.577779171695682408e+02
1.264387532580190054e+01 1.617236398465711034e+02
1.284538013903558351e+01 1.657354435551138465e+02
1.304849056831096910e+01 1.698137975922299177e+02
1.325320661362805552e+01 1.739591638559466844e+02
1.345952827498684634e+01 1.781720026669221966e+02
1.366745555238733623e+01 1.824527668224115189e+02
1.387698844582953406e+01 1.868019076735477313e+02
1.408812695531342918e+01 1.912198689323186329e+02
1.430087108083903225e+01 1.957070921452402672e+02
1.451522082240633438e+01 2.002640145509224396e+02
1.473117618001534090e+01 2.048910661801061792e+02
1.494873715366604827e+01 2.095886762252919198e+02
1.516790374335846003e+01 2.143572657385213915e+02
1.538867594909257441e+01 2.191972551026326528e+02
1.561105377086839141e+01 2.241090564615070946e+02
1.583503720868590925e+01 2.290930814642040616e+02
1.606062626254512438e+01 2.341497334300744626e+02
1.628782093244604923e+01 2.392794153623271427e+02
1.651662121838867847e+01 2.444825218513934431e+02
1.674702712037300500e+01 2.497594473532600432e+02
1.697903863839903948e+01 2.551105778359659837e+02
1.721265577246677481e+01 2.605362981726928524e+02
1.744787852257621452e+01 2.660369892568019736e+02
1.768470688872735508e+01 2.716130241768416340e+02
1.792314087092019292e+01 2.772647766821938262e+02
1.816318046915473872e+01 2.829926115409165277e+02
1.840482568343098890e+01 2.887968943740557961e+02
1.864807651374893993e+01 2.946779817666120493e+02
1.889293296010859180e+01 3.006362313441774177e+02
1.913939502250994806e+01 3.066719916530728938e+02
1.938746270095300517e+01 3.127856110953918005e+02
1.963713599543776667e+01 3.189774344265110244e+02
1.988841490596423256e+01 3.252477982128869485e+02
2.014129943253239929e+01 3.315916863360878892e+02
2.039578957514226687e+01 3.380149289585870633e+02
2.065188533379383884e+01 3.445180307716956918e+02
2.090958670848711520e+01 3.511013342529785746e+02
2.116889369922209241e+01 3.577651785426468791e+02
2.142980630599877401e+01 3.645098943062018293e+02
2.169232452881715290e+01 3.713358150770696966e+02
2.195644836767723973e+01 3.782432643866624744e+02
2.222217782257902741e+01 3.852325687553880016e+02
2.248951289352251237e+01 3.923040447270605569e+02
2.275845358050770528e+01 3.994580102300494104e+02
2.302899988353459904e+01 4.066947800402901976e+02
2.330115180260319718e+01 4.140146602441138839e+02
2.357490933771349972e+01 4.214179587790160326e+02
2.385027248886550311e+01 4.289049805067897410e+02
2.412724125605921088e+01 4.364760214028659107e+02
2.440581563929461595e+01 4.441313796979914628e+02
2.468599563857172896e+01 4.518713486315886598e+02
2.496778125389054281e+01 4.596962203523091262e+02
2.525117248525105751e+01 4.676062777543224911e+02
2.553616933265327660e+01 4.756018066426083806e+02
2.582277179609720363e+01 4.836830877925860932e+02
2.611097987558283151e+01 4.918503989508229211e+02
2.640079357111015668e+01 5.001040148700755594e+02
2.669221288267918624e+01 5.084442073446156769e+02
2.698523781028991309e+01 5.168712452457768904e+02
2.727986835394235143e+01 5.253853945578367757e+02
2.757610451363649062e+01 5.339869161799846324e+02
2.787394628937233065e+01 5.426760728002141150e+02
2.817339368114987508e+01 5.514531224555589688e+02
2.847444668896912390e+01 5.603183186199529473e+02
2.877710531283007001e+01 5.692719122241280729e+02
2.908136955273272051e+01 5.783141833273906514e+02
2.938723940867707540e+01 5.874453189607071408e+02
2.969471488066312048e+01 5.966655917578133312e+02
3.000379596869088061e+01 6.059752438279258513e+02
3.031448267276034159e+01 6.153745151590028399e+02
3.062677499287151051e+01 6.248636399168685784e+02
3.094067292902437316e+01 6.344428547104386098e+02
3.125617648121894376e+01 6.441123853892169109e+02
3.157328564945521876e+01 6.538724663961147598e+02
3.189200043373319460e+01 6.637233184302760947e+02
3.221232083405287483e+01 6.736651711539569760e+02
3.253424685041424880e+01 6.836982434155244164e+02
3.285777848281733782e+01 6.938227544777889761e+02
3.318291573126212057e+01 7.040389213066051752e+02
3.350965859574860417e+01 7.143469554637766805e+02
3.383800707627680282e+01 7.247470755918208170e+02
3.416796117284669521e+01 7.352394889076588242e+02
3.449952088545828843e+01 7.458244034806547234e+02
3.483268621411158961e+01 7.565020252278305861e+02
3.516745715880659162e+01 7.672725579420082340e+02
3.550383371954329448e+01 7.781362033195132426e+02
3.584181589632169818e+01 7.890931609932175661e+02
3.618140368914180982e+01 8.001436285441003520e+02
3.652259709800362231e+01 8.112878015481015836e+02
3.686539612290713563e+01 8.225258735830731212e+02
3.720980076385235691e+01 8.338580362733641778e+02
3.755581102083927192e+01 8.452844828874686982e+02
3.790342689386790198e+01 8.568053940206146990e+02
3.825264838293821157e+01 8.684209591560745594e+02
3.860347548805024331e+01 8.801313623221490161e+02
3.895590820920396880e+01 8.919367857181243835e+02
3.930994654639940222e+01 9.038374097335282613e+02
3.966559049963654360e+01 9.158334129686228380e+02
4.002284006891537871e+01 9.279249722654255947e+02
4.038169525423592177e+01 9.401122627286628131e+02
4.074215605559816566e+01 9.523954577493495890e+02
4.110422247300211041e+01 9.647747330965129322e+02
4.146789450644775599e+01 9.772502506663513486e+02
4.183317215593510952e+01 9.898221830350521486e+02
4.220005542146416389e+01 1.002500707822520553e+03
4.256854430303492620e+01 1.015324116346945971e+03
4.293863880064738225e+01 1.028246717328183422e+03
4.331033891430154625e+01 1.041268707434965563e+03
4.368364464399741109e+01 1.054390281766620774e+03
4.405855598973497678e+01 1.067611633870493051e+03
4.443507295151425041e+01 1.080932960272149785e+03
4.481319552933521777e+01 1.094354442364792703e+03
4.519292372319789308e+01 1.107876273731682886e+03
4.557425753310226924e+01 1.121498641884584913e+03
4.595719695904835334e+01 1.135221732868288427e+03
4.634174200103613828e+01 1.149045731277102504e+03
4.672789265906562406e+01 1.162970820271004868e+03
4.711564893313681068e+01 1.176997186422793220e+03
4.750501082324970525e+01 1.191125000312292741e+03
4.789597832940428646e+01 1.205354445820582214e+03
4.828855145160058981e+01 1.219685700529406404e+03
4.868273018983858691e+01 1.234118940664708134e+03
4.907851454411828485e+01 1.248654341111677240e+03
4.947590451443969073e+01 1.263292080634873855e+03
4.987490010080279745e+01 1.278032320956587000e+03
5.027550130320760502e+01 1.292875238350598238e+03
5.067770812165412053e+01 1.307821002487292390e+03
5.108152055614233689e+01 1.322869781769431029e+03
5.148693860667225408e+01 1.338021743346186668e+03
5.189396227324387922e+01 1.353277058691118327e+03
5.230259155585719810e+01 1.368635881226484344e+03
5.271282645451222493e+01 1.384098380122451545e+03
5.312466696920895970e+01 1.399664717651678757e+03
5.353811309994738821e+01 1.415335054901228204e+03
5.395316484672751756e+01 1.431109551785703388e+03
5.436982220954934775e+01 1.446988372973273272e+03
5.478808518841290010e+01 1.462971664095844062e+03
5.520795378331813907e+01 1.479059587692794139e+03
5.562942799426507889e+01 1.495252299129172343e+03
5.605250782125371956e+01 1.511549952635901491e+03
5.647719326428407527e+01 1.527952701358141212e+03
5.690348432335613182e+01 1.544460703626450822e+03
5.733138099846988212e+01 1.561074097725340152e+03
5.776088328962534035e+01 1.577793040016669465e+03
5.819199119682249943e+01 1.594617679376370461e+03
5.862470472006136646e+01 1.611548163641907195e+03
5.905902385934192722e+01 1.628584639623357361e+03
5.949494861466419593e+01 1.645727259751049132e+03
5.993247898602816548e+01 1.662976155361601968e+03
6.037161497343384298e+01 1.680331477069828679e+03
6.081235657688121421e+01 1.697793367697411668e+03
6.125470379637030049e+01 1.715361969069829684e+03
6.169865663190107341e+01 1.733037422062782070e+03
6.214421508347356848e+01 1.750819873625342552e+03
6.259137915108775019e+01 1.768709448495187416e+03
6.304014883474363984e+01 1.786706291944085251e+03
6.349052413444123033e+01 1.804810541099830971e+03
6.394250505018050035e+01 1.823022332178142960e+03
6.439609158196149963e+01 1.841341800492414450e+03
6.485128372978418554e+01 1.859769087902591991e+03
6.530808149364858650e+01 1.878304312858281946e+03
6.576648487355470252e+01 1.896947615675316456e+03
6.622649386950250516e+01 1.915699128152184358e+03
6.668810848149200865e+01 1.934558981244298366e+03
6.715132870952322719e+01 1.953527305034585197e+03
6.761615455359614657e+01 1.972604236669663351e+03
6.808258601371076679e+01 1.991789888579174203e+03
6.855062308986708786e+01 2.011084396488118045e+03
6.902026578206510976e+01 2.030487887193555025e+03
6.949151409030484672e+01 2.050000486689163154e+03
6.996436801458625609e+01 2.069622320173611570e+03
7.043882755490940895e+01 2.089353512058709384e+03
7.091489271127423422e+01 2.109194194119866552e+03
7.139256348368076033e+01 2.129144472700315873e+03
7.187183987212900149e+01 2.149204478282080800e+03
7.235272187661894350e+01 2.169374332209956265e+03
7.283520949715060055e+01 2.189654155083100250e+03
7.331930273372394424e+01 2.210044066769008623e+03
7.380500158633898877e+01 2.230544195050762482e+03
7.429230605499574835e+01 2.251154640741575804e+03
7.478121613969419457e+01 2.271875530450047336e+03
7.527173184043435583e+01 2.292706981150167849e+03
7.576385315721621794e+01 2.313649109112879614e+03
7.625758009003978088e+01 2.334702029913469232e+03
7.675291263890505888e+01 2.355865867702347259e+03
7.724985080381200930e+01 2.377140717887077699e+03
7.774839458476068899e+01 2.398526703536506830e+03
7.824854398175105530e+01 2.420023937511581153e+03
7.875029899478313666e+01 2.441632532011479725e+03
7.925365962385691887e+01 2.463352598580123868e+03
7.975862586897240192e+01 2.485184248119162021e+03
8.026519773012958581e+01 2.507127600523253932e+03
8.077337520732847054e+01 2.529182745840876578e+03
8.128315830056905611e+01 2.551349802985524093e+03
8.179454700985135673e+01 2.573628880320559801e+03
8.230754133517534399e+01 2.596020085591932457e+03
8.282214127654104630e+01 2.618523525934003374e+03
8.333834683394844944e+01 2.641139307875562281e+03
8.385615800739755343e+01 2.663867547426376404e+03
8.437557479688835826e+01 2.686708329465529914e+03
8.489659720242086394e+01 2.709661769122536498e+03
8.541922522399508466e+01 2.732727970561499205e+03
8.594345886161099202e+01 2.755907037369486261e+03
8.646929811526860021e+01 2.779199072579114727e+03
8.699674298496792346e+01 2.802604178623614644e+03
8.752579347070894755e+01 2.826122467978364966e+03
8.805644957249167248e+01 2.849754020493906864e+03
8.858871129031609826e+01 2.873498947855833194e+03
8.912257862418219645e+01 2.897357350302424948e+03
8.965805157409003812e+01 2.921329327531950184e+03
9.019513014003956641e+01 2.945414978708032322e+03
9.073381432203080976e+01 2.969614402464352224e+03
9.127410412006373974e+01 2.993927708092487137e+03
9.181599953413838477e+01 3.018354970498484818e+03
9.235950056425473065e+01 3.042896298296250279e+03
9.290460721041277736e+01 3.067551788046534512e+03
9.345131947261253913e+01 3.092321535773459800e+03
9.399963735085398753e+01 3.117205637033311177e+03
9.454956084513713677e+01 3.142204186885787749e+03
9.510108995546200106e+01 3.167317291865600509e+03
9.565422468182855198e+01 3.192545021790022020e+03
9.620896502423683216e+01 3.217887482560174703e+03
9.676531098268679898e+01 3.243344767329545448e+03
9.732326255717845243e+01 3.268916968706037096e+03
9.788281974771183513e+01 3.294604178861931814e+03
9.844398255428690447e+01 3.320406489504890942e+03
9.900675097690368887e+01 3.346323991880783524e+03
9.957112501556215989e+01 3.372356789385427874e+03
1.001371046702623460e+02 3.398504946826661126e+03
1.007046899410042187e+02 3.424768567042785889e+03
1.012738808277878348e+02 3.451147739444606032e+03
1.018446773306130950e+02 3.477642553029686951e+03
1.024170794494800987e+02 3.504253096357902905e+03
1.029910871843888032e+02 3.530979457582931900e+03
1.035667005353391943e+02 3.557821724401879692e+03
1.041439195023313147e+02 3.584779984051614065e+03
1.047227440853651075e+02 3.611854336587773105e+03
1.053031742844406153e+02 3.639044841761165117e+03
1.058852100995578098e+02 3.666351599086166061e+03
1.064688515307167336e+02 3.693774694130166608e+03
1.070540985779173297e+02 3.721314212172900170e+03
1.076409512411596410e+02 3.748970237934423039e+03
1.082294095204436815e+02 3.776742855857002269e+03
1.088194734157693944e+02 3.804632149899755404e+03
1.094111429271368223e+02 3.832638203762141984e+03
1.100044180545459511e+02 3.860761100641871053e+03
1.105992987979967808e+02 3.889000923471963688e+03
1.111957851574893112e+02 3.917357755094644745e+03
1.117938771330235426e+02 3.945831679704653197e+03
1.123935747245994889e+02 3.974767334049882720e+03
1.129948779322171362e+02 4.004016989368759369e+03
1.135977867558764842e+02 4.033392664748967491e+03
1.142023011955775189e+02 4.062894507361178512e+03
1.148084212513202687e+02 4.092522648787075923e+03
1.154161469231047192e+02 4.122277220160908655e+03
1.160254782109308707e+02 4.152158352172453306e+03
1.166364151147987371e+02 4.182166175069555720e+03
1.172489576347082902e+02 4.212300818660916775e+03
1.178631057706595584e+02 4.242562412318811766e+03
1.184788595226524706e+02 4.272951084981767963e+03
1.190962188906871404e+02 4.303466980607277037e+03
1.197151838747635111e+02 4.334110196026493213e+03
1.203357544748815968e+02 4.364880874696313185e+03
1.209579306910413550e+02 4.395779143845773433e+03
1.215817125232428282e+02 4.426805130283133622e+03
1.222070999714860307e+02 4.457958960398098498e+03
