9.000000000000000000e+01 3.045125395880048018e+03
9.983967935871743293e+01 3.572494529239401345e+03
1.096793587174348659e+02 4.120805569172161086e+03
1.195190380761522988e+02 4.687309823197740116e+03
1.293587174348697317e+02 5.282486972270809019e+03
1.391983967935871647e+02 5.901650494857478407e+03
1.490380761523045976e+02 6.539019718878217645e+03
1.588777555110220305e+02 7.193250410075625041e+03
1.687174348697394635e+02 7.863144781128338764e+03
1.785571142284568964e+02 8.547631429237606426e+03
1.883967935871743293e+02 9.245748507289901681e+03
1.982364729458917623e+02 9.956629569323942633e+03
2.080761523046091952e+02 1.067949138465506803e+04
2.179158316633266281e+02 1.141362394617464270e+04
2.277555110220440611e+02 1.215838156856617206e+04
2.375951903807615224e+02 1.291317547908127926e+04
2.474348697394789554e+02 1.367746716234559244e+04
2.572745490981964167e+02 1.445076307771541178e+04
2.671142284569137928e+02 1.523260962594487864e+04
2.769539078156312826e+02 1.602258896445844221e+04
2.867935871743486587e+02 1.682031535133507350e+04
2.966332665330660916e+02 1.762543192066871416e+04
3.064729458917835245e+02 1.843760783360769710e+04
3.163126252505010143e+02 1.925653579356838600e+04
3.261523046092183904e+02 2.008192976787840598e+04
3.359919839679358802e+02 2.091352332930285775e+04
3.458316633266532563e+02 2.175106746549464879e+04
3.556713426853707460e+02 2.259432925217451339e+04
3.655110220440881221e+02 2.344309073157348757e+04
3.753507014028056119e+02 2.429714716907863112e+04
3.851903807615230448e+02 2.515630617805194197e+04
3.950300601202404209e+02 2.602038704623303056e+04
4.048697394789579107e+02 2.688921911551613084e+04
4.147094188376753436e+02 2.776264180297077837e+04
4.245490981963927766e+02 2.864050304049129772e+04
4.343887775551102095e+02 2.952265931525015912e+04
4.442284569138275856e+02 3.040897478071052319e+04
4.540681362725450185e+02 3.129932036974342191e+04
4.639078156312625083e+02 3.219357393312231579e+04
4.737474949899799412e+02 3.309161949335313693e+04
4.835871743486973742e+02 3.399334641866241873e+04
4.934268537074148071e+02 3.489864979974770540e+04
5.032665330661321832e+02 3.580742959597716981e+04
5.131062124248496730e+02 3.671959042237812537e+04
5.229458917835670491e+02 3.763504129195039422e+04
5.327855711422845388e+02 3.855369541675286018e+04
5.426252505010020286e+02 3.947546950216527330e+04
5.524649298597194047e+02 4.040028422191472055e+04
5.623046092184367808e+02 4.132806355746821646e+04
5.721442885771542706e+02 4.225873466298792482e+04
5.819839679358717603e+02 4.319222771866364928e+04
5.918236472945891364e+02 4.412847561281781964e+04
6.016633266533065125e+02 4.506741434118621692e+04
6.115030060120240023e+02 4.600898201435097872e+04
6.213426853707414921e+02 4.695311928936547338e+04
6.311823647294588682e+02 4.789976893796138756e+04
6.410220440881762443e+02 4.884887633407191606e+04
6.508617234468937340e+02 4.980038830558849440e+04
6.607014028056112238e+02 5.075425420967293030e+04
6.705410821643285999e+02 5.171042461566362181e+04
6.803807615230460897e+02 5.266885235602768807e+04
6.902204408817634658e+02 5.362949157248767006e+04
7.000601202404808419e+02 5.459229834999468585e+04
7.098997995991983316e+02 5.555723004775635491e+04
7.197394789579158214e+02 5.652424515938997502e+04
7.295791583166331975e+02 5.734447917262750707e+04
7.394188376753506873e+02 5.811787200001200836e+04
7.492585170340680634e+02 5.889126482739650237e+04
7.590981963927855531e+02 5.966465765478100366e+04
7.689378757515030429e+02 6.043805048216550495e+04
7.787775551102204190e+02 6.121144330954999896e+04
7.886172344689377951e+02 6.198483613693450025e+04
7.984569138276551712e+02 6.275822896431899426e+04
8.082965931863726610e+02 6.353162179170350282e+04
8.181362725450900371e+02 6.430501461908798956e+04
8.279759519038075268e+02 6.507840744647249812e+04
8.378156312625250166e+02 6.585180027385699213e+04
8.476553106212423927e+02 6.662519310124148615e+04
8.574949899799598825e+02 6.739858592862599471e+04
8.673346693386772586e+02 6.817197875601050328e+04
8.771743486973947483e+02 6.894537158339499729e+04
8.870140280561122381e+02 6.971876441077950585e+04
8.968537074148296142e+02 7.049215723816399986e+04
9.066933867735471040e+02 7.126555006554850843e+04
9.165330661322643664e+02 7.203894289293298789e+04
9.263727454909818562e+02 7.281233572031749645e+04
9.362124248496993459e+02 7.358572854770200502e+04
9.460521042084167220e+02 7.435912137508649903e+04
9.558917835671342118e+02 7.513251420247099304e+04
9.657314629258515879e+02 7.590590702985548705e+04
9.755711422845690777e+02 7.667929985723999562e+04
9.854108216432865675e+02 7.745269268462450418e+04
9.952505010020039435e+02 7.822608551200899819e+04
1.005090180360721433e+03 7.899947833939350676e+04
1.014929859719438809e+03 7.977287116677800077e+04
1.024769539078156413e+03 8.054626399416250933e+04
1.034609218436873562e+03 8.131965682154698879e+04
1.044448897795591165e+03 8.209304964893149736e+04
1.054288577154308541e+03 8.286644247631600592e+04
1.064128256513025917e+03 8.363983530370049994e+04
1.073967935871743521e+03 8.441322813108500850e+04
1.083807615230460669e+03 8.518662095846947341e+04
1.093647294589178273e+03 8.596001378585399652e+04
1.103486973947895876e+03 8.673340661323850509e+04
1.113326653306613025e+03 8.750679944062298455e+04
1.123166332665330629e+03 8.828019226800750766e+04
1.133006012024048005e+03 8.905358509539200168e+04
1.142845691382765381e+03 8.982697792277649569e+04
1.152685370741482984e+03 9.060037075016100425e+04
1.162525050100200133e+03 9.137376357754548371e+04
1.172364729458917736e+03 9.214715640492999228e+04
1.182204408817635112e+03 9.292054923231448629e+04
1.192044088176352489e+03 9.369394205969898030e+04
1.201883767535070092e+03 9.446733488708350342e+04
1.211723446893787468e+03 9.524072771446799743e+04
1.221563126252504844e+03 9.601412054185249144e+04
1.231402805611222448e+03 9.678751336923700001e+04
1.241242484969939824e+03 9.756090619662149402e+04
1.251082164328657200e+03 9.833429902400600258e+04
1.260921843687374803e+03 9.910769185139051115e+04
1.270761523046092179e+03 9.988108467877500516e+04
1.280601202404809555e+03 1.006544775061594992e+05
1.290440881763526932e+03 1.014278703335439932e+05
1.300280561122244308e+03 1.022012631609284872e+05
1.310120240480961684e+03 1.029746559883129812e+05
1.319959919839679287e+03 1.037480488156974898e+05
1.329799599198396663e+03 1.045214416430819838e+05
1.339639278557114039e+03 1.052948344704664923e+05
1.349478957915831643e+03 1.060682272978510009e+05
1.359318637274549019e+03 1.068416201252354949e+05
1.369158316633266395e+03 1.076150129526199889e+05
1.378997995991983998e+03 1.083884057800045121e+05
1.388837675350701375e+03 1.091617986073889915e+05
1.398677354709418751e+03 1.099351914347735001e+05
1.408517034068136127e+03 1.107085842621579941e+05
1.418356713426853730e+03 1.114819770895425027e+05
1.428196392785571106e+03 1.122553699169270112e+05
