9.000000000000000000e+01 3.479244390103700880e+03
9.983967935871743293e+01 4.050777877732000888e+03
1.096793587174348659e+02 4.645691225514518010e+03
1.195190380761522988e+02 5.262393151476187086e+03
1.293587174348697317e+02 5.899522089145085374e+03
1.391983967935871647e+02 6.555898184144915831e+03
1.490380761523045976e+02 7.230487960965437196e+03
1.588777555110220305e+02 7.922377859297939722e+03
1.687174348697394635e+02 8.630753663885730930e+03
1.785571142284568964e+02 9.354884620359223845e+03
