1.000000000000000056e-01 1.613965441536327816e+01
3.402805611222444737e-01 5.492010660778926479e+01
5.805611222444889696e-01 9.370055880021526207e+01
8.208416833667334656e-01 1.324810109926412451e+02
1.061122244488978072e+00 1.712614631850672708e+02
1.301402805611222568e+00 1.958782567660965412e+02
1.541683366733467064e+00 1.982299736308357865e+02
1.781963927855711560e+00 2.000100486771452211e+02
2.022244488977956056e+00 2.013790362856299794e+02
2.262525050100200552e+00 2.026191901390040755e+02
2.502805611222445048e+00 2.037646550452957968e+02
2.743086172344689544e+00 2.048390063244041812e+02
2.983366733466934040e+00 2.058589570065331884e+02
3.223647294589178536e+00 2.068366102613591408e+02
3.463927855711423032e+00 2.077808897246264621e+02
3.704208416833667528e+00 2.086390965517380778e+02
3.944488977955912024e+00 2.093181051334649396e+02
4.184769539078155631e+00 2.100204517776477076e+02
4.425050100200400571e+00 2.107423424566435983e+02
4.665330661322645511e+00 2.114805631797555918e+02
4.905611222444889563e+00 2.122323864244781362e+02
5.145891783567133615e+00 2.129954916992009260e+02
5.386172344689378555e+00 2.137679025550558549e+02
5.626452905811623495e+00 2.145479314916347562e+02
5.866733466933867547e+00 2.153341335274563448e+02
6.107014028056111599e+00 2.161252713740544493e+02
6.347294589178356539e+00 2.168636406102817489e+02
6.587575150300601479e+00 2.176108381552986089e+02
6.827855711422845530e+00 2.183683658879524785e+02
7.068136272545089582e+00 2.191343968193083072e+02
7.308416833667334522e+00 2.199073800750207965e+02
7.548697394789579462e+00 2.206859943188567570e+02
7.788977955911823514e+00 2.214691095744256017e+02
8.029258517034067566e+00 2.222557590064007513e+02
8.269539078156311618e+00 2.230451126353549967e+02
8.509819639278557446e+00 2.238364574225346360e+02
8.750100200400801498e+00 2.246291784522528587e+02
8.990380761523045550e+00 2.254227468893356559e+02
9.230661322645291378e+00 2.262167068208224521e+02
9.470941883767535430e+00 2.270106640197535626e+02
9.711222444889779482e+00 2.277980619956007899e+02
9.951503006012023533e+00 2.285807044449112766e+02
1.019178356713426759e+01 2.293634431901739390e+02
1.043206412825651341e+01 2.301459566136485080e+02
1.067234468937875747e+01 2.309279667815013113e+02
1.091262525050100152e+01 2.317092326411779766e+02
1.115290581162324735e+01 2.324895460031594041e+02
1.139318637274549140e+01 2.332687260483090768e+02
1.163346693386773545e+01 2.340466178732455091e+02
1.187374749498997950e+01 2.348230881183364716e+02
1.211402805611222355e+01 2.355980229951235572e+02
1.235430861723446938e+01 2.363713245982858950e+02
1.259458917835671343e+01 2.371429108875347254e+02
1.283486973947895748e+01 2.379127126394243419e+02
1.307515030060120331e+01 2.386806722140468366e+02
1.331543086172344736e+01 2.394467425803535150e+02
1.355571142284569142e+01 2.402108846487728897e+02
1.379599198396793547e+01 2.409730683658468138e+02
1.403627254509017952e+01 2.417332704008667008e+02
1.427655310621242535e+01 2.424914740110732794e+02
1.451683366733466940e+01 2.432476669735403050e+02
1.475711422845691345e+01 2.440018429054283615e+02
1.499739478957915928e+01 2.447531949465615071e+02
1.523767535070140333e+01 2.454987634872205149e+02
1.547795591182364738e+01 2.462423776780478022e+02
1.571823647294589144e+01 2.469840385616615777e+02
1.595851703406813549e+01 2.477237505908887272e+02
1.619879759519038132e+01 2.484615198820750379e+02
1.643907815631262537e+01 2.491973559527733642e+02
1.667935871743487297e+01 2.499312701062963527e+02
1.691963927855711702e+01 2.506632755077795309e+02
1.715991983967936108e+01 2.513933869595030615e+02
1.740020040080160513e+01 2.521216210471778254e+02
1.764048096192384918e+01 2.528479945914570521e+02
1.788076152304609323e+01 2.535725265006205689e+02
1.812104208416833728e+01 2.542952363051292082e+02
1.836132264529058489e+01 2.550161443505256216e+02
1.860160320641282894e+01 2.557352716796536924e+02
1.884188376753507299e+01 2.564526399272724007e+02
1.908216432865731704e+01 2.571682712238567774e+02
1.932244488977956109e+01 2.578821884357465137e+02
1.956272545090180515e+01 2.585944137974476007e+02
1.980300601202404920e+01 2.593049707643341435e+02
2.004328657314629325e+01 2.600138826806282282e+02
2.028356713426853730e+01 2.607211730384692601e+02
2.052384769539078491e+01 2.614268654281462432e+02
2.076412825651302896e+01 2.621309834935090635e+02
2.100440881763527301e+01 2.628335505934493312e+02
2.124468937875751706e+01 2.635345909880558111e+02
2.148496993987976111e+01 2.642341279413398070e+02
2.172525050100200517e+01 2.649321846543347192e+02
2.196553106212424922e+01 2.656287852019161164e+02
2.220581162324649682e+01 2.663239520413697505e+02
2.244609218436874087e+01 2.670177103031688262e+02
2.268637274549098493e+01 2.677100797502922092e+02
2.292665330661322898e+01 2.684010846917774415e+02
2.316693386773547303e+01 2.690907477680457873e+02
2.340721442885771708e+01 2.697790911660324014e+02
2.364749498997996113e+01 2.704661373441455794e+02
2.388777555110220518e+01 2.711519076048282955e+02
2.412805611222444924e+01 2.718364239539906180e+02
2.436833667334669684e+01 2.725132497033158643e+02
2.460861723446894089e+01 2.731798630987109391e+02
2.484889779559118494e+01 2.738451049219476090e+02
2.508917835671342900e+01 2.745089962115985145e+02
2.532945891783567305e+01 2.751715586119423733e+02
2.556973947895791710e+01 2.758328126192245122e+02
2.581002004008016115e+01 2.764927783621765798e+02
2.605030060120240876e+01 2.771514766247148600e+02
2.629058116232465281e+01 2.778089266907381898e+02
2.653086172344689686e+01 2.784651486874254260e+02
2.677114228456914091e+01 2.791201616393206564e+02
2.701142284569138496e+01 2.797739842399647046e+02
2.725170340681362902e+01 2.804266357536527607e+02
2.749198396793587307e+01 2.810781343400751098e+02
2.773226452905811712e+01 2.817284978450426820e+02
2.797254509018036117e+01 2.823777446857483255e+02
2.821282565130260878e+01 2.830258921897666937e+02
2.845310621242485283e+01 2.836729573869804995e+02
2.869338677354709688e+01 2.843189578689971313e+02
2.893366733466934093e+01 2.849639101654233855e+02
2.917394789579158498e+01 2.856078308016447522e+02
2.941422845691382904e+01 2.862507357358675790e+02
2.965450901803607309e+01 2.868926415683376376e+02
2.989478957915832069e+01 2.875335637861483065e+02
3.013507014028056474e+01 2.881735176124688564e+02
3.037535070140280880e+01 2.888125188836024222e+02
3.061563126252505285e+01 2.894505823708258845e+02
3.085591182364729690e+01 2.900877225952066851e+02
3.109619238476954095e+01 2.907239546611719447e+02
3.133647294589178500e+01 2.913592926578004381e+02
3.157675350701402905e+01 2.919937507040896207e+02
3.181703406813627311e+01 2.926273424042369697e+02
3.205731462925852071e+01 2.932600819980622759e+02
3.229759519038076121e+01 2.938919826864728293e+02
3.253787575150300881e+01 2.945230574498548890e+02
3.277815631262524931e+01 2.951533198661217057e+02
3.301843687374749692e+01 2.957827825310112644e+02
3.325871743486974452e+01 2.964114580923672406e+02
3.349899799599198502e+01 2.970393587158583841e+02
3.373927855711423263e+01 2.976664972040658768e+02
3.397955911823647313e+01 2.982928853645439631e+02
3.421983967935872073e+01 2.989185348109361939e+02
3.446012024048096123e+01 2.995434577520705943e+02
3.470040080160320883e+01 3.001676654606094985e+02
3.494068136272545644e+01 3.007911692766755891e+02
3.518096192384769694e+01 3.014139800923732082e+02
3.542124248496994454e+01 3.020361094250503129e+02
3.566152304609218504e+01 3.026575678498286379e+02
3.590180360721443265e+01 3.032783660272106658e+02
3.614208416833667314e+01 3.038985141767134337e+02
3.638236472945892075e+01 3.045180231687495507e+02
3.662264529058116835e+01 3.051369029282975589e+02
3.686292585170340885e+01 3.057551632220743159e+02
3.710320641282565646e+01 3.063728144217559475e+02
3.734348697394789696e+01 3.069898660137409934e+02
3.758376753507014456e+01 3.076063275768009930e+02
3.782404809619238506e+01 3.082222082831239618e+02
3.806432865731463266e+01 3.088375179291217023e+02
3.830460921843687316e+01 3.094522654265005031e+02
3.854488977955912077e+01 3.100664597924085228e+02
3.878517034068136837e+01 3.106801096449898409e+02
3.902545090180360887e+01 3.112932242426710445e+02
3.926573146292585648e+01 3.119058119615432929e+02
3.950601202404809698e+01 3.125178812946812741e+02
3.974629258517034458e+01 3.131294403438843119e+02
3.998657314629258508e+01 3.137404978642741753e+02
4.022685370741483268e+01 3.143510617326520560e+02
4.046713426853707318e+01 3.149611397056875717e+02
4.070741482965932079e+01 3.155707401455952095e+02
4.094769539078156839e+01 3.161798705947020380e+02
4.118797595190380889e+01 3.167885387114824880e+02
4.142825651302605650e+01 3.173967517955470043e+02
4.166853707414829699e+01 3.180045177613408214e+02
4.190881763527054460e+01 3.186118437091288342e+02
4.214909819639278510e+01 3.192187368633820483e+02
4.238937875751503270e+01 3.198252040971633505e+02
4.262965931863728031e+01 3.204312529057353345e+02
4.286993987975952081e+01 3.210368899766060053e+02
4.311022044088176841e+01 3.216421221288574657e+02
4.335050100200400891e+01 3.222469558374348253e+02
4.359078156312625651e+01 3.228419556360518641e+02
4.383106212424849701e+01 3.234326714431120422e+02
4.407134268537074462e+01 3.240229138610888526e+02
4.431162324649299222e+01 3.246126894051774343e+02
4.455190380761523272e+01 3.252020045069642151e+02
4.479218436873748033e+01 3.257908655088078831e+02
4.503246492985972083e+01 3.263792784265752971e+02
4.527274549098196843e+01 3.269672498936355964e+02
4.551302605210420893e+01 3.275547857672532359e+02
4.575330661322645653e+01 3.281418920460550339e+02
4.599358717434869703e+01 3.287285746479502109e+02
4.623386773547094464e+01 3.293148391683151885e+02
4.647414829659319224e+01 3.299006918292641330e+02
4.671442885771543274e+01 3.304861380820946124e+02
4.695470941883768035e+01 3.310711835283627238e+02
4.719498997995992084e+01 3.316558336926698303e+02
4.743527054108216845e+01 3.322400937831411625e+02
4.767555110220440895e+01 3.328239696472146534e+02
4.791583166332665655e+01 3.334074663614393330e+02
4.815611222444889705e+01 3.339905891602390398e+02
4.839639278557114466e+01 3.345733429776047956e+02
4.863667334669339226e+01 3.351557333570770538e+02
4.887695390781563276e+01 3.357377651091898088e+02
4.911723446893788037e+01 3.363194431959636859e+02
4.935751503006012086e+01 3.369007725141188416e+02
4.959779559118236847e+01 3.374817576632408418e+02
4.983807615230460897e+01 3.380624038650025796e+02
5.007835671342685657e+01 3.386427156064023620e+02
5.031863727454910418e+01 3.392226975334006056e+02
5.055891783567134468e+01 3.398023542313458734e+02
5.079919839679359228e+01 3.403816899920227002e+02
5.103947895791583278e+01 3.409607097393774779e+02
5.127975951903808038e+01 3.415394176620067697e+02
5.152004008016032088e+01 3.421178181140112997e+02
5.176032064128256849e+01 3.426959151705218005e+02
5.200060120240481609e+01 3.432737135097464147e+02
5.224088176352705659e+01 3.438512171099439456e+02
5.248116232464930420e+01 3.444284301079757711e+02
5.272144288577154470e+01 3.450053565885076523e+02
5.296172344689379230e+01 3.455820003610558615e+02
5.320200400801603280e+01 3.461583658441525131e+02
5.344228456913828040e+01 3.467344567581170622e+02
5.368256513026052090e+01 3.473102769867936104e+02
5.392284569138276851e+01 3.478858303657527813e+02
5.416312625250501611e+01 3.484611204586319104e+02
5.440340681362725661e+01 3.490361514437263395e+02
5.464368737474950422e+01 3.496109268030029966e+02
5.488396793587174471e+01 3.501854501862001712e+02
5.512424849699399232e+01 3.507597249852902337e+02
5.536452905811623282e+01 3.513337551765276316e+02
5.560480961923848042e+01 3.519075440749749077e+02
5.584509018036072092e+01 3.524810951556028158e+02
5.608537074148296853e+01 3.530544118513325884e+02
5.632565130260521613e+01 3.536274973413620160e+02
5.656593186372745663e+01 3.542003553905393574e+02
5.680621242484970423e+01 3.547729891072325472e+02
5.704649298597194473e+01 3.553454017622721608e+02
5.728677354709419234e+01 3.559175965875847965e+02
5.752705410821643284e+01 3.564895765655613218e+02
5.776733466933868044e+01 3.570613452638510807e+02
5.800761523046092805e+01 3.576329055995788053e+02
5.824789579158316855e+01 3.582042606543812440e+02
5.848817635270541615e+01 3.587754134737079994e+02
5.872845691382765665e+01 3.593463668580250214e+02
5.896873747494990425e+01 3.599171241907275203e+02
5.920901803607214475e+01 3.604876882120368009e+02
5.944929859719439236e+01 3.610580618278505654e+02
5.968957915831663996e+01 3.616282479104535810e+02
5.992985971943888046e+01 3.621982490921107001e+02
6.017014028056112807e+01 3.627680685835904910e+02
6.041042084168336856e+01 3.633377089614815532e+02
6.065070140280561617e+01 3.639071729683907961e+02
6.089098196392785667e+01 3.644764633156666491e+02
6.113126252505010427e+01 3.650455824801223912e+02
6.137154308617234477e+01 3.656145335105232448e+02
6.161182364729459238e+01 3.661833188319819783e+02
6.185210420841683998e+01 3.667519410352588238e+02
6.209238476953908048e+01 3.673204026820324088e+02
6.233266533066132808e+01 3.678887061048718579e+02
6.257294589178356858e+01 3.684532553273083408e+02
6.281322645290581619e+01 3.690043849335667687e+02
6.305350701402805669e+01 3.695552827349585527e+02
6.329378757515030429e+01 3.701059512428330436e+02
6.353406813627254479e+01 3.706563929916321172e+02
6.377434869739479240e+01 3.712066104947225540e+02
6.401462925851703289e+01 3.717566062396767848e+02
6.425490981963928050e+01 3.723063826885019125e+02
6.449519038076151389e+01 3.728559422788494544e+02
6.473547094188376150e+01 3.734052872149287055e+02
6.497575150300600910e+01 3.739544202928517507e+02
6.521603206412825671e+01 3.745033436733711483e+02
6.545631262525049010e+01 3.750520596960236048e+02
6.569659318637273770e+01 3.756005706745023645e+02
6.593687374749498531e+01 3.761488789003600459e+02
6.617715430861723291e+01 3.766969866424260545e+02
6.641743486973948052e+01 3.772448961448259297e+02
6.665771543086171391e+01 3.777926094213695478e+02
6.689799599198396152e+01 3.783401290837796296e+02
6.713827655310620912e+01 3.788874571081739759e+02
6.737855711422845673e+01 3.794345956508244626e+02
6.761883767535070433e+01 3.799815468470898736e+02
6.785911823647293772e+01 3.805283128112417899e+02
6.809939879759518533e+01 3.810748956374241629e+02
6.833967935871743293e+01 3.816212971932802702e+02
6.857995991983968054e+01 3.821675199348205751e+02
6.882024048096191393e+01 3.827135656962214512e+02
6.906052104208416154e+01 3.832594364905864950e+02
6.930080160320640914e+01 3.838051343117028864e+02
6.954108216432865675e+01 3.843506611345313786e+02
6.978136272545090435e+01 3.848960189141832302e+02
7.002164328657313774e+01 3.854412093872111313e+02
7.026192384769538535e+01 3.859862348669888092e+02
7.050220440881763295e+01 3.865310970593566253e+02
7.074248496993988056e+01 3.870757978467681824e+02
7.098276553106211395e+01 3.876203390942289388e+02
7.122304609218436156e+01 3.881647226491111269e+02
7.146332665330660916e+01 3.887089503412333329e+02
7.170360721442885676e+01 3.892530237889267823e+02
7.194388777555110437e+01 3.897969451725282966e+02
7.218416833667333776e+01 3.903407160824459083e+02
7.242444889779558537e+01 3.908843382820996908e+02
7.266472945891783297e+01 3.914278135187839780e+02
7.290501002004008058e+01 3.919711435242909943e+02
7.314529058116232818e+01 3.925143300139723692e+02
7.338557114228456157e+01 3.930573746879357486e+02
7.362585170340680918e+01 3.936002790383847127e+02
7.386613226452905678e+01 3.941430451153864851e+02
7.410641282565130439e+01 3.946856743860824963e+02
7.434669338677353778e+01 3.952281684906029682e+02
7.458697394789578539e+01 3.957705290545493426e+02
7.482725450901803299e+01 3.963127576894565323e+02
7.506753507014028060e+01 3.968548559923467565e+02
7.530781563126252820e+01 3.973968255461743411e+02
7.554809619238476159e+01 3.979386677323972776e+02
7.578837675350700920e+01 3.984803844780423674e+02
7.602865731462925680e+01 3.990219771418857135e+02
7.626893787575150441e+01 3.995634472529079062e+02
7.650921843687373780e+01 4.001047963269735988e+02
7.674949899799598541e+01 4.006460258670669532e+02
7.698977955911823301e+01 4.011871373636818134e+02
7.723006012024048061e+01 4.017281322939699635e+02
7.747034068136272822e+01 4.022690121230069167e+02
7.771062124248496161e+01 4.028097781197041627e+02
7.795090180360720922e+01 4.033504320886754613e+02
7.819118236472945682e+01 4.038909752784250031e+02
7.843146292585170443e+01 4.044314091057368046e+02
7.867174348697393782e+01 4.049717349756973022e+02
7.891202404809618542e+01 4.055119542822008043e+02
7.915230460921843303e+01 4.060520684071511823e+02
7.939258517034068063e+01 4.065920787213204903e+02
7.963286573146292824e+01 4.071319865844531023e+02
7.987314629258516163e+01 4.076717933452638931e+02
8.011342685370740924e+01 4.082115003416384980e+02
8.035370741482965684e+01 4.087511087201754094e+02
8.059398797595190445e+01 4.092906201560973614e+02
8.083426853707413784e+01 4.098300357776720375e+02
8.107454909819638544e+01 4.103693568807376550e+02
8.131482965931863305e+01 4.109085847509355176e+02
8.155511022044088065e+01 4.114477206638348434e+02
8.179539078156312826e+01 4.119867658850581620e+02
8.203567134268536165e+01 4.125257216703991503e+02
8.227595190380760926e+01 4.130645892659497349e+02
8.251623246492985686e+01 4.136033699082115049e+02
8.275651302605210446e+01 4.141420648242124116e+02
8.299679358717435207e+01 4.146806752316284701e+02
8.323707414829658546e+01 4.152192023388969346e+02
8.347735470941883307e+01 4.157576473453200947e+02
8.371763527054108067e+01 4.162960114411811787e+02
8.395791583166332828e+01 4.168342958078565061e+02
8.419819639278556167e+01 4.173725016179212730e+02
8.443847695390780927e+01 4.179106300352543713e+02
8.467875751503005688e+01 4.184486822151399110e+02
8.491903807615230448e+01 4.189866593043768148e+02
8.515931863727455209e+01 4.195245624413836367e+02
8.539959919839678548e+01 4.200623927562849076e+02
8.563987975951903309e+01 4.206001513710268114e+02
8.588016032064128069e+01 4.211378393994660883e+02
8.612044088176352830e+01 4.216754579474650200e+02
8.636072144288576169e+01 4.222130081129952259e+02
8.660100200400800929e+01 4.227504909862256568e+02
8.684128256513025690e+01 4.232879076496164430e+02
8.708156312625250450e+01 4.238252591780083662e+02
8.732184368737475211e+01 4.243625466387229608e+02
8.756212424849698550e+01 4.248997710916355004e+02
8.780240480961923311e+01 4.254369335892786239e+02
8.804268537074148071e+01 4.259740351769220865e+02
8.828296593186372831e+01 4.265110770573397190e+02
8.852324649298597592e+01 4.270480599254109961e+02
8.876352705410820931e+01 4.275849849759573544e+02
8.900380761523045692e+01 4.281218532260153324e+02
8.924408817635270452e+01 4.286586658489187016e+02
8.948436873747495213e+01 4.291954235103660835e+02
8.972464929859718552e+01 4.297321273808246360e+02
8.996492985971943313e+01 4.302687786038762852e+02
9.020521042084168073e+01 4.308053780044930932e+02
9.044549098196392833e+01 4.313419263754799999e+02
9.068577154308617594e+01 4.318784250190765306e+02
9.092605210420840933e+01 4.324148747170204388e+02
9.116633266533065694e+01 4.329512765484788588e+02
9.140661322645290454e+01 4.334876313651854502e+02
9.164689378757515215e+01 4.340239401796059724e+02
9.188717434869738554e+01 4.345602021391924268e+02
9.212745490981963314e+01 4.350964215682465124e+02
9.236773547094188075e+01 4.356325979142965821e+02
9.260801603206412835e+01 4.361687317311583456e+02
9.284829659318637596e+01 4.367048243777388166e+02
9.308857715430860935e+01 4.372408764077597993e+02
9.332885771543085696e+01 4.377768888800102900e+02
9.356913827655310456e+01 4.383128626874938050e+02
9.380941883767535217e+01 4.388487987193448703e+02
9.404969939879758556e+01 4.393846977034232850e+02
9.428997995991983316e+01 4.399205608444148083e+02
9.453026052104208077e+01 4.404563888520078194e+02
9.477054108216432837e+01 4.409921824451636780e+02
9.501082164328657598e+01 4.415279428085054292e+02
9.525110220440880937e+01 4.420636704839513413e+02
