9.463952755209817269e+00 6.697670375880824167e+01
9.638162095734552182e+00 6.891023090687579611e+01
9.813977052300991488e+00 7.088638386921434176e+01
9.991397624909135189e+00 7.290580685591959309e+01
1.017042381355897973e+01 7.496914788232125204e+01
1.035105561825052689e+01 7.707705966999293423e+01
1.053329303898377667e+01 7.923019940657238180e+01
1.071713607575873084e+01 8.142922873370557113e+01
1.090258472857538585e+01 8.361267836805009779e+01
1.108963899743374348e+01 8.579927120296848386e+01
1.127829888233380373e+01 8.802947819942282592e+01
1.146856438327556660e+01 9.030389953516342416e+01
1.166043550025903386e+01 9.262313919733270495e+01
1.185391223328420196e+01 9.498780496196803824e+01
1.204899458235107090e+01 9.739850837571572129e+01
1.224568254745964602e+01 9.985586473816641728e+01
1.244397612860992197e+01 1.023604930848569836e+02
1.264387532580190054e+01 1.049130161705978139e+02
1.284538013903558351e+01 1.075140604533341531e+02
1.304849056831096910e+01 1.101642557300330196e+02
1.325320661362805552e+01 1.128642365084798485e+02
1.345952827498684634e+01 1.156146399224248711e+02
1.366745555238733623e+01 1.184161070907701969e+02
1.387698844582953406e+01 1.212692827622274336e+02
1.408812695531342918e+01 1.241748153021970040e+02
1.430087108083903225e+01 1.271333566803235442e+02
1.451522082240633438e+01 1.301455624581910797e+02
1.473117618001534090e+01 1.332120917781350329e+02
1.494873715366604827e+01 1.363336073520162017e+02
1.516790374335846003e+01 1.395107749835373454e+02
1.538867594909257441e+01 1.427442654204683379e+02
1.561105377086839141e+01 1.460347515643962879e+02
1.583503720868590925e+01 1.493829103080154539e+02
1.606062626254512438e+01 1.527894220677380872e+02
1.628782093244604923e+01 1.562549707762899800e+02
1.651662121838867847e+01 1.596999008830445632e+02
1.674702712037300500e+01 1.631786771357613475e+02
1.697903863839903948e+01 1.667147931830402854e+02
1.721265577246677481e+01 1.703088737916306172e+02
1.744787852257621452e+01 1.739615454797086613e+02
1.768470688872735508e+01 1.776734387300719789e+02
1.792314087092019292e+01 1.814451846063917344e+02
1.816318046915473872e+01 1.852774169519462077e+02
1.840482568343098890e+01 1.891707718049788127e+02
1.864807651374893993e+01 1.931258873695030047e+02
1.889293296010859180e+01 1.971434039863235057e+02
1.913939502250994806e+01 2.012239641043043719e+02
1.938746270095300517e+01 2.053682122519020368e+02
1.963713599543776667e+01 2.095767943070253807e+02
1.988841490596423256e+01 2.138503602688687124e+02
2.014129943253239929e+01 2.181895600423075052e+02
2.039578957514226687e+01 2.225950461945295160e+02
2.065188533379383884e+01 2.270674732338577257e+02
2.090958670848711520e+01 2.316074975829330924e+02
2.116889369922209241e+01 2.362157775521392864e+02
2.142980630599877401e+01 2.408929733134049798e+02
2.169232452881715290e+01 2.456397460216875004e+02
2.195644836767723973e+01 2.504567611915087753e+02
2.222217782257902741e+01 2.553446835806601314e+02
2.248951289352251237e+01 2.603041805510649169e+02
2.275845358050770528e+01 2.653359211997961893e+02
2.302899988353459904e+01 2.704405763347448897e+02
2.330115180260319718e+01 2.756188184507795995e+02
2.357490933771349972e+01 2.808713217061206251e+02
2.385027248886550311e+01 2.861987608761335764e+02
2.412724125605921088e+01 2.916018154145438075e+02
2.440581563929461595e+01 2.970163201293526640e+02
2.468599563857172896e+01 3.023687554620265132e+02
2.496778125389054281e+01 3.077939660348630468e+02
2.525117248525105751e+01 3.132926027501237627e+02
2.553616933265327660e+01 3.188653186647918005e+02
2.582277179609720363e+01 3.245127689320915465e+02
2.611097987558283151e+01 3.302356107831199665e+02
2.640079357111015668e+01 3.360345035137644345e+02
2.669221288267918624e+01 3.419101084710289342e+02
2.698523781028991309e+01 3.478630890415000181e+02
2.727986835394235143e+01 3.538941106389614788e+02
2.757610451363649062e+01 3.600038406927738492e+02
2.787394628937233065e+01 3.661929486364664399e+02
2.817339368114987508e+01 3.724621046490192953e+02
2.847444668896912390e+01 3.788119846228747747e+02
2.877710531283007001e+01 3.852432627022304814e+02
2.908136955273272051e+01 3.917566162288506462e+02
2.938723940867707540e+01 3.983527244949430042e+02
2.969471488066312048e+01 4.050322687340596417e+02
3.000379596869088061e+01 4.117959321113625606e+02
3.031448267276034159e+01 4.186443997140362399e+02
3.062677499287151051e+01 4.255783585424452440e+02
3.094067292902437316e+01 4.325984975014368956e+02
3.125617648121894376e+01 4.397055058650799424e+02
3.157328564945521876e+01 4.469000793614706595e+02
3.189200043373319460e+01 4.541829110437100780e+02
3.221232083405287483e+01 4.615546973509988788e+02
3.253424685041424880e+01 4.690161365867808740e+02
3.285777848281733782e+01 4.765679289107096679e+02
3.318291573126212057e+01 4.842107763331695196e+02
3.350965859574860417e+01 4.919453827078758081e+02
3.383800707627680282e+01 4.997724537248511751e+02
3.416796117284669521e+01 5.076926969053578773e+02
3.449952088545828843e+01 5.156311370572915393e+02
3.483268621411158961e+01 5.235620328375742929e+02
3.516745715880659162e+01 5.315828959424478626e+02
3.550383371954329448e+01 5.396943330100706362e+02
3.584181589632169818e+01 5.478969504840330274e+02
3.618140368914180982e+01 5.561913527257491978e+02
3.652259709800362231e+01 5.645781496400788910e+02
3.686539612290713563e+01 5.730579451693873807e+02
3.720980076385235691e+01 5.816313449137802536e+02
3.755581102083927192e+01 5.902989541879851458e+02
3.790342689386790198e+01 5.990613779895635389e+02
3.825264838293821157e+01 6.079192209678609515e+02
3.860347548805024331e+01 6.168730852558660445e+02
3.895590820920396880e+01 6.259235789927994347e+02
3.930994654639940222e+01 6.350713034596838042e+02
3.966559049963654360e+01 6.443168616070627195e+02
4.002284006891537871e+01 6.536608558858965807e+02
4.038169525423592177e+01 6.631038882148060338e+02
4.074215605559816566e+01 6.726465575705663014e+02
4.110422247300211041e+01 6.822894694940157478e+02
4.146789450644775599e+01 6.920332217489524282e+02
4.183317215593510952e+01 7.018784138360399538e+02
4.220005542146416389e+01 7.118256445814151903e+02
4.256854430303492620e+01 7.218755121029568045e+02
4.293863880064738225e+01 7.320286137849783472e+02
4.331033891430154625e+01 7.422855436097192978e+02
4.368364464399741109e+01 7.526469026923198271e+02
4.405855598973497678e+01 7.631132833983746195e+02
4.443507295151425041e+01 7.736852798922644752e+02
4.481319552933521777e+01 7.843634854633027089e+02
4.519292372319789308e+01 7.951484925016363832e+02
4.557425753310226924e+01 8.060408895546287340e+02
4.595719695904835334e+01 8.170412729657205091e+02
4.634174200103613828e+01 8.281502293357367535e+02
4.672789265906562406e+01 8.393683471818126236e+02
4.711564893313681068e+01 8.506962139870769306e+02
4.750501082324970525e+01 8.621344161746990267e+02
4.789597832940428646e+01 8.736835358835456873e+02
4.828855145160058981e+01 8.853441637598535863e+02
4.868273018983858691e+01 8.971168796816364193e+02
4.907851454411828485e+01 9.090022655823077002e+02
4.947590451443969073e+01 9.210009022126351965e+02
4.987490010080279745e+01 9.330976822527248942e+02
5.027550130320760502e+01 9.452821603163623649e+02
5.067770812165412053e+01 9.575789937673260965e+02
5.108152055614233689e+01 9.699886717901580369e+02
5.148693860667225408e+01 9.825116913448518972e+02
5.189396227324387922e+01 9.951485354655376341e+02
5.230259155585719810e+01 1.007899687846154961e+03
5.271282645451222493e+01 1.020765625277870299e+03
5.312466696920895970e+01 1.033746833131267522e+03
5.353811309994738821e+01 1.046843781962577623e+03
5.395316484672751756e+01 1.060056943103590811e+03
5.436982220954934775e+01 1.073386784706187882e+03
5.478808518841290010e+01 1.086833767615391707e+03
5.520795378331813907e+01 1.100398361757957218e+03
5.562942799426507889e+01 1.114081021385866507e+03
5.605250782125371956e+01 1.127882201585912526e+03
5.647719326428407527e+01 1.141802354089235905e+03
5.690348432335613182e+01 1.155841922928469330e+03
5.733138099846988212e+01 1.170001361732646728e+03
5.776088328962534035e+01 1.184281107605095258e+03
5.819199119682249943e+01 1.198681598549003184e+03
5.862470472006136646e+01 1.213203264450970664e+03
5.905902385934192722e+01 1.227846545548884933e+03
5.949494861466419593e+01 1.242611864547717687e+03
5.993247898602816548e+01 1.257499645227792826e+03
6.037161497343384298e+01 1.272510302836945357e+03
6.081235657688121421e+01 1.287644263768424025e+03
6.125470379637030049e+01 1.302901935846419292e+03
6.169865663190107341e+01 1.318283728176166733e+03
6.214421508347356848e+01 1.333790046124663832e+03
6.259137915108775019e+01 1.349421286172473174e+03
6.304014883474363984e+01 1.365177856469826793e+03
6.349052413444123033e+01 1.381060145809920868e+03
6.394250505018050035e+01 1.397068544360141459e+03
6.439609158196149963e+01 1.413203433007096692e+03
6.485128372978418554e+01 1.429465205120108749e+03
6.530808149364858650e+01 1.445854233700883242e+03
6.576648487355470252e+01 1.462370893345468630e+03
6.622649386950250516e+01 1.479015548982698419e+03
6.668810848149200865e+01 1.495788578851589364e+03
6.715132870952322719e+01 1.512690339818248503e+03
6.761615455359614657e+01 1.529721190576170102e+03
6.808258601371076679e+01 1.546881479772572902e+03
6.855062308986708786e+01 1.564171570206314755e+03
6.902026578206510976e+01 1.581591802305979400e+03
6.949151409030484672e+01 1.599142518571505661e+03
6.996436801458625609e+01 1.616824051092626405e+03
7.043882755490940895e+01 1.634636746953320653e+03
7.091489271127423422e+01 1.652580929886638614e+03
7.139256348368076033e+01 1.670656925950395362e+03
7.187183987212900149e+01 1.688865050442370830e+03
7.235272187661894350e+01 1.707205634498199743e+03
7.283520949715060055e+01 1.725678984943472187e+03
7.331930273372394424e+01 1.744285411189039905e+03
7.380500158633898877e+01 1.763025211553321242e+03
7.429230605499574835e+01 1.781898701027699417e+03
7.478121613969419457e+01 1.800906169364559673e+03
7.527173184043435583e+01 1.820047909166600675e+03
7.576385315721621794e+01 1.839324201631895448e+03
7.625758009003978088e+01 1.858735345451548937e+03
7.675291263890505888e+01 1.878281613185210745e+03
7.724985080381200930e+01 1.897963280511021367e+03
7.774839458476068899e+01 1.917780611412081271e+03
7.824854398175105530e+01 1.937733888163366146e+03
7.875029899478313666e+01 1.957823366059308682e+03
7.925365962385691887e+01 1.978049295871280719e+03
7.975862586897240192e+01 1.998411948050022374e+03
8.026519773012958581e+01 2.018911564648441072e+03
8.077337520732847054e+01 2.039548391580050520e+03
8.128315830056905611e+01 2.060322662337783640e+03
8.179454700985135673e+01 2.081234630872148500e+03
8.230754133517534399e+01 2.102284521945102824e+03
8.282214127654104630e+01 2.123514290315685685e+03
8.333834683394844944e+01 2.145067595461627661e+03
8.385615800739755343e+01 2.166765693047748300e+03
8.437557479688835826e+01 2.188608902278801907e+03
8.489659720242086394e+01 2.210597531186072956e+03
8.541922522399508466e+01 2.232731911075868993e+03
8.594345886161099202e+01 2.255012343209766186e+03
8.646929811526860021e+01 2.277439134446584831e+03
8.699674298496792346e+01 2.300012579012686274e+03
8.752579347070894755e+01 2.322732995795608076e+03
8.805644957249167248e+01 2.345600672081903213e+03
8.858871129031609826e+01 2.368615901271937673e+03
8.912257862418219645e+01 2.391778963680236302e+03
8.965805157409003812e+01 2.415090165655653436e+03
9.019513014003956641e+01 2.438549780546380589e+03
9.073381432203080976e+01 2.462158088308191054e+03
9.127410412006373974e+01 2.485915355369635563e+03
9.181599953413838477e+01 2.509821875528960391e+03
9.235950056425473065e+01 2.533877908255154580e+03
9.290460721041277736e+01 2.558083720089072813e+03
9.345131947261253913e+01 2.582439574211794024e+03
9.399963735085398753e+01 2.606945720184269703e+03
9.454956084513713677e+01 2.631602435376901212e+03
9.510108995546200106e+01 2.656409962407631156e+03
9.565422468182855198e+01 2.681368540170555661e+03
9.620896502423683216e+01 2.706478437433418094e+03
9.676531098268679898e+01 2.731739886165127700e+03
9.732326255717845243e+01 2.757153126290910222e+03
9.788281974771183513e+01 2.782718383079683463e+03
9.844398255428690447e+01 2.808435912891432963e+03
9.900675097690368887e+01 2.834305934109546797e+03
9.957112501556215989e+01 2.860328673506962332e+03
1.001371046702623460e+02 2.886504342876623468e+03
1.007046899410042187e+02 2.912833186252130417e+03
1.012738808277878348e+02 2.939315408572257638e+03
1.018446773306130950e+02 2.965951223602881782e+03
1.024170794494800987e+02 2.992740829820955696e+03
1.029910871843888032e+02 3.019684459026762397e+03
1.035667005353391943e+02 3.046782302898735452e+03
1.041439195023313147e+02 3.074034562347184874e+03
1.047227440853651075e+02 3.101441422716835859e+03
1.053031742844406153e+02 3.129003103689155978e+03
1.058852100995578098e+02 3.156719783883915625e+03
1.064688515307167336e+02 3.184591638455023713e+03
1.070540985779173297e+02 3.212618879054586614e+03
1.076409512411596410e+02 3.240801674153587101e+03
1.082294095204436815e+02 3.269140202601017791e+03
1.088194734157693944e+02 3.297634626782677515e+03
1.094111429271368223e+02 3.326285146510341292e+03
1.100044180545459511e+02 3.355091917568558074e+03
1.105992987979967808e+02 3.384055106481732764e+03
1.111957851574893112e+02 3.413174863114498294e+03
1.117938771330235426e+02 3.442451375590443149e+03
1.123935747245994889e+02 3.471884787263418730e+03
1.129948779322171362e+02 3.501475238247956440e+03
1.135977867558764842e+02 3.531222909091875863e+03
1.142023011955775189e+02 3.561127933454605227e+03
1.148084212513202687e+02 3.591190456847696169e+03
1.154161469231047192e+02 3.621410607336351404e+03
1.160254782109308707e+02 3.651788554088228011e+03
1.166364151147987371e+02 3.682324418816482648e+03
1.172489576347082902e+02 3.713018320172653148e+03
1.178631057706595584e+02 3.743870420069384181e+03
1.184788595226524706e+02 3.774880830868338307e+03
1.190962188906871404e+02 3.806049677846384839e+03
1.197151838747635111e+02 3.837377068144269288e+03
1.203357544748815968e+02 3.868863152604455081e+03
1.209579306910413550e+02 3.900508032192255996e+03
1.215817125232428282e+02 3.932311805023698071e+03
1.222070999714860307e+02 3.964274614997043955e+03
1.228340930357709198e+02 3.996396554120126439e+03
1.234626917160974813e+02 4.028677728285245848e+03
1.240928960124657863e+02 4.061118224702206589e+03
1.247247059248757637e+02 4.093718176493234296e+03
1.253581214533274704e+02 4.126477664884017031e+03
1.259931425978208637e+02 4.159396768502287159e+03
1.266297693583559578e+02 4.192475613808660455e+03
1.272680017349327670e+02 4.225714273517995935e+03
1.279078397275512629e+02 4.259112817867541708e+03
1.285492833362114879e+02 4.292671366795862014e+03
1.291923325609133713e+02 4.326389984698742410e+03
1.298369874016569838e+02 4.360268733626214271e+03
1.304832478584422972e+02 4.394307727121105017e+03
1.311311139312693399e+02 4.428507021463423371e+03
1.317805856201380266e+02 4.462866670733359570e+03
1.324316629250484709e+02 4.497386782186158598e+03
1.330843458460005877e+02 4.532067404203061415e+03
1.337386343829944053e+02 4.566908583126681151e+03
1.343945285360299522e+02 4.601910420011428869e+03
1.350520283051071999e+02 4.637072955571212333e+03
1.357111336902261201e+02 4.672396228660943052e+03
1.363718446913867695e+02 4.707880334193341696e+03
1.370341613085890913e+02 4.743525305464103440e+03
1.376980835418331424e+02 4.779331174109048334e+03
1.383636113911188943e+02 4.815298028926248662e+03
1.390307448564463471e+02 4.851425896060886771e+03
1.396994839378154722e+02 4.887714800221321639e+03
1.403698286352263551e+02 4.924164824078019592e+03
1.410417789486789104e+02 4.960775986915704379e+03
1.417153348781731665e+02 4.997548306832440176e+03
1.423904964237091235e+02 5.034481860310675984e+03
1.430672635852867813e+02 5.071576660090511723e+03
1.437456363629061684e+02 5.108832718006656251e+03
1.444256147565672279e+02 5.146250104236253719e+03
1.451071987662700167e+02 5.183828804558468619e+03
1.457903883920144779e+02 5.221568887212389200e+03
1.464751836338006399e+02 5.259470353598620932e+03
1.471615844916285312e+02 5.297533204848041350e+03
1.478495909654981233e+02 5.335757502516614295e+03
1.485392030554094163e+02 5.374143221359624476e+03
1.492304207613623817e+02 5.412690420726356024e+03
1.499232440833570763e+02 5.451399070044655673e+03
1.506176730213934718e+02 5.490269226303435062e+03
1.513137075754715966e+02 5.529300853976767030e+03
1.520113477455913653e+02 5.568494007442286602e+03
1.527105935317528349e+02 5.607848646702651422e+03
1.534114449339560622e+02 5.647364823151839119e+03
1.541139019522009619e+02 5.687042492939595832e+03
1.548179645864875624e+02 5.726881703952930366e+03
1.555236328368158638e+02 5.766882409275408463e+03
1.562309067031858945e+02 5.807044629175512455e+03
1.569397861855975975e+02 5.847368384869339025e+03
1.576502712840510299e+02 5.887853622704724330e+03
1.583623619985461630e+02 5.928500359254114301e+03
1.590760583290829686e+02 5.969308586207020198e+03
1.597913602756615035e+02 6.010278293825410401e+03
1.605082678382817392e+02 6.051409471008810215e+03
1.612267810169436757e+02 6.092702105367265176e+03
1.619468998116473131e+02 6.134156158957870502e+03
1.626686242223926513e+02 6.175771645753762641e+03
1.633919542491796904e+02 6.217548535801306571e+03
1.641168898920084303e+02 6.259486803459438306e+03
1.648434311508788710e+02 6.301586726374964201e+03
1.655715780257910126e+02 6.343847706949693020e+03
1.663013305167448834e+02 6.386269982195307421e+03
1.670326886237404267e+02 6.428853577345974372e+03
1.677656523467776992e+02 6.471598397046778700e+03
1.685002216858566442e+02 6.514504471819414903e+03
1.692363966409773184e+02 6.557571774118005123e+03
1.699741772121396934e+02 6.600800221716911437e+03
1.707135633993437409e+02 6.644189837560408705e+03
1.714545552025895176e+02 6.687740533862353004e+03
1.721971526218769952e+02 6.731452332076554740e+03
1.729413556572061736e+02 6.775325142882663386e+03
1.736871643085770529e+02 6.819358983110449117e+03
1.744345785759896330e+02 6.863553789186566974e+03
1.751835984594439140e+02 6.907909493931690122e+03
1.759342239589398957e+02 6.952426113491183060e+03
1.766864550744775784e+02 6.997103556320825192e+03
1.774402918060569903e+02 7.042290959419782666e+03
1.781957341536780746e+02 7.088500276987729194e+03
1.789527821173408597e+02 7.134896642901495397e+03
1.797114356970453741e+02 7.181480204471716206e+03
1.804716948927915610e+02 7.228251193577884806e+03
1.812335597045794771e+02 7.275209755857266828e+03
1.819970301324090656e+02 7.322356063773481765e+03
1.827621061762804118e+02 7.369690288566938762e+03
1.835287878361934020e+02 7.417212600261523221e+03
1.842970751121481214e+02 7.464923167671670853e+03
1.850669680041445417e+02 7.512822158408299401e+03
1.858384665121826629e+02 7.560909738886068226e+03
1.866115706362624849e+02 7.609186074329372786e+03
1.873862803763840077e+02 7.657651328779472351e+03
1.881625957325472314e+02 7.706305665100366241e+03
1.889405167047521843e+02 7.755149244986036138e+03
1.897200432929988096e+02 7.804182198201786377e+03
1.905011754972871074e+02 7.853404745318579444e+03
1.912839133176171345e+02 7.902817014146638030e+03
1.920682567539888908e+02 7.952419161763702505e+03
1.928542058064023479e+02 8.002211344109965466e+03
1.936417604748574774e+02 8.052193715994671038e+03
1.944309207593543363e+02 8.102366431102319439e+03
1.952216866598928959e+02 8.152729641999218074e+03
1.960140581764731280e+02 8.203283500140316391e+03
1.968080353090951178e+02 8.254028155875224911e+03
1.976036180577587515e+02 8.304963758454872732e+03
1.984008064224641146e+02 8.356090456038014963e+03
1.991996004032111784e+02 8.407408395697691958e+03
2.000000000000000000e+02 8.458917723427117380e+03
