1.259254782109308746e+00 3.955938277006845194e+00
1.321070999714860417e+00 4.308579753197697038e+00
1.384492833362114927e+00 4.684847057764129019e+00
1.449520283051072056e+00 5.085765732536320805e+00
1.516153348781731580e+00 5.512381485561713923e+00
1.584392030554093944e+00 5.965760402694297859e+00
1.654236328368158926e+00 6.446988765238600649e+00
1.725686242223926969e+00 6.957173316442101019e+00
1.798741772121396965e+00 7.497441059848148015e+00
1.873402918060570244e+00 8.071873405074033059e+00
1.949669680041445030e+00 8.682385428005037653e+00
2.027542058064023323e+00 9.327020748783324322e+00
2.107020052128304677e+00 1.000696815090555880e+01
2.188103662234287761e+00 1.072343030741159531e+01
2.270792888381974350e+00 1.147762388807635325e+01
2.355087730571363114e+00 1.227077886276857654e+01
2.440988188802454495e+00 1.310413869427909184e+01
2.528494263075248050e+00 1.397895966341460472e+01
2.617605953389745110e+00 1.489651079503628317e+01
2.708323259745944345e+00 1.585807384864663661e+01
2.800646182143846641e+00 1.686494257758648985e+01
2.894574720583451111e+00 1.791842312509511714e+01
2.990108875064758642e+00 1.901983315740891456e+01
3.087248645587767903e+00 2.017050236412028497e+01
3.185994032152480671e+00 2.137177151818089982e+01
3.286345034758896055e+00 2.262499308984169843e+01
3.388301653407014058e+00 2.393153022354627879e+01
3.491863888096834234e+00 2.529275747596964408e+01
3.597031738828357472e+00 2.671005969871264440e+01
3.703805205601583772e+00 2.818483291187840223e+01
3.812184288416512246e+00 2.971834147194466169e+01
3.922168987273143781e+00 3.131159272263056792e+01
4.033759302171477046e+00 3.296598634606338862e+01
4.146955233111511596e+00 3.468286951068990476e+01
4.261756780093250541e+00 3.646359248012417709e+01
4.378163943116692991e+00 3.830950975140677173e+01
4.496176722181838059e+00 4.022197836444836838e+01
4.615795117288683969e+00 4.220235921154682046e+01
4.737019128437234272e+00 4.425201521670348370e+01
4.859848755627486305e+00 4.637231282131445909e+01
4.984283998859440956e+00 4.856462002245628184e+01
5.110324858133099113e+00 5.083030804386643098e+01
5.237971333448458999e+00 5.317074922155546091e+01
5.367223424805522392e+00 5.558731887002341665e+01
5.498081132204287513e+00 5.808139300260537397e+01
5.630544455644756141e+00 6.065435040394989130e+01
5.764613395126925610e+00 6.330757017143859144e+01
5.900287950650798585e+00 6.604243400588512714e+01
6.037568122216375066e+00 6.886032355956342599e+01
6.176453909823653277e+00 7.176262295804573910e+01
6.316945313472634993e+00 7.475071593920966961e+01
6.459042333163318439e+00 7.784721260986351865e+01
6.602744968895707167e+00 8.106107477786530069e+01
6.748053220669795849e+00 8.436561726542726092e+01
6.894967088485587148e+00 8.776210676145936418e+01
7.043486572343081953e+00 9.125180607200900340e+01
7.193611672242280264e+00 9.483597289933042873e+01
7.345342388183179416e+00 9.851585817482985874e+01
7.498678720165779410e+00 1.022927096266786293e+02
7.653620668190084686e+00 1.061677676158493568e+02
7.810168232256092580e+00 1.101422688067684135e+02
7.968321412363803979e+00 1.142174447221523366e+02
8.128080208513217997e+00 1.183945197649605348e+02
8.289444620704333744e+00 1.226747155599357910e+02
8.452414648937150332e+00 1.270592459577844977e+02
8.616990293211673091e+00 1.315493221919448672e+02
8.783171553527896691e+00 1.361461476361990606e+02
8.950958429885822909e+00 1.408509224878213502e+02
9.120350922285451745e+00 1.456648419664438450e+02
9.291349030726783198e+00 1.505890938399621461e+02
9.463952755209817269e+00 1.556248639321537439e+02
9.638162095734552182e+00 1.607733298333978382e+02
9.813977052300991488e+00 1.660356674205856109e+02
9.991397624909135189e+00 1.714130442624031900e+02
1.017042381355897973e+01 1.769066264584011776e+02
1.035105561825052689e+01 1.825175717257084784e+02
1.053329303898377667e+01 1.882470355926596710e+02
1.071713607575873084e+01 1.940961690312434200e+02
1.090258472857538585e+01 2.000661151925525587e+02
1.108963899743374348e+01 2.061580166812200332e+02
1.127829888233380373e+01 2.123730072534130215e+02
1.146856438327556660e+01 2.187122204176694709e+02
1.166043550025903386e+01 2.251767807300106767e+02
1.185391223328420196e+01 2.317678128086888876e+02
1.204899458235107090e+01 2.384864322067274429e+02
1.224568254745964602e+01 2.453337548601755884e+02
1.244397612860992197e+01 2.523108875169361056e+02
1.264387532580190054e+01 2.593694662590298208e+02
1.284538013903558351e+01 2.664948186568309438e+02
1.304849056831096910e+01 2.737482442219410927e+02
1.325320661362805552e+01 2.811307208332578966e+02
1.345952827498684634e+01 2.886432273974085660e+02
1.366745555238733623e+01 2.962867327485807891e+02
1.387698844582953406e+01 3.040622071208806574e+02
1.408812695531342918e+01 3.119706106225866620e+02
1.430087108083903225e+01 3.200129051265121234e+02
1.451522082240633438e+01 3.281900423028995419e+02
1.473117618001534090e+01 3.365029759577922164e+02
1.494873715366604827e+01 3.449526496006448042e+02
1.516790374335846003e+01 3.535400075209427655e+02
1.538867594909257441e+01 3.622659905291775999e+02
1.561105377086839141e+01 3.711315301367390020e+02
1.583503720868590925e+01 3.801375614508432363e+02
1.606062626254512438e+01 3.892850084511196656e+02
1.628782093244604923e+01 3.985747991307152347e+02
1.651662121838867847e+01 4.080078501734125211e+02
1.674702712037300500e+01 4.175850827023044189e+02
1.697903863839903948e+01 4.273074063307276447e+02
1.721265577246677481e+01 4.371757355449458373e+02
1.744787852257621452e+01 4.471909731033932758e+02
1.768470688872735508e+01 4.573540270776579746e+02
1.792314087092019292e+01 4.676657935749256580e+02
1.816318046915473872e+01 4.781271744652900111e+02
1.840482568343098890e+01 4.887390593999739394e+02
1.864807651374893993e+01 4.995023442498217605e+02
1.889293296010859180e+01 5.104179123963636471e+02
1.913939502250994806e+01 5.214866539036174800e+02
1.938746270095300517e+01 5.327094460613730007e+02
1.963713599543776667e+01 5.440871733094228375e+02
1.988841490596423256e+01 5.556207070162497530e+02
2.014129943253239929e+01 5.673109261703370976e+02
2.039578957514226687e+01 5.791586963825048997e+02
2.065188533379383884e+01 5.911648913530759728e+02
2.090958670848711520e+01 6.033303710930330226e+02
2.116889369922209241e+01 6.156560041677906838e+02
2.142980630599877401e+01 6.281426451415143219e+02
2.169232452881715290e+01 6.407911575877333235e+02
2.195644836767723973e+01 6.536023907731033660e+02
2.222217782257902741e+01 6.665772034117061366e+02
2.248951289352251237e+01 6.797164396196533289e+02
2.275845358050770528e+01 6.930209500876867423e+02
2.302899988353459904e+01 7.064915837823039055e+02
2.330115180260319718e+01 7.201291768399311195e+02
2.357490933771349972e+01 7.339345768644232066e+02
2.385027248886550311e+01 7.479086151956179265e+02
2.412724125605921088e+01 7.620521349577271621e+02
2.440581563929461595e+01 7.763659628495663583e+02
2.468599563857172896e+01 7.908509375840717439e+02
2.496778125389054281e+01 8.055078813825922452e+02
2.525117248525105751e+01 8.203376248824876029e+02
2.553616933265327660e+01 8.353409971419024487e+02
2.582277179609720363e+01 8.505188133915203252e+02
2.611097987558283151e+01 8.658718981865602018e+02
2.640079357111015668e+01 8.814010744500920964e+02
2.669221288267918624e+01 8.971071508639903413e+02
2.698523781028991309e+01 9.129909460371627574e+02
2.727986835394235143e+01 9.290532726912954331e+02
2.757610451363649062e+01 9.452949415837641709e+02
2.787394628937233065e+01 9.617167615342336831e+02
2.817339368114987508e+01 9.783195394518829744e+02
2.847444668896912390e+01 9.951040803636087730e+02
2.877710531283007001e+01 1.012071182886406177e+03
2.908136955273272051e+01 1.029221658019571123e+03
2.938723940867707540e+01 1.046556292214972018e+03
2.969471488066312048e+01 1.064075891000230513e+03
3.000379596869088061e+01 1.081781251726475375e+03
3.031448267276034159e+01 1.099673219685741515e+03
3.062677499287151051e+01 1.117752477112039514e+03
3.094067292902437316e+01 1.136019863225939616e+03
3.125617648121894376e+01 1.154488051558305187e+03
3.157328564945521876e+01 1.173239716814159920e+03
3.189200043373319460e+01 1.192181257218577912e+03
3.221232083405287483e+01 1.211313411567386311e+03
3.253424685041424880e+01 1.230636922595043416e+03
3.285777848281733782e+01 1.250152513392491073e+03
3.318291573126212057e+01 1.269860929355370672e+03
3.350965859574860417e+01 1.289762889980142972e+03
3.383800707627680282e+01 1.309859137189736202e+03
3.416796117284669521e+01 1.330150393432228157e+03
3.449952088545828843e+01 1.350637385331249334e+03
3.483268621411158961e+01 1.371320837909341662e+03
3.516745715880659162e+01 1.392201467884723343e+03
3.550383371954329448e+01 1.413280010307028761e+03
3.584181589632169818e+01 1.434557179033261264e+03
3.618140368914180982e+01 1.456033692827306822e+03
3.652259709800362231e+01 1.477710268923850890e+03
3.686539612290713563e+01 1.499587623042054702e+03
3.720980076385235691e+01 1.521666469398922345e+03
3.755581102083927192e+01 1.543947520722473200e+03
3.790342689386790198e+01 1.566431488264558766e+03
3.825264838293821157e+01 1.589119081813625144e+03
3.860347548805024331e+01 1.612011009707141966e+03
3.895590820920396880e+01 1.635107978843930596e+03
3.930994654639940222e+01 1.658410694696076462e+03
3.966559049963654360e+01 1.681919861320890959e+03
4.002284006891537871e+01 1.705636181372626652e+03
4.038169525423592177e+01 1.729560356113771377e+03
4.074215605559816566e+01 1.753693085426441485e+03
4.110422247300211041e+01 1.778035067823548843e+03
4.146789450644775599e+01 1.802587000459618366e+03
4.183317215593510952e+01 1.827349579141600771e+03
4.220005542146416389e+01 1.852323498339475691e+03
4.256854430303492620e+01 1.877509451196755208e+03
4.293863880064738225e+01 1.902908129540581967e+03
4.331033891430154625e+01 1.928520223892084687e+03
4.368364464399741109e+01 1.954346423476153177e+03
4.405855598973497678e+01 1.980387416231461657e+03
4.443507295151425041e+01 2.006643888820010488e+03
4.481319552933521777e+01 2.033116526636701565e+03
4.519292372319789308e+01 2.059806013818893007e+03
4.557425753310226924e+01 2.086713033255472965e+03
4.595719695904835334e+01 2.113838276032076010e+03
4.634174200103613828e+01 2.141182403680015796e+03
4.672789265906562406e+01 2.168746104846187336e+03
4.711564893313681068e+01 2.196530057516667057e+03
4.750501082324970525e+01 2.224534938473654165e+03
4.789597832940428646e+01 2.252761423304032633e+03
4.828855145160058981e+01 2.281210186407970468e+03
4.868273018983858691e+01 2.309881901007068336e+03
4.907851454411828485e+01 2.338777239152659149e+03
4.947590451443969073e+01 2.367896871734071283e+03
4.987490010080279745e+01 2.397241468486332451e+03
5.027550130320760502e+01 2.426811697998376985e+03
5.067770812165412053e+01 2.456608227720780178e+03
5.108152055614233689e+01 2.486631723973343014e+03
5.148693860667225408e+01 2.516882862925827794e+03
5.189396227324387922e+01 2.547362286654076797e+03
5.230259155585719810e+01 2.578070669162093054e+03
5.271282645451222493e+01 2.609008672322553593e+03
5.312466696920895970e+01 2.640176956914749553e+03
5.353811309994738821e+01 2.671576182631788015e+03
5.395316484672751756e+01 2.703207008087523718e+03
5.436982220954934775e+01 2.735070090823739974e+03
5.478808518841290010e+01 2.767166087316989433e+03
5.520795378331813907e+01 2.799495652985561719e+03
5.562942799426507889e+01 2.832059442196105010e+03
5.605250782125371956e+01 2.864858108270509547e+03
5.647719326428407527e+01 2.897892316024197044e+03
5.690348432335613182e+01 2.931162691557678500e+03
5.733138099846988212e+01 2.964669897716507876e+03
5.776088328962534035e+01 2.998414583708810824e+03
5.819199119682249943e+01 3.032397397730296234e+03
5.862470472006136646e+01 3.066618986970571314e+03
5.905902385934192722e+01 3.101079997619298865e+03
5.949494861466419593e+01 3.135781074872400495e+03
5.993247898602816548e+01 3.170722862937999253e+03
6.037161497343384298e+01 3.205906005042601009e+03
6.081235657688121421e+01 3.241331143437007995e+03
6.125470379637030049e+01 3.276998919402072261e+03
6.169865663190107341e+01 3.312909973254821125e+03
6.214421508347356848e+01 3.349064958417683101e+03
6.259137915108775019e+01 3.385464485058144419e+03
6.304014883474363984e+01 3.422109204810221399e+03
6.349052413444123033e+01 3.458999754192358523e+03
6.394250505018050035e+01 3.496136768787096116e+03
6.439609158196149963e+01 3.533520883246263111e+03
6.485128372978418554e+01 3.571152731297190257e+03
6.530808149364858650e+01 3.609032945747889244e+03
6.576648487355470252e+01 3.647162158492357321e+03
6.622649386950250516e+01 3.685541000515608175e+03
6.668810848149200865e+01 3.724170101899274869e+03
6.715132870952322719e+01 3.763050091826507924e+03
6.761615455359614657e+01 3.802181614447777520e+03
6.808258601371076679e+01 3.841565265313075088e+03
6.855062308986708786e+01 3.881201686932652137e+03
6.902026578206510976e+01 3.921091504946948589e+03
6.949151409030484672e+01 3.961235344123251707e+03
6.996436801458625609e+01 4.001633828360841107e+03
7.043882755490940895e+01 4.042287580695144698e+03
7.091489271127423422e+01 4.083197223302777729e+03
7.139256348368076033e+01 4.124363377506667348e+03
7.187183987212900149e+01 4.165786663780453637e+03
7.235272187661894350e+01 4.207467701753536858e+03
7.283520949715060055e+01 4.249407110215212015e+03
7.331930273372394424e+01 4.291605507119647882e+03
7.380500158633898877e+01 4.334063527362157402e+03
7.429230605499574835e+01 4.376781751547991007e+03
7.478121613969419457e+01 4.419760813073281497e+03
7.527173184043435583e+01 4.463001326596262516e+03
7.576385315721621794e+01 4.506503905962001227e+03
7.625758009003978088e+01 4.550269164207255926e+03
7.675291263890505888e+01 4.594297713564404148e+03
7.724985080381200930e+01 4.638590165466410326e+03
7.774839458476068899e+01 4.683147130549547001e+03
7.824854398175105530e+01 4.727969218658921818e+03
7.875029899478313666e+01 4.773057038852541154e+03
7.925365962385691887e+01 4.818411199405118168e+03
7.975862586897240192e+01 4.864032307812129147e+03
8.026519773012958581e+01 4.909920970794178174e+03
8.077337520732847054e+01 4.956077814141993258e+03
8.128315830056905611e+01 5.002503403192915357e+03
8.179454700985135673e+01 5.049198362371843359e+03
8.230754133517534399e+01 5.096163295339242723e+03
8.282214127654104630e+01 5.143398805000340872e+03
8.333834683394844944e+01 5.190905493509157168e+03
8.385615800739755343e+01 5.238683962272118151e+03
8.437557479688835826e+01 5.286734811952213931e+03
8.489659720242086394e+01 5.335058642472805332e+03
8.541922522399508466e+01 5.383656053020086802e+03
8.594345886161099202e+01 5.432527642048362395e+03
8.646929811526860021e+01 5.481674007283184437e+03
8.699674298496792346e+01 5.531095745725214329e+03
8.752579347070894755e+01 5.580793453653275719e+03
8.805644957249167248e+01 5.630767748934642441e+03
8.858871129031609826e+01 5.681019181626342288e+03
8.912257862418219645e+01 5.731548368349601333e+03
8.965805157409003812e+01 5.782355902533319750e+03
9.019513014003956641e+01 5.833442376902606156e+03
9.073381432203080976e+01 5.884808383482289173e+03
9.127410412006373974e+01 5.936454513600274367e+03
9.181599953413838477e+01 5.988381357891111293e+03
9.235950056425473065e+01 6.040589506299950699e+03
9.290460721041277736e+01 6.093079548083574082e+03
9.345131947261253913e+01 6.145852071816500938e+03
9.399963735085398753e+01 6.198907665392222953e+03
9.454956084513713677e+01 6.252246916024945676e+03
9.510108995546200106e+01 6.305870410262502446e+03
9.565422468182855198e+01 6.359778733978235323e+03
9.620896502423683216e+01 6.413972497469442715e+03
9.676531098268679898e+01 6.468452234904496436e+03
9.732326255717845243e+01 6.523218555449741871e+03
9.788281974771183513e+01 6.578272042329420401e+03
9.844398255428690447e+01 6.633613278112787157e+03
9.900675097690368887e+01 6.689242844718082779e+03
9.957112501556215989e+01 6.745161323415310108e+03
1.001371046702623460e+02 6.801369294827978592e+03
1.007046899410042187e+02 6.857867338937974637e+03
1.012738808277878348e+02 6.914656035087701639e+03
1.018446773306130950e+02 6.971735961983454217e+03
1.024170794494800987e+02 7.029107697697761978e+03
1.029910871843888032e+02 7.086771819673052050e+03
1.035667005353391943e+02 7.144728904723888263e+03
1.041439195023313147e+02 7.202979529040176203e+03
1.047227440853651075e+02 7.261524268190206385e+03
1.053031742844406153e+02 7.320363697123309976e+03
1.058852100995578098e+02 7.379498418253480850e+03
1.064688515307167336e+02 7.438928948935555127e+03
1.070540985779173297e+02 7.498655890564092260e+03
1.076409512411596410e+02 7.558679815640296511e+03
1.082294095204436815e+02 7.619001296060704590e+03
1.088194734157693944e+02 7.679620903119171089e+03
1.094111429271368223e+02 7.740539207510094457e+03
1.100044180545459511e+02 7.801756779331066355e+03
1.105992987979967808e+02 7.863274188085193600e+03
1.111957851574893112e+02 7.925092002685499210e+03
1.117938771330235426e+02 7.987210791453350794e+03
1.123935747245994889e+02 8.049631122125123511e+03
1.129948779322171362e+02 8.112353561853285100e+03
1.135977867558764842e+02 8.175378677209543639e+03
1.142023011955775189e+02 8.238707034186460078e+03
1.148084212513202687e+02 8.302339198201034378e+03
1.154161469231047192e+02 8.366275734097436725e+03
1.160254782109308707e+02 8.430517206147478646e+03
1.166364151147987371e+02 8.495064209655329250e+03
1.172489576347082902e+02 8.559917244338539604e+03
1.178631057706595584e+02 8.625076904592317078e+03
1.184788595226524706e+02 8.690543752429344750e+03
1.190962188906871404e+02 8.756318349305623997e+03
1.197151838747635111e+02 8.822401256117855155e+03
1.203357544748815968e+02 8.888793033209403802e+03
1.209579306910413550e+02 8.955494240372454442e+03
1.215817125232428282e+02 9.022505436850353362e+03
1.222070999714860307e+02 9.089827181342197946e+03
1.228340930357709198e+02 9.157460031996937687e+03
1.234626917160974813e+02 9.225404546424146247e+03
1.240928960124657863e+02 9.293661281694714489e+03
1.247247059248757637e+02 9.362230794341867295e+03
1.253581214533274704e+02 9.431113640359966666e+03
1.259931425978208637e+02 9.500310375214934538e+03
1.266297693583559578e+02 9.569821553839576154e+03
1.272680017349327670e+02 9.639647730637050699e+03
1.279078397275512629e+02 9.709789459487948989e+03
1.285492833362114879e+02 9.780247329587904460e+03
1.291923325609133713e+02 9.851021821867630933e+03
1.298369874016569838e+02 9.922113524706848693e+03
1.304832478584422972e+02 9.993522989906870862e+03
1.311311139312693399e+02 1.006525076876398816e+04
1.317805856201380266e+02 1.013729741213552006e+04
1.324316629250484709e+02 1.020952189095458561e+04
1.330843458460005877e+02 1.028193145215806908e+04
1.337386343829944053e+02 1.035465924042978077e+04
1.343945285360299522e+02 1.042770580059572058e+04
1.350520283051071999e+02 1.050107167700166428e+04
1.357111336902261201e+02 1.057475741351484248e+04
1.363718446913867695e+02 1.064876355352596511e+04
1.370341613085890913e+02 1.072309063995087126e+04
1.376980835418331424e+02 1.079773921523312129e+04
1.383636113911188943e+02 1.087270982134515543e+04
1.390307448564463471e+02 1.094800299979065858e+04
1.396994839378154722e+02 1.102361929160689942e+04
1.403698286352263551e+02 1.109955923736506702e+04
1.410417789486789104e+02 1.117582337717441442e+04
1.417153348781731665e+02 1.125241225068205858e+04
1.423904964237091235e+02 1.132932639707577800e+04
1.430672635852867813e+02 1.140656635508597174e+04
1.437456363629061684e+02 1.148413270345681485e+04
1.444256147565672279e+02 1.156202589884068584e+04
1.451071987662700167e+02 1.164024651930651635e+04
1.457903883920144779e+02 1.171879510177257180e+04
1.464751836338006399e+02 1.179767218270741250e+04
1.471615844916285312e+02 1.187687829813048847e+04
1.478495909654981233e+02 1.195641398362402288e+04
1.485392030554094163e+02 1.203627977432232547e+04
1.492304207613623817e+02 1.211647620491844646e+04
1.499232440833570763e+02 1.219700380966560260e+04
1.506176730213934718e+02 1.227786312237886159e+04
1.513137075754715966e+02 1.235905467643707379e+04
1.520113477455913653e+02 1.244057900478458760e+04
1.527105935317528349e+02 1.252243663993250084e+04
1.534114449339560622e+02 1.260462811396081634e+04
1.541139019522009619e+02 1.268715395851963331e+04
1.548179645864875624e+02 1.277001470483173216e+04
1.555236328368158638e+02 1.285321088369311656e+04
1.562309067031858945e+02 1.293674302547528350e+04
1.569397861855975975e+02 1.302061166012650756e+04
1.576502712840510299e+02 1.310481731719019808e+04
1.583623619985461630e+02 1.318936052603897406e+04
1.590760583290829686e+02 1.327424181507535832e+04
1.597913602756615035e+02 1.335946171257218703e+04
1.605082678382817392e+02 1.344502079277678422e+04
1.612267810169436757e+02 1.353091949020191169e+04
1.619468998116473131e+02 1.361715837842233304e+04
1.626686242223926513e+02 1.370373798406028618e+04
1.633919542491796904e+02 1.379065883332911835e+04
1.641168898920084303e+02 1.387792145203490327e+04
1.648434311508788710e+02 1.396552636557816550e+04
1.655715780257910126e+02 1.405347409895529199e+04
1.663013305167448834e+02 1.414176517675971991e+04
1.670326886237404267e+02 1.423040012318412664e+04
1.677656523467776992e+02 1.431937946202144485e+04
1.685002216858566442e+02 1.440870371666662140e+04
1.692363966409773184e+02 1.449837341011714670e+04
1.699741772121396934e+02 1.458838906497617063e+04
1.707135633993437409e+02 1.467875120345293180e+04
1.714545552025895176e+02 1.476946034736397087e+04
1.721971526218769952e+02 1.486051701813521322e+04
1.729413556572061736e+02 1.495192173680319320e+04
1.736871643085770529e+02 1.504367502401636011e+04
1.744345785759896330e+02 1.513577740003694089e+04
1.751835984594439140e+02 1.522822938474136572e+04
1.759342239589398957e+02 1.532103149762005160e+04
1.766864550744775784e+02 1.541418425778290839e+04
1.774402918060569903e+02 1.550768818396309689e+04
1.781957341536780746e+02 1.560154379451092609e+04
1.789527821173408597e+02 1.569575160739849707e+04
1.797114356970453741e+02 1.579031214022074528e+04
1.804716948927915610e+02 1.588522591019722495e+04
1.812335597045794771e+02 1.598049343417330783e+04
1.819970301324090656e+02 1.607611522862174752e+04
1.827621061762804118e+02 1.617209180964354164e+04
1.835287878361934020e+02 1.626842369296990728e+04
1.842970751121481214e+02 1.636511144861475623e+04
1.850669680041445417e+02 1.646215548210604175e+04
1.858384665121826629e+02 1.655955636288784808e+04
1.866115706362624849e+02 1.665731460522442649e+04
1.873862803763840077e+02 1.675543072301541906e+04
1.881625957325472314e+02 1.685390522979847083e+04
1.889405167047521843e+02 1.695273863875058669e+04
1.897200432929988096e+02 1.705193146268818600e+04
1.905011754972871074e+02 1.715148421406992202e+04
1.912839133176171345e+02 1.725139740499712934e+04
1.920682567539888908e+02 1.735167154721467159e+04
1.928542058064023479e+02 1.745230715211323331e+04
1.936417604748574774e+02 1.755330473072936002e+04
1.944309207593543363e+02 1.765466479374784831e+04
1.952216866598928959e+02 1.775638785150222247e+04
1.960140581764731280e+02 1.785847441397617149e+04
1.968080353090951178e+02 1.796092499080476045e+04
1.976036180577587515e+02 1.806374009127566751e+04
1.984008064224641146e+02 1.816692022433030070e+04
1.991996004032111784e+02 1.827046589856483843e+04
2.000000000000000000e+02 1.837437762223209938e+04
