9.220754133517534701e-01 1.611907152950546207e+00
9.742579347070893236e-01 1.748404899592280515e+00
1.028046072104128017e+00 1.893522602470109506e+00
1.083439825542869439e+00 2.047582128385060152e+00
1.140439195023312813e+00 2.210908503656721535e+00
1.199044180545459692e+00 2.383830226016991460e+00
1.259254782109308746e+00 2.566679517967757729e+00
1.321070999714860417e+00 2.759071197071971238e+00
1.384492833362114927e+00 2.954460991409689985e+00
1.449520283051072056e+00 3.160042081156978711e+00
1.516153348781731580e+00 3.376141243669620540e+00
1.584392030554093944e+00 3.603089769015120680e+00
1.654236328368158926e+00 3.841223664689737305e+00
1.725686242223926969e+00 4.090883796291656438e+00
1.798741772121396965e+00 4.352416111238187391e+00
1.873402918060570244e+00 4.626171727124743782e+00
1.949669680041445030e+00 4.912507139537709122e+00
2.027542058064023323e+00 5.211784449131252828e+00
2.107020052128304677e+00 5.524371426899414850e+00
2.188103662234287761e+00 5.850641749073045794e+00
2.270792888381974350e+00 6.190975120741351923e+00
2.355087730571363114e+00 6.545757524694453267e+00
2.440988188802454495e+00 6.915381243248908127e+00
2.528494263075248050e+00 7.300245069292897071e+00
2.617605953389745110e+00 7.700754539944724364e+00
2.708323259745944345e+00 8.117321914388668347e+00
2.800646182143846641e+00 8.550366418362740362e+00
2.894574720583451111e+00 9.000314314536943527e+00
2.990108875064758642e+00 9.467599166916071951e+00
3.087248645587767903e+00 9.952661759531357788e+00
3.185994032152480671e+00 1.045595030893975164e+01
3.286345034758896055e+00 1.097792071136652403e+01
3.388301653407014058e+00 1.151903640731153189e+01
3.491863888096834234e+00 1.206788097221913425e+01
3.597031738828357472e+00 1.263130911203624862e+01
3.703805205601583772e+00 1.321414570493035967e+01
3.812184288416512246e+00 1.381683224379426100e+01
3.922168987273143781e+00 1.443981564570937692e+01
4.033759302171477046e+00 1.508354820144845121e+01
4.146955233111511596e+00 1.574848781060956782e+01
4.261756780093250541e+00 1.643509765041568826e+01
4.378163943116692991e+00 1.714384640815744376e+01
4.496176722181838059e+00 1.787520823341743537e+01
4.615795117288683969e+00 1.862966267491169248e+01
4.737019128437234272e+00 1.940769497428873080e+01
4.859848755627486305e+00 2.020979565045394466e+01
4.984283998859440956e+00 2.103646079157060100e+01
5.110324858133099113e+00 2.188819190912155932e+01
5.237971333448458999e+00 2.276549629519751505e+01
5.367223424805522392e+00 2.366888651950506173e+01
5.498081132204287513e+00 2.459888078528394928e+01
5.630544455644756141e+00 2.555600285918254500e+01
5.764613395126925610e+00 2.654078198050699910e+01
5.900287950650798585e+00 2.755375330325790273e+01
6.037568122216375066e+00 2.859545728054751379e+01
6.176453909823653277e+00 2.966644010541280352e+01
6.316945313472634993e+00 3.076725362699562893e+01
6.459042333163318439e+00 3.189845524310124603e+01
6.602744968895707167e+00 3.306060844304134605e+01
6.748053220669795849e+00 3.425428205790312575e+01
6.894967088485587148e+00 3.548005080200130834e+01
7.043486572343081953e+00 3.673849517307684209e+01
7.193611672242280264e+00 3.803020132298978240e+01
7.345342388183179416e+00 3.934827163358730218e+01
7.498678720165779410e+00 4.067496318232091568e+01
7.653620668190084686e+00 4.203480337789288512e+01
7.810168232256092580e+00 4.342833008434244135e+01
7.968321412363803979e+00 4.485608468955074812e+01
8.128080208513217997e+00 4.631861279171508983e+01
8.289444620704333744e+00 4.781646312670459764e+01
8.452414648937150332e+00 4.935018825978159640e+01
8.616990293211673091e+00 5.092034439942236190e+01
8.783171553527896691e+00 5.252749117760039610e+01
8.950958429885822909e+00 5.417219247961291018e+01
9.120350922285451745e+00 5.585501518228806361e+01
9.291349030726783198e+00 5.757652998180333981e+01
9.463952755209817269e+00 5.933731118054583220e+01
9.638162095734552182e+00 6.113793643611349893e+01
9.813977052300991488e+00 6.297898774396717414e+01
9.991397624909135189e+00 6.486104996046398696e+01
1.017042381355897973e+01 6.678471178336208425e+01
1.035105561825052689e+01 6.875056550737164685e+01
1.053329303898377667e+01 7.075920673649368098e+01
1.071713607575873084e+01 7.281123554069117176e+01
1.090258472857538585e+01 7.490725473186529371e+01
1.108963899743374348e+01 7.704787101789597159e+01
1.127829888233380373e+01 7.923369472158860560e+01
1.146856438327556660e+01 8.146533944978041575e+01
1.166043550025903386e+01 8.374342344938368399e+01
1.185391223328420196e+01 8.606856759781733501e+01
1.204899458235107090e+01 8.844139675592182925e+01
1.224568254745964602e+01 9.086253944366299606e+01
1.244397612860992197e+01 9.333262745816055883e+01
1.264387532580190054e+01 9.585229745936614165e+01
1.284538013903558351e+01 9.842218862917245303e+01
1.304849056831096910e+01 1.010429442531225703e+02
1.325320661362805552e+01 1.037152113452456916e+02
1.345952827498684634e+01 1.064396406648087918e+02
1.366745555238733623e+01 1.092168862713142232e+02
1.387698844582953406e+01 1.120393936197063738e+02
1.408812695531342918e+01 1.148643510626898916e+02
1.430087108083903225e+01 1.177413327830048786e+02
1.451522082240633438e+01 1.206709260786255697e+02
1.473117618001534090e+01 1.236537186736528042e+02
1.494873715366604827e+01 1.266903006469062660e+02
1.516790374335846003e+01 1.297812639402536945e+02
1.538867594909257441e+01 1.329272018068069769e+02
1.561105377086839141e+01 1.361287109732570002e+02
1.583503720868590925e+01 1.393863883756597204e+02
1.606062626254512438e+01 1.427008333230453445e+02
1.628782093244604923e+01 1.460726463380375151e+02
1.651662121838867847e+01 1.495024315916004127e+02
1.674702712037300500e+01 1.529907932361095391e+02
1.697903863839903948e+01 1.565383378419697351e+02
1.721265577246677481e+01 1.601456737832516808e+02
1.744787852257621452e+01 1.638134105493333834e+02
1.768470688872735508e+01 1.675421614815326166e+02
1.792314087092019292e+01 1.713325396607583002e+02
1.816318046915473872e+01 1.751851606462672919e+02
1.840482568343098890e+01 1.791006417895608251e+02
1.864807651374893993e+01 1.830796014661846698e+02
1.889293296010859180e+01 1.871226621461077286e+02
1.913939502250994806e+01 1.912304457873095487e+02
1.938746270095300517e+01 1.954035769091332497e+02
1.963713599543776667e+01 1.996426818256956039e+02
1.988841490596423256e+01 2.039483877888104075e+02
2.014129943253239929e+01 2.083213264280522594e+02
2.039578957514226687e+01 2.127621285959452848e+02
2.065188533379383884e+01 2.172714278114729041e+02
2.090958670848711520e+01 2.218498594042689547e+02
2.116889369922209241e+01 2.264980595582634919e+02
2.142980630599877401e+01 2.312166691612780483e+02
2.169232452881715290e+01 2.360063280412071265e+02
2.195644836767723973e+01 2.408676788202183161e+02
2.222217782257902741e+01 2.458013659587413997e+02
2.248951289352251237e+01 2.508080346886649181e+02
2.275845358050770528e+01 2.558883353182899896e+02
2.302899988353459904e+01 2.610429167901517076e+02
2.330115180260319718e+01 2.662724309916625316e+02
2.357490933771349972e+01 2.715775316876034822e+02
2.385027248886550311e+01 2.769588733293930432e+02
2.412724125605921088e+01 2.824171158668713133e+02
2.440581563929461595e+01 2.879529175503485590e+02
2.468599563857172896e+01 2.935120136784212832e+02
2.496778125389054281e+01 2.991019203628380296e+02
2.525117248525105751e+01 3.047672232469453775e+02
2.553616933265327660e+01 3.105084833981960060e+02
2.582277179609720363e+01 3.163262605993081138e+02
2.611097987558283151e+01 3.222211186360592592e+02
2.640079357111015668e+01 3.281936173843765800e+02
2.669221288267918624e+01 3.342443181000622303e+02
2.698523781028991309e+01 3.403737806700382862e+02
2.727986835394235143e+01 3.465825692781697285e+02
2.757610451363649062e+01 3.528712438694994376e+02
2.787394628937233065e+01 3.592403658501999075e+02
2.817339368114987508e+01 3.656904951247486224e+02
2.847444668896912390e+01 3.722221962204780539e+02
2.877710531283007001e+01 3.788360290631863450e+02
2.908136955273272051e+01 3.855325551390126861e+02
2.938723940867707540e+01 3.923123342918406138e+02
2.969471488066312048e+01 3.991759313528467032e+02
3.000379596869088061e+01 4.061239061577166467e+02
3.031448267276034159e+01 4.131568202204304043e+02
3.062677499287151051e+01 4.202752332661162313e+02
3.094067292902437316e+01 4.274797104031883350e+02
3.125617648121894376e+01 4.347708113287968672e+02
3.157328564945521876e+01 4.421490975469426985e+02
3.189200043373319460e+01 4.496151286231968811e+02
3.221232083405287483e+01 4.571694699336845247e+02
3.253424685041424880e+01 4.648126810045779962e+02
3.285777848281733782e+01 4.725453233076656261e+02
3.318291573126212057e+01 4.803679583074575135e+02
3.350965859574860417e+01 4.882811454010685566e+02
3.383800707627680282e+01 4.962854501779273164e+02
3.416796117284669521e+01 5.043814319888514888e+02
3.449952088545828843e+01 5.125696522622189377e+02
3.483268621411158961e+01 5.208506701980492153e+02
3.516745715880659162e+01 5.292250516824483384e+02
3.550383371954329448e+01 5.376933558714927130e+02
3.584181589632169818e+01 5.462561441683965313e+02
3.618140368914180982e+01 5.549139755793348741e+02
3.652259709800362231e+01 5.636674163246595981e+02
3.686539612290713563e+01 5.725170253741514443e+02
3.720980076385235691e+01 5.814633641279382346e+02
3.755581102083927192e+01 5.905069939900985219e+02
3.790342689386790198e+01 5.996484738314103424e+02
3.825264838293821157e+01 6.088883701877348358e+02
3.860347548805024331e+01 6.182272419110310011e+02
3.895590820920396880e+01 6.276656504447381622e+02
3.930994654639940222e+01 6.372041545182986511e+02
3.966559049963654360e+01 6.468433211143243398e+02
4.002284006891537871e+01 6.565837089616233015e+02
4.038169525423592177e+01 6.664258795876949080e+02
4.074215605559816566e+01 6.763703916165876535e+02
4.110422247300211041e+01 6.864178125489888771e+02
4.146789450644775599e+01 6.965687010303640818e+02
4.183317215593510952e+01 7.068236187254544802e+02
4.220005542146416389e+01 7.171831273425462996e+02
4.256854430303492620e+01 7.276477855438967026e+02
4.293863880064738225e+01 7.382181613752549083e+02
4.331033891430154625e+01 7.488948135541780857e+02
4.368364464399741109e+01 7.596359790094836626e+02
4.405855598973497678e+01 7.703162555177644890e+02
4.443507295151425041e+01 7.810958519945140779e+02
4.481319552933521777e+01 7.919751507194415581e+02
4.519292372319789308e+01 8.029545209094148959e+02
4.557425753310226924e+01 8.140343435854902054e+02
4.595719695904835334e+01 8.252149873863534140e+02
4.634174200103613828e+01 8.364968191662015897e+02
4.672789265906562406e+01 8.478802145014577718e+02
4.711564893313681068e+01 8.593655326896112001e+02
4.750501082324970525e+01 8.709531461359371178e+02
4.789597832940428646e+01 8.826434139513800119e+02
4.828855145160058981e+01 8.944366934388606296e+02
4.868273018983858691e+01 9.063333517948660756e+02
4.907851454411828485e+01 9.183337425548916144e+02
4.947590451443969073e+01 9.304382174519171258e+02
4.987490010080279745e+01 9.426471385453554603e+02
5.027550130320760502e+01 9.549608538304993317e+02
5.067770812165412053e+01 9.673797095205231926e+02
5.108152055614233689e+01 9.799040626068446045e+02
5.148693860667225408e+01 9.925342555825674253e+02
5.189396227324387922e+01 1.005270629212868698e+03
5.230259155585719810e+01 1.018113535467798897e+03
5.271282645451222493e+01 1.031063311415156477e+03
5.312466696920895970e+01 1.044120292412727622e+03
5.353811309994738821e+01 1.057284825457678380e+03
5.395316484672751756e+01 1.070557242248664807e+03
5.436982220954934775e+01 1.083937872823184762e+03
5.478808518841290010e+01 1.097427059238604215e+03
5.520795378331813907e+01 1.111025127901503311e+03
5.562942799426507889e+01 1.124732403612760436e+03
5.605250782125371956e+01 1.138549223512939307e+03
5.647719326428407527e+01 1.152475903895583770e+03
5.690348432335613182e+01 1.166512779131925299e+03
5.733138099846988212e+01 1.180660166743279660e+03
5.776088328962534035e+01 1.194918382762248712e+03
5.819199119682249943e+01 1.209287756666418545e+03
5.862470472006136646e+01 1.223768595692819190e+03
5.905902385934192722e+01 1.238361226590209071e+03
5.949494861466419593e+01 1.253065958238723624e+03
5.993247898602816548e+01 1.267883098185356175e+03
6.037161497343384298e+01 1.282812968251793336e+03
6.081235657688121421e+01 1.297855867021598215e+03
6.125470379637030049e+01 1.313012113571000327e+03
6.169865663190107341e+01 1.328282002819102900e+03
6.214421508347356848e+01 1.343665851081794926e+03
6.259137915108775019e+01 1.359163949702832952e+03
6.304014883474363984e+01 1.374776612201481157e+03
6.349052413444123033e+01 1.390504126459812369e+03
6.394250505018050035e+01 1.406346803137188544e+03
6.439609158196149963e+01 1.422304926798665065e+03
6.485128372978418554e+01 1.438378805146544892e+03
6.530808149364858650e+01 1.454568719611701908e+03
6.576648487355470252e+01 1.470874974800361997e+03
6.622649386950250516e+01 1.487297849239343122e+03
6.668810848149200865e+01 1.503837638140599438e+03
6.715132870952322719e+01 1.520494629315952807e+03
6.761615455359614657e+01 1.537269115795621701e+03
6.808258601371076679e+01 1.554161369291110532e+03
6.855062308986708786e+01 1.571171679646277880e+03
6.902026578206510976e+01 1.588300328857215163e+03
6.949151409030484672e+01 1.605547590813260740e+03
6.996436801458625609e+01 1.622913758591400892e+03
7.043882755490940895e+01 1.640399096793506487e+03
7.091489271127423422e+01 1.658003883520976387e+03
7.139256348368076033e+01 1.675728400790625301e+03
7.187183987212900149e+01 1.693573001773442002e+03
7.235272187661894350e+01 1.711537782749229109e+03
7.283520949715060055e+01 1.729623107278060615e+03
7.331930273372394424e+01 1.747829242937400295e+03
7.380500158633898877e+01 1.766156450158016696e+03
7.429230605499574835e+01 1.784605004721357091e+03
7.478121613969419457e+01 1.803175165185542937e+03
7.527173184043435583e+01 1.821867195502790537e+03
7.576385315721621794e+01 1.840681365573122775e+03
7.625758009003978088e+01 1.859617921066024337e+03
7.675291263890505888e+01 1.878677137033427925e+03
7.724985080381200930e+01 1.897859255846335145e+03
7.774839458476068899e+01 1.917164550056260168e+03
7.824854398175105530e+01 1.936593267447845847e+03
7.875029899478313666e+01 1.956145653702730215e+03
7.925365962385691887e+01 1.975821977945314757e+03
7.975862586897240192e+01 1.995622483726945120e+03
8.026519773012958581e+01 2.015547421246797057e+03
8.077337520732847054e+01 2.035597039427156233e+03
8.128315830056905611e+01 2.055771577129225989e+03
8.179454700985135673e+01 2.076071298033498806e+03
8.230754133517534399e+01 2.096496438797270912e+03
8.282214127654104630e+01 2.117047243313949821e+03
8.333834683394844944e+01 2.137723954239176692e+03
8.385615800739755343e+01 2.158526812998915375e+03
8.437557479688835826e+01 2.179456059796928912e+03
8.489659720242086394e+01 2.200511933622579818e+03
8.541922522399508466e+01 2.221694672258545779e+03
8.594345886161099202e+01 2.243004512288514888e+03
8.646929811526860021e+01 2.264441689104578018e+03
8.699674298496792346e+01 2.286006436915103222e+03
8.752579347070894755e+01 2.307698988752111745e+03
8.805644957249167248e+01 2.329519576478838644e+03
8.858871129031609826e+01 2.351468430797342080e+03
8.912257862418219645e+01 2.373545781255792008e+03
8.965805157409003812e+01 2.395751856256024894e+03
9.019513014003956641e+01 2.418086883060931541e+03
9.073381432203080976e+01 2.440551087801721224e+03
9.127410412006373974e+01 2.463144695485414559e+03
9.181599953413838477e+01 2.485867930006271763e+03
9.235950056425473065e+01 2.508721014141076012e+03
9.290460721041277736e+01 2.531704169566951805e+03
9.345131947261253913e+01 2.554817616871467180e+03
9.399963735085398753e+01 2.578061575544011248e+03
9.454956084513713677e+01 2.601436263998978120e+03
9.510108995546200106e+01 2.624941899578822813e+03
9.565422468182855198e+01 2.648578698551823891e+03
9.620896502423683216e+01 2.672346876134016838e+03
9.676531098268679898e+01 2.696246646483960831e+03
9.732326255717845243e+01 2.720278222714098320e+03
9.788281974771183513e+01 2.744441816903318795e+03
9.844398255428690447e+01 2.768737640088804710e+03
9.900675097690368887e+01 2.793165902293902491e+03
9.957112501556215989e+01 2.817726812511400567e+03
1.001371046702623460e+02 2.842420578734078390e+03
1.007046899410042187e+02 2.867247407938338256e+03
1.012738808277878348e+02 2.892207506113346426e+03
1.018446773306130950e+02 2.917301078247390251e+03
1.024170794494800987e+02 2.942528328347739716e+03
1.029910871843888032e+02 2.967889459445556440e+03
1.035667005353391943e+02 2.993384673597643541e+03
1.041439195023313147e+02 3.019014184392802690e+03
1.047227440853651075e+02 3.044778166942102416e+03
1.053031742844406153e+02 3.070676832966925758e+03
1.058852100995578098e+02 3.096710380740472374e+03
1.064688515307167336e+02 3.122879007706979792e+03
1.070540985779173297e+02 3.149160135381075179e+03
1.076409512411596410e+02 3.175540600139036087e+03
1.082294095204436815e+02 3.202058182774369470e+03
1.088194734157693944e+02 3.228713088473140942e+03
1.094111429271368223e+02 3.255505560918433730e+03
1.100044180545459511e+02 3.282435829939433461e+03
1.105992987979967808e+02 3.309504124614151351e+03
1.111957851574893112e+02 3.336710673273224984e+03
1.117938771330235426e+02 3.364055703504078792e+03
1.123935747245994889e+02 3.391539442154788958e+03
1.129948779322171362e+02 3.419162115338237527e+03
1.135977867558764842e+02 3.446923948435754028e+03
1.142023011955775189e+02 3.474825166101300056e+03
1.148084212513202687e+02 3.502865992265035857e+03
1.154161469231047192e+02 3.531046650137570396e+03
1.160254782109308707e+02 3.559367362213454726e+03
1.166364151147987371e+02 3.587828350275192406e+03
1.172489576347082902e+02 3.616429835396839735e+03
1.178631057706595584e+02 3.645172052530108431e+03
1.184788595226524706e+02 3.674055192085951148e+03
1.190962188906871404e+02 3.703079487709926525e+03
1.197151838747635111e+02 3.732245157680294142e+03
1.203357544748815968e+02 3.761552419585613279e+03
1.209579306910413550e+02 3.791001490328370892e+03
1.215817125232428282e+02 3.820592586128464518e+03
1.222070999714860307e+02 3.850325922527017610e+03
1.228340930357709198e+02 3.880201714389859262e+03
1.234626917160974813e+02 3.910220175910981197e+03
1.240928960124657863e+02 3.940381520616258058e+03
1.247247059248757637e+02 3.970685961366783886e+03
1.253581214533274704e+02 4.001133710362507827e+03
1.259931425978208637e+02 4.031724995269207284e+03
1.266297693583559578e+02 4.062459994597863897e+03
1.272680017349327670e+02 4.093338934837817305e+03
1.279078397275512629e+02 4.124362025578619068e+03
1.285492833362114879e+02 4.155529475765752068e+03
1.291923325609133713e+02 4.186841493704115237e+03
1.298369874016569838e+02 4.218298287060950315e+03
1.304832478584422972e+02 4.249900062869698559e+03
1.311311139312693399e+02 4.281647027532802895e+03
1.317805856201380266e+02 4.313539386825266774e+03
1.324316629250484709e+02 4.345577345897819214e+03
1.330843458460005877e+02 4.377761109280206256e+03
1.337386343829944053e+02 4.410090880884286889e+03
1.343945285360299522e+02 4.442566881577125969e+03
1.350520283051071999e+02 4.475189278742210263e+03
1.357111336902261201e+02 4.507958292189212443e+03
1.363718446913867695e+02 4.540874123390534805e+03
1.370341613085890913e+02 4.573936973216560546e+03
1.376980835418331424e+02 4.607147041938563234e+03
1.383636113911188943e+02 4.640504529231937340e+03
1.390307448564463471e+02 4.674009634179342356e+03
1.396994839378154722e+02 4.707662555273494945e+03
1.403698286352263551e+02 4.741463490420303060e+03
1.410417789486789104e+02 4.775412636941876372e+03
1.417153348781731665e+02 4.809510191579506682e+03
1.423904964237091235e+02 4.843756369643035214e+03
1.430672635852867813e+02 4.878151328234191169e+03
1.437456363629061684e+02 4.912695281709806295e+03
1.444256147565672279e+02 4.947388424517086605e+03
1.451071987662700167e+02 4.982230950537062199e+03
1.457903883920144779e+02 5.017223053087215703e+03
1.464751836338006399e+02 5.052364924924604566e+03
1.471615844916285312e+02 5.087656758248558617e+03
1.478495909654981233e+02 5.123098744703208467e+03
1.485392030554094163e+02 5.158691075380868824e+03
1.492304207613623817e+02 5.194433940824245838e+03
1.499232440833570763e+02 5.230327531029490274e+03
1.506176730213934718e+02 5.266372035448752285e+03
1.513137075754715966e+02 5.302567663519444977e+03
1.520113477455913653e+02 5.338914562338775795e+03
1.527105935317528349e+02 5.375412940493418319e+03
1.534114449339560622e+02 5.412062985287179799e+03
1.541139019522009619e+02 5.448864883493123671e+03
1.548179645864875624e+02 5.485818821356597255e+03
1.555236328368158638e+02 5.522924984597696493e+03
1.562309067031858945e+02 5.560183558413762512e+03
1.569397861855975975e+02 5.597594727482107373e+03
1.576502712840510299e+02 5.635158675962505185e+03
1.583623619985461630e+02 5.672875587499843277e+03
1.590760583290829686e+02 5.710745645226598754e+03
1.597913602756615035e+02 5.748769053918616009e+03
1.605082678382817392e+02 5.786945951131995571e+03
1.612267810169436757e+02 5.825276540883947746e+03
1.619468998116473131e+02 5.863761004281998794e+03
1.626686242223926513e+02 5.902399521933920369e+03
1.633919542491796904e+02 5.941192273949721312e+03
1.641168898920084303e+02 5.980139439944327933e+03
1.648434311508788710e+02 6.019241199039795902e+03
1.655715780257910126e+02 6.058497729867976886e+03
1.663013305167448834e+02 6.097909210572375741e+03
1.670326886237404267e+02 6.137475818811347381e+03
1.677656523467776992e+02 6.177197731759495582e+03
1.685002216858566442e+02 6.217075149971857172e+03
1.692363966409773184e+02 6.257108201659582846e+03
1.699741772121396934e+02 6.297297086706298614e+03
1.707135633993437409e+02 6.337641980376475658e+03
1.714545552025895176e+02 6.378143057463219520e+03
1.721971526218769952e+02 6.418800492289581598e+03
1.729413556572061736e+02 6.459614458711748739e+03
1.736871643085770529e+02 6.500585130120583926e+03
1.744345785759896330e+02 6.541712679443981870e+03
1.751835984594439140e+02 6.582997279149348287e+03
1.759342239589398957e+02 6.624439101245537131e+03
1.766864550744775784e+02 6.666038317284863297e+03
1.774402918060569903e+02 6.707795124044187105e+03
1.781957341536780746e+02 6.749709640501589092e+03
1.789527821173408597e+02 6.791782062845646578e+03
1.797114356970453741e+02 6.834012560825076434e+03
1.804716948927915610e+02 6.876401303742695745e+03
1.812335597045794771e+02 6.918948460457891997e+03
1.819970301324090656e+02 6.961654199388315647e+03
1.827621061762804118e+02 7.004518688512443077e+03
1.835287878361934020e+02 7.047542095371009964e+03
1.842970751121481214e+02 7.090724587069710651e+03
1.850669680041445417e+02 7.134066330280719740e+03
1.858384665121826629e+02 7.177567491244764824e+03
1.866115706362624849e+02 7.221228235773520282e+03
1.873862803763840077e+02 7.265048756543551463e+03
1.881625957325472314e+02 7.309029163589255404e+03
1.889405167047521843e+02 7.353169649080990894e+03
1.897200432929988096e+02 7.397470377132560316e+03
1.905011754972871074e+02 7.441931511438370762e+03
1.912839133176171345e+02 7.486553215275144794e+03
1.920682567539888908e+02 7.531335651504025009e+03
1.928542058064023479e+02 7.576278982572222958e+03
1.936417604748574774e+02 7.621383370515130082e+03
1.944309207593543363e+02 7.666648976958080311e+03
1.952216866598928959e+02 7.712075963118295476e+03
1.960140581764731280e+02 7.757664489806571510e+03
1.968080353090951178e+02 7.803414746818511958e+03
1.976036180577587515e+02 7.849326835008133457e+03
1.984008064224641146e+02 7.895400943742683012e+03
1.991996004032111784e+02 7.941637232225804837e+03
2.000000000000000000e+02 7.988035859264520695e+03
