9.000000000000000000e+01 6.756295664203466004e+03
9.983967935871743293e+01 7.829950064942825520e+03
1.096793587174348659e+02 8.941873268467743401e+03
1.195190380761522988e+02 1.009157066559226769e+04
1.293587174348697317e+02 1.127678935825988992e+04
1.391983967935871647e+02 1.249557920720097354e+04
1.490380761523045976e+02 1.374623325104276410e+04
1.588777555110220305e+02 1.502724315610858321e+04
1.687174348697394635e+02 1.633726495068090117e+04
1.785571142284568964e+02 1.767509224065838862e+04
1.883967935871743293e+02 1.903963548757669923e+04
1.982364729458917623e+02 2.042990489677962250e+04
2.080761523046091952e+02 2.184499682081396168e+04
2.179158316633266281e+02 2.328408222623788242e+04
2.277555110220440611e+02 2.474639774438658424e+04
2.375951903807615224e+02 2.623123759139025788e+04
2.474348697394789554e+02 2.773794703780567943e+04
2.572745490981964167e+02 2.926591679773670330e+04
2.671142284569137928e+02 3.081621297646214225e+04
2.769539078156312826e+02 3.238709890057639859e+04
2.867935871743486587e+02 3.397769345301631984e+04
2.966332665330660916e+02 3.558752529013290768e+04
3.064729458917835245e+02 3.721615032142985001e+04
3.163126252505010143e+02 3.886314929466611648e+04
3.261523046092183904e+02 4.052812566506503936e+04
3.359919839679358802e+02 4.221070371097369934e+04
3.458316633266532563e+02 4.391052684307469463e+04
3.556713426853707460e+02 4.562725611000895879e+04
3.655110220440881221e+02 4.736056885745016916e+04
3.753507014028056119e+02 4.911015751776912657e+04
3.851903807615230448e+02 5.087572852141047042e+04
3.950300601202404209e+02 5.265700131580310699e+04
4.048697394789579107e+02 5.445370746938256343e+04
4.147094188376753436e+02 5.626558985617252620e+04
4.245490981963927766e+02 5.809240192903813295e+04
4.343887775551102095e+02 5.993390704116522829e+04
4.442284569138275856e+02 6.178987782973094727e+04
4.540681362725450185e+02 6.366009565300808026e+04
4.639078156312625083e+02 6.554435007179905369e+04
4.737474949899799412e+02 6.744243835740051873e+04
4.835871743486973742e+02 6.935416507010482019e+04
4.934268537074148071e+02 7.127934164535424497e+04
5.032665330661321832e+02 7.321778601745351625e+04
5.131062124248496730e+02 7.516932227428430633e+04
5.229458917835670491e+02 7.713378033144444635e+04
5.327855711422845388e+02 7.911099561793774774e+04
5.426252505010020286e+02 8.110080881689583475e+04
5.524649298597194047e+02 8.310306538269411249e+04
5.623046092184367808e+02 8.511761614500101132e+04
5.721442885771542706e+02 8.714431582975191122e+04
5.819839679358717603e+02 8.918302365995907167e+04
5.918236472945891364e+02 9.123360296051269688e+04
6.016633266533065125e+02 9.329592097557923989e+04
6.115030060120240023e+02 9.536984868949127849e+04
