5.246854430303492522e-01 1.130446329233387059e+00
5.624174200103612131e-01 1.258821191923754856e+00
6.017550130320761248e-01 1.398605339958182370e+00
6.426982220954935432e-01 1.550410295743806843e+00
6.852470472006135793e-01 1.708342151997962466e+00
7.294014883474362332e-01 1.874369265661628869e+00
7.751615455359616158e-01 2.052749588017090510e+00
8.225272187661896162e-01 2.244046880384828579e+00
8.714985080381201232e-01 2.448832876279584347e+00
9.220754133517534701e-01 2.667687358703679568e+00
9.742579347070893236e-01 2.901198241463551764e+00
1.028046072104128017e+00 3.149961803489660817e+00
1.083439825542869439e+00 3.414583015331955629e+00
1.140439195023312813e+00 3.695675818597600415e+00
1.199044180545459692e+00 3.993863649460554832e+00
1.259254782109308746e+00 4.309779811544792949e+00
1.321070999714860417e+00 4.639904540975841485e+00
1.384492833362114927e+00 4.985823360064358667e+00
1.449520283051072056e+00 5.350858943510110599e+00
1.516153348781731580e+00 5.735674638367339817e+00
1.584392030554093944e+00 6.140943791145828889e+00
1.654236328368158926e+00 6.567349942895394754e+00
1.725686242223926969e+00 7.015586807613432896e+00
1.798741772121396965e+00 7.486358465691746567e+00
1.873402918060570244e+00 7.980379606189098141e+00
1.949669680041445030e+00 8.498375516948469155e+00
2.027542058064023323e+00 9.041082344960770456e+00
2.107020052128304677e+00 9.609247411995196941e+00
2.188103662234287761e+00 1.020362921839875092e+01
2.270792888381974350e+00 1.082340870268256872e+01
2.355087730571363114e+00 1.146894967987090297e+01
2.440988188802454495e+00 1.214281980323417898e+01
2.528494263075248050e+00 1.284580969990362753e+01
2.617605953389745110e+00 1.357871981316792009e+01
2.708323259745944345e+00 1.434236065501713853e+01
2.800646182143846641e+00 1.513755252797019857e+01
2.894574720583451111e+00 1.596512573604908880e+01
2.990108875064758642e+00 1.682592086682664956e+01
3.087248645587767903e+00 1.772078849121082911e+01
3.185994032152480671e+00 1.865058944851328704e+01
3.286345034758896055e+00 1.961619521049423298e+01
3.388301653407014058e+00 2.061848755658468235e+01
3.491863888096834234e+00 2.165835894091516067e+01
3.597031738828357472e+00 2.273671294708596236e+01
3.703805205601583772e+00 2.385197908223691954e+01
3.812184288416512246e+00 2.500708998783692394e+01
3.922168987273143781e+00 2.620301619930332038e+01
4.033759302171477046e+00 2.744063967949263727e+01
4.146955233111511596e+00 2.872084761187577584e+01
4.261756780093250541e+00 3.004453268785282205e+01
4.378163943116692991e+00 3.141259227196441373e+01
4.496176722181838059e+00 3.282592867532760295e+01
4.615795117288683969e+00 3.428544952928749723e+01
4.737019128437234272e+00 3.579206688211126419e+01
4.859848755627486305e+00 3.734669755910532274e+01
4.984283998859440956e+00 3.895026362797079145e+01
5.110324858133099113e+00 4.060369124302619781e+01
5.237971333448458999e+00 4.230791199195798669e+01
5.367223424805522392e+00 4.406386166732925602e+01
5.498081132204287513e+00 4.587248080059725908e+01
5.630544455644756141e+00 4.773471531476629082e+01
5.764613395126925610e+00 4.965512887141195364e+01
5.900287950650798585e+00 5.164411580343094954e+01
6.037568122216375066e+00 5.368955789982820903e+01
6.176453909823653277e+00 5.579232435086908737e+01
6.316945313472634993e+00 5.795328087710861098e+01
6.459042333163318439e+00 6.017329162143612820e+01
6.602744968895707167e+00 6.245321709375770780e+01
6.748053220669795849e+00 6.479391480416721549e+01
6.894967088485587148e+00 6.719623997702061047e+01
7.043486572343081953e+00 6.966104335961267680e+01
7.193611672242280264e+00 7.218917347835919429e+01
7.345342388183179416e+00 7.478147401151805695e+01
7.498678720165779410e+00 7.743878625208709821e+01
7.653620668190084686e+00 8.016194630515390429e+01
7.810168232256092580e+00 8.295178776530714515e+01
7.968321412363803979e+00 8.580913873053054886e+01
8.128080208513217997e+00 8.873482470168423220e+01
8.289444620704333744e+00 9.172966540457346696e+01
8.452414648937150332e+00 9.479447791940859247e+01
8.616990293211673091e+00 9.793007330226457441e+01
8.783171553527896691e+00 1.011372599522234879e+02
8.950958429885822909e+00 1.044168400236687120e+02
9.120350922285451745e+00 1.077696130384582176e+02
9.291349030726783198e+00 1.111963720804671851e+02
9.463952755209817269e+00 1.146979076602235779e+02
9.638162095734552182e+00 1.182822019505107534e+02
9.813977052300991488e+00 1.219457845047496676e+02
9.991397624909135189e+00 1.256851285282362198e+02
1.017042381355897973e+01 1.295008796960832456e+02
1.035105561825052689e+01 1.333936728213677156e+02
1.053329303898377667e+01 1.373641361917818813e+02
1.071713607575873084e+01 1.414128865186320070e+02
1.090258472857538585e+01 1.455405333167595359e+02
1.108963899743374348e+01 1.497476771269828077e+02
1.127829888233380373e+01 1.540349072319028210e+02
1.146856438327556660e+01 1.584028058862441810e+02
1.166043550025903386e+01 1.628519463611019944e+02
1.185391223328420196e+01 1.673828904329801048e+02
1.204899458235107090e+01 1.719961939298400750e+02
1.224568254745964602e+01 1.766924004060477102e+02
1.244397612860992197e+01 1.814720467276632974e+02
1.264387532580190054e+01 1.863356608772689924e+02
1.284538013903558351e+01 1.912837591526841834e+02
1.304849056831096910e+01 1.963168524490638731e+02
1.325320661362805552e+01 2.014354391592268883e+02
1.345952827498684634e+01 2.066400114779996215e+02
1.366745555238733623e+01 2.119310529517388773e+02
1.387698844582953406e+01 2.173090353663644407e+02
1.408812695531342918e+01 2.227744247480133026e+02
1.430087108083903225e+01 2.283276786715380808e+02
1.451522082240633438e+01 2.339692428649892690e+02
1.473117618001534090e+01 2.396995589237193371e+02
1.494873715366604827e+01 2.455190556654627869e+02
1.516790374335846003e+01 2.514281568291652889e+02
1.538867594909257441e+01 2.574272780974198440e+02
1.561105377086839141e+01 2.635168233724157290e+02
1.583503720868590925e+01 2.696971920238867142e+02
1.606062626254512438e+01 2.759687756424079339e+02
1.628782093244604923e+01 2.823319540016686346e+02
1.651662121838867847e+01 2.887871029249153025e+02
1.674702712037300500e+01 2.953345907536738650e+02
1.697903863839903948e+01 3.019747739833816809e+02
1.721265577246677481e+01 3.087080072266802517e+02
1.744787852257621452e+01 3.155346321021680751e+02
1.768470688872735508e+01 3.224549870964325464e+02
1.792314087092019292e+01 3.294694037290421420e+02
1.816318046915473872e+01 3.365782018766444708e+02
1.840482568343098890e+01 3.437816989087963861e+02
1.864807651374893993e+01 3.510802055546409974e+02
1.889293296010859180e+01 3.584740209088683400e+02
1.913939502250994806e+01 3.659664320075992237e+02
1.938746270095300517e+01 3.735837689299029307e+02
1.963713599543776667e+01 3.812982020973074668e+02
1.988841490596423256e+01 3.891100633445771564e+02
2.014129943253239929e+01 3.970196850764824603e+02
2.039578957514226687e+01 4.050273953407653948e+02
2.065188533379383884e+01 4.131335118516715852e+02
2.090958670848711520e+01 4.213383536028570688e+02
2.116889369922209241e+01 4.296422354696100570e+02
2.142980630599877401e+01 4.380454619185747447e+02
2.169232452881715290e+01 4.465483391849209625e+02
2.195644836767723973e+01 4.551511695756680638e+02
2.222217782257902741e+01 4.638542449515302337e+02
2.248951289352251237e+01 4.726578593818719582e+02
2.275845358050770528e+01 4.815623009579226164e+02
2.302899988353459904e+01 4.905678562269163763e+02
2.330115180260319718e+01 4.996748010087035254e+02
2.357490933771349972e+01 5.088834141333137495e+02
2.385027248886550311e+01 5.181939685187311397e+02
2.412724125605921088e+01 5.276067334459575022e+02
2.440581563929461595e+01 5.371219746198920575e+02
2.468599563857172896e+01 5.467399542296368509e+02
2.496778125389054281e+01 5.564609310082577167e+02
2.525117248525105751e+01 5.662851602920790128e+02
2.553616933265327660e+01 5.762128940797196037e+02
2.582277179609720363e+01 5.862443810907544730e+02
2.611097987558283151e+01 5.963798641792027411e+02
2.640079357111015668e+01 6.066195885728603798e+02
2.669221288267918624e+01 6.169637942042921850e+02
2.698523781028991309e+01 6.274127135484633300e+02
2.727986835394235143e+01 6.379665819245898319e+02
2.757610451363649062e+01 6.486256623263658412e+02
2.787394628937233065e+01 6.593901142532349695e+02
2.817339368114987508e+01 6.702601965024474566e+02
2.847444668896912390e+01 6.812361307553615006e+02
2.877710531283007001e+01 6.923181333664613248e+02
2.908136955273272051e+01 7.035064206102227899e+02
2.938723940867707540e+01 7.148012059397987059e+02
2.969471488066312048e+01 7.262027030013890680e+02
3.000379596869088061e+01 7.377111167812429358e+02
3.031448267276034159e+01 7.493266526171208852e+02
3.062677499287151051e+01 7.610495098236002605e+02
3.094067292902437316e+01 7.728798956260577597e+02
3.125617648121894376e+01 7.848180045970464107e+02
3.157328564945521876e+01 7.968640322626872603e+02
3.189200043373319460e+01 8.090181717989838717e+02
3.221232083405287483e+01 8.212806140713424838e+02
3.253424685041424880e+01 8.336515476733748073e+02
3.285777848281733782e+01 8.461311589651066924e+02
3.318291573126212057e+01 8.587196321104197523e+02
3.350965859574860417e+01 8.714171491139210275e+02
3.383800707627680282e+01 8.842238898570944912e+02
3.416796117284669521e+01 8.971400321338840058e+02
3.449952088545828843e+01 9.101657516855888161e+02
3.483268621411158961e+01 9.233012262267876622e+02
3.516745715880659162e+01 9.365466194669314746e+02
3.550383371954329448e+01 9.499021052230044688e+02
3.584181589632169818e+01 9.633678513633525426e+02
3.618140368914180982e+01 9.769440238690673368e+02
3.652259709800362231e+01 9.906307868652930892e+02
3.686539612290713563e+01 1.004428302652004618e+03
3.720980076385235691e+01 1.018336736119785542e+03
3.755581102083927192e+01 1.032356237143540056e+03
3.790342689386790198e+01 1.046486967202804408e+03
3.825264838293821157e+01 1.060729081594053923e+03
3.860347548805024331e+01 1.075082733934137195e+03
3.895590820920396880e+01 1.089548076187869810e+03
3.930994654639940222e+01 1.104125263391035560e+03
3.966559049963654360e+01 1.118814434766507475e+03
4.002284006891537871e+01 1.133615742305083586e+03
4.038169525423592177e+01 1.148529331629376202e+03
4.074215605559816566e+01 1.163555346840296124e+03
4.110422247300211041e+01 1.178693935599042788e+03
4.146789450644775599e+01 1.193945228768318202e+03
4.183317215593510952e+01 1.209309371241760800e+03
4.220005542146416389e+01 1.224786501275651744e+03
4.256854430303492620e+01 1.240376755723420956e+03
4.293863880064738225e+01 1.256080270057896541e+03
4.331033891430154625e+01 1.271897183600959806e+03
4.368364464399741109e+01 1.287827618539912237e+03
4.405855598973497678e+01 1.303871711722279088e+03
4.443507295151425041e+01 1.320029593315491638e+03
4.481319552933521777e+01 1.336301392212665178e+03
4.519292372319789308e+01 1.352687241540440709e+03
4.557425753310226924e+01 1.369187256531446110e+03
4.595719695904835334e+01 1.385801568062945535e+03
4.634174200103613828e+01 1.402530300127978080e+03
4.672789265906562406e+01 1.419373575546436314e+03
4.711564893313681068e+01 1.436331521742382847e+03
4.750501082324970525e+01 1.453404247488302644e+03
4.789597832940428646e+01 1.470591878149264630e+03
4.828855145160058981e+01 1.487894532009958994e+03
4.868273018983858691e+01 1.505312326265696356e+03
4.907851454411828485e+01 1.522845383079200701e+03
4.947590451443969073e+01 1.540493805206336674e+03
4.987490010080279745e+01 1.558257712948671269e+03
5.027550130320760502e+01 1.576137219307027181e+03
5.067770812165412053e+01 1.594132442852403074e+03
5.108152055614233689e+01 1.612243481172044085e+03
5.148693860667225408e+01 1.630470451140865634e+03
5.189396227324387922e+01 1.648813461793252827e+03
5.230259155585719810e+01 1.667272621233057180e+03
5.271282645451222493e+01 1.685848043540845993e+03
5.312466696920895970e+01 1.704539820867672006e+03
5.353811309994738821e+01 1.723348065740561424e+03
5.395316484672751756e+01 1.742272882601026822e+03
5.436982220954934775e+01 1.761314375008562592e+03
5.478808518841290010e+01 1.780472645653240761e+03
5.520795378331813907e+01 1.799747803349698188e+03
5.562942799426507889e+01 1.819139934845295556e+03
5.605250782125371956e+01 1.838649147566511374e+03
5.647719326428407527e+01 1.858275540856561292e+03
5.690348432335613182e+01 1.878019213247871221e+03
5.733138099846988212e+01 1.897880269816532518e+03
5.776088328962534035e+01 1.917858792499926949e+03
5.819199119682249943e+01 1.937954885129773174e+03
5.862470472006136646e+01 1.958168643113468306e+03
5.905902385934192722e+01 1.978500161105391044e+03
5.949494861466419593e+01 1.998949540801425201e+03
5.993247898602816548e+01 2.019516859499903376e+03
6.037161497343384298e+01 2.040202217767651291e+03
6.081235657688121421e+01 2.061005707350569082e+03
6.125470379637030049e+01 2.081927419292582726e+03
6.169865663190107341e+01 2.102967452202334698e+03
6.214421508347356848e+01 2.124125878897653820e+03
6.259137915108775019e+01 2.145402796988406408e+03
6.304014883474363984e+01 2.166798294803859790e+03
6.349052413444123033e+01 2.188312460018969432e+03
6.394250505018050035e+01 2.209945379647582740e+03
6.439609158196149963e+01 2.231697148543441472e+03
6.485128372978418554e+01 2.253567835196826763e+03
6.530808149364858650e+01 2.275557533561318905e+03
6.576648487355470252e+01 2.297666328161175443e+03
6.622649386950250516e+01 2.319894302915487970e+03
6.668810848149200865e+01 2.342241550240752986e+03
6.715132870952322719e+01 2.364708134315208554e+03
6.761615455359614657e+01 2.387294146761934826e+03
6.808258601371076679e+01 2.409999669156984055e+03
6.855062308986708786e+01 2.432824782510799196e+03
6.902026578206510976e+01 2.455769567292572447e+03
6.949151409030484672e+01 2.478834112813462980e+03
6.996436801458625609e+01 2.502018479177070731e+03
7.043882755490940895e+01 2.525322755020230488e+03
7.091489271127423422e+01 2.548747018623736494e+03
7.139256348368076033e+01 2.572291347743062033e+03
7.187183987212900149e+01 2.595955819615204291e+03
7.235272187661894350e+01 2.619740520836796804e+03
7.283520949715060055e+01 2.643645507491707122e+03
7.331930273372394424e+01 2.667670865576488268e+03
7.380500158633898877e+01 2.691816670316426553e+03
7.429230605499574835e+01 2.716082996457808804e+03
7.478121613969419457e+01 2.740469918269005575e+03
7.527173184043435583e+01 2.764977519915169978e+03
7.576385315721621794e+01 2.789605853489557376e+03
7.625758009003978088e+01 2.814355002662803599e+03
7.675291263890505888e+01 2.839225039821978498e+03
7.724985080381200930e+01 2.864216036900612835e+03
7.774839458476068899e+01 2.889328065384170714e+03
7.824854398175105530e+01 2.914561196315321013e+03
7.875029899478313666e+01 2.939915510951262149e+03
7.925365962385691887e+01 2.965391057784646364e+03
7.975862586897240192e+01 2.990987917609687429e+03
8.026519773012958581e+01 3.016706159738381302e+03
8.077337520732847054e+01 3.042545853075119339e+03
8.128315830056905611e+01 3.068507066111420500e+03
8.179454700985135673e+01 3.094589878432845580e+03
8.230754133517534399e+01 3.120794334284944398e+03
8.282214127654104630e+01 3.147120512931913709e+03
8.333834683394844944e+01 3.173568481249290471e+03
8.385615800739755343e+01 3.200138305705059338e+03
8.437557479688835826e+01 3.226830052403841819e+03
8.489659720242086394e+01 3.253643787073738622e+03
8.541922522399508466e+01 3.280579575084821499e+03
8.594345886161099202e+01 3.307637493229213305e+03
8.646929811526860021e+01 3.334817582101381049e+03
8.699674298496792346e+01 3.362119918131618761e+03
8.752579347070894755e+01 3.389544565248133949e+03
8.805644957249167248e+01 3.417091586996092246e+03
8.858871129031609826e+01 3.444761046471534428e+03
8.912257862418219645e+01 3.472553006580797955e+03
8.965805157409003812e+01 3.500467529770709916e+03
9.019513014003956641e+01 3.528504691016838933e+03
9.073381432203080976e+01 3.556664526234721507e+03
9.127410412006373974e+01 3.584947110187492399e+03
9.181599953413838477e+01 3.613352504170245538e+03
9.235950056425473065e+01 3.641880769638521542e+03
9.290460721041277736e+01 3.670531959236652256e+03
9.345131947261253913e+01 3.699757008553595824e+03
9.399963735085398753e+01 3.729169534546082559e+03
9.454956084513713677e+01 3.758716365334401416e+03
9.510108995546200106e+01 3.788397644617714832e+03
9.565422468182855198e+01 3.818213528868791400e+03
9.620896502423683216e+01 3.848164133795242833e+03
9.676531098268679898e+01 3.878249615222865941e+03
9.732326255717845243e+01 3.908470114946831018e+03
9.788281974771183513e+01 3.938825774314477258e+03
9.844398255428690447e+01 3.969316734227877987e+03
