5.367223424805522392e+00 2.696738907617332259e+01
5.498081132204287513e+00 2.810743303112787927e+01
5.630544455644756141e+00 2.928238759303521732e+01
5.764613395126925610e+00 3.049289065991433745e+01
5.900287950650798585e+00 3.173958283193279328e+01
6.037568122216375066e+00 3.302310631313771694e+01
6.176453909823653277e+00 3.434410598183253427e+01
6.316945313472634993e+00 3.570322821333374463e+01
6.459042333163318439e+00 3.710112122473851315e+01
6.602744968895707167e+00 3.853843551016010593e+01
6.748053220669795849e+00 4.001582270056294277e+01
6.894967088485587148e+00 4.153393596668479404e+01
7.043486572343081953e+00 4.309343051811195124e+01
7.193611672242280264e+00 4.469496214061157957e+01
7.345342388183179416e+00 4.633918872851954518e+01
7.498678720165779410e+00 4.802676871807430103e+01
7.653620668190084686e+00 4.975836161991563245e+01
7.810168232256092580e+00 5.153462866160235478e+01
7.968321412363803979e+00 5.335623128638097512e+01
8.128080208513217997e+00 5.522383175806276512e+01
8.289444620704333744e+00 5.713809388186783167e+01
8.452414648937150332e+00 5.909968136738271482e+01
8.616990293211673091e+00 6.110925851037819712e+01
8.783171553527896691e+00 6.318219832213622311e+01
8.950958429885822909e+00 6.530735041978789468e+01
9.120350922285451745e+00 6.748265803865405132e+01
9.291349030726783198e+00 6.970874853820212991e+01
9.463952755209817269e+00 7.198624846659552645e+01
9.638162095734552182e+00 7.431578110181503405e+01
9.813977052300991488e+00 7.669796914158524714e+01
9.991397624909135189e+00 7.913343170926307835e+01
1.017042381355897973e+01 8.162278728694181495e+01
1.035105561825052689e+01 8.416665090212696043e+01
1.053329303898377667e+01 8.676563521085701325e+01
1.071713607575873084e+01 8.942035168105086029e+01
1.090258472857538585e+01 9.213140755987029706e+01
1.108963899743374348e+01 9.489940927386028591e+01
1.127829888233380373e+01 9.772495873989147697e+01
1.146856438327556660e+01 1.006086570513465404e+02
1.166043550025903386e+01 1.035511010248445132e+02
1.185391223328420196e+01 1.065528845887122174e+02
1.204899458235107090e+01 1.096146002701088094e+02
1.224568254745964602e+01 1.127368355020782928e+02
1.244397612860992197e+01 1.159201768346405714e+02
1.264387532580190054e+01 1.191652054484248993e+02
1.284538013903558351e+01 1.224725016961458550e+02
1.304849056831096910e+01 1.258426409174706890e+02
1.325320661362805552e+01 1.292761951731356760e+02
1.345952827498684634e+01 1.327737350701079606e+02
1.366745555238733623e+01 1.363358253204921482e+02
1.387698844582953406e+01 1.399630298632884262e+02
1.408812695531342918e+01 1.435973874113511215e+02
1.430087108083903225e+01 1.472727243251758580e+02
1.451522082240633438e+01 1.510131821910051713e+02
1.473117618001534090e+01 1.548193502868500104e+02
1.494873715366604827e+01 1.586918136614512207e+02
1.516790374335846003e+01 1.626311587475952933e+02
1.538867594909257441e+01 1.666379682320402082e+02
1.561105377086839141e+01 1.707128232217656318e+02
1.583503720868590925e+01 1.748563055985009385e+02
1.606062626254512438e+01 1.790689932921746390e+02
1.628782093244604923e+01 1.833514625958561339e+02
1.651662121838867847e+01 1.877042906615980655e+02
1.674702712037300500e+01 1.921280504945007976e+02
1.697903863839903948e+01 1.966233134136661818e+02
1.721265577246677481e+01 2.011906516927673465e+02
1.744787852257621452e+01 2.058306323299820519e+02
1.768470688872735508e+01 2.105438243574608919e+02
1.792314087092019292e+01 2.153307922280039861e+02
1.816318046915473872e+01 2.201920986444807227e+02
1.840482568343098890e+01 2.251283075753908633e+02
1.864807651374893993e+01 2.301399782213633216e+02
1.889293296010859180e+01 2.352276680060178080e+02
1.913939502250994806e+01 2.403919357497478870e+02
1.938746270095300517e+01 2.456333341950897307e+02
1.963713599543776667e+01 2.509524187924505441e+02
1.988841490596423256e+01 2.563497397721631046e+02
2.014129943253239929e+01 2.618258455543799528e+02
2.039578957514226687e+01 2.673812863529637411e+02
2.065188533379383884e+01 2.730166069732572396e+02
2.090958670848711520e+01 2.787323504014543687e+02
2.116889369922209241e+01 2.845290615821875235e+02
2.142980630599877401e+01 2.904072785280042694e+02
2.169232452881715290e+01 2.963675427804192850e+02
2.195644836767723973e+01 3.024103899841095995e+02
2.222217782257902741e+01 3.085363539581314285e+02
2.248951289352251237e+01 3.147459709626805875e+02
2.275845358050770528e+01 3.210397711682041972e+02
2.302899988353459904e+01 3.274182829233136545e+02
2.330115180260319718e+01 3.338820372144347743e+02
2.357490933771349972e+01 3.404315587463125894e+02
2.385027248886550311e+01 3.470673704101894259e+02
2.412724125605921088e+01 3.537899979383084315e+02
2.440581563929461595e+01 3.605999589444373328e+02
2.468599563857172896e+01 3.674977758255583922e+02
2.496778125389054281e+01 3.744839641518021836e+02
2.525117248525105751e+01 3.815590377013139118e+02
2.553616933265327660e+01 3.887235136800992450e+02
2.582277179609720363e+01 3.959779022681576066e+02
2.611097987558283151e+01 4.033227118723929721e+02
2.640079357111015668e+01 4.107584545530056062e+02
2.669221288267918624e+01 4.183185133349941793e+02
2.698523781028991309e+01 4.260358718517776424e+02
2.727986835394235143e+01 4.338461824695079372e+02
2.757610451363649062e+01 4.417499157790996946e+02
2.787394628937233065e+01 4.497475489207173496e+02
2.817339368114987508e+01 4.578395484402337843e+02
2.847444668896912390e+01 4.660263880585110883e+02
2.877710531283007001e+01 4.743085328442591049e+02
2.908136955273272051e+01 4.826864461759397500e+02
2.938723940867707540e+01 4.911605964904783264e+02
2.969471488066312048e+01 4.997314411687434585e+02
3.000379596869088061e+01 5.083994454205571287e+02
3.031448267276034159e+01 5.171650653806916580e+02
3.062677499287151051e+01 5.260287555468322580e+02
3.094067292902437316e+01 5.349909760118514441e+02
3.125617648121894376e+01 5.440521751943173285e+02
3.157328564945521876e+01 5.532128100768444483e+02
3.189200043373319460e+01 5.624733254025990163e+02
3.221232083405287483e+01 5.718341750939279109e+02
3.253424685041424880e+01 5.812958030880698743e+02
3.285777848281733782e+01 5.908586517760036259e+02
3.318291573126212057e+01 6.005231701537587696e+02
3.350965859574860417e+01 6.102897943389448301e+02
3.383800707627680282e+01 6.201589703664342323e+02
3.416796117284669521e+01 6.301311308066544825e+02
3.449952088545828843e+01 6.402067187733068749e+02
3.483268621411158961e+01 6.503861664696188427e+02
3.516745715880659162e+01 6.606699047037394621e+02
3.550383371954329448e+01 6.710583717743036232e+02
3.584181589632169818e+01 6.815519920800660429e+02
3.618140368914180982e+01 6.921512010505492754e+02
3.652259709800362231e+01 7.028564197269172382e+02
3.686539612290713563e+01 7.136680806874306882e+02
3.720980076385235691e+01 7.245866016793848985e+02
3.755581102083927192e+01 7.356124124371937114e+02
3.790342689386790198e+01 7.467459274893348038e+02
3.825264838293821157e+01 7.579875737206989470e+02
3.860347548805024331e+01 7.693377625300369118e+02
3.895590820920396880e+01 7.807969179307644936e+02
3.930994654639940222e+01 7.923654482987502661e+02
3.966559049963654360e+01 8.040437710564383451e+02
4.002284006891537871e+01 8.158323027173933042e+02
4.038169525423592177e+01 8.277314467820458503e+02
4.074215605559816566e+01 8.397416166221578351e+02
4.110422247300211041e+01 8.518632245333093351e+02
4.146789450644775599e+01 8.640966695397136164e+02
4.183317215593510952e+01 8.764423609211760322e+02
4.220005542146416389e+01 8.889007027677823771e+02
4.256854430303492620e+01 9.014720978028001355e+02
4.293863880064738225e+01 9.141569473976104518e+02
4.331033891430154625e+01 9.269556474770017758e+02
4.368364464399741109e+01 9.398686010513749807e+02
4.405855598973497678e+01 9.528962065276801923e+02
4.443507295151425041e+01 9.660388577965053400e+02
4.481319552933521777e+01 9.792969458886249186e+02
4.519292372319789308e+01 9.926709206662275164e+02
4.557425753310226924e+01 1.006161070224117452e+03
4.595719695904835334e+01 1.019767830551870020e+03
4.634174200103613828e+01 1.033491595228363394e+03
4.672789265906562406e+01 1.047332754263517472e+03
4.711564893313681068e+01 1.061291690463848226e+03
4.750501082324970525e+01 1.075368789517100822e+03
4.789597832940428646e+01 1.089564440680411508e+03
4.828855145160058981e+01 1.103879016741830810e+03
4.868273018983858691e+01 1.118312909643874946e+03
4.907851454411828485e+01 1.132866489175851257e+03
4.947590451443969073e+01 1.147540144940403479e+03
4.987490010080279745e+01 1.162334244300329601e+03
5.027550130320760502e+01 1.177249174114975176e+03
5.067770812165412053e+01 1.192285304714194353e+03
5.108152055614233689e+01 1.207443010205617156e+03
5.148693860667225408e+01 1.222722663494000471e+03
5.189396227324387922e+01 1.238124630589237086e+03
5.230259155585719810e+01 1.253649293200527154e+03
5.271282645451222493e+01 1.269297015191933724e+03
5.312466696920895970e+01 1.285068164732187142e+03
5.353811309994738821e+01 1.300963108824659230e+03
5.395316484672751756e+01 1.316982213314754972e+03
5.436982220954934775e+01 1.333125842897193024e+03
5.478808518841290010e+01 1.349394361123244607e+03
5.520795378331813907e+01 1.365788130407874860e+03
5.562942799426507889e+01 1.382307512036936487e+03
5.605250782125371956e+01 1.398952866174101246e+03
5.647719326428407527e+01 1.415724551868095432e+03
5.690348432335613182e+01 1.432622927059486301e+03
5.733138099846988212e+01 1.449648348587685405e+03
5.776088328962534035e+01 1.466801172197772075e+03
5.819199119682249943e+01 1.484081752547300539e+03
5.862470472006136646e+01 1.501490443213163644e+03
5.905902385934192722e+01 1.519027596698093703e+03
5.949494861466419593e+01 1.536693564437499163e+03
5.993247898602816548e+01 1.554488696806033886e+03
6.037161497343384298e+01 1.572413343124081393e+03
6.081235657688121421e+01 1.590467851664322779e+03
6.125470379637030049e+01 1.608652569658142056e+03
6.169865663190107341e+01 1.626967843302098117e+03
6.214421508347356848e+01 1.645414017764203891e+03
6.259137915108775019e+01 1.663991437190283705e+03
6.304014883474363984e+01 1.682700444710185366e+03
6.349052413444123033e+01 1.701541382444030205e+03
6.394250505018050035e+01 1.720514591508187323e+03
6.439609158196149963e+01 1.739620412020871072e+03
6.485128372978418554e+01 1.758859183110908816e+03
6.530808149364858650e+01 1.778231242920550585e+03
6.576648487355470252e+01 1.797736928612435349e+03
6.622649386950250516e+01 1.817376576374921797e+03
6.668810848149200865e+01 1.837150521430865183e+03
6.715132870952322719e+01 1.857059098040116169e+03
6.761615455359614657e+01 1.877102639506217656e+03
6.808258601371076679e+01 1.897281478181906550e+03
6.855062308986708786e+01 1.917595945477220312e+03
6.902026578206510976e+01 1.938046371862077649e+03
6.949151409030484672e+01 1.958633086872616786e+03
6.996436801458625609e+01 1.979356427710742310e+03
7.043882755490940895e+01 2.000216704852440671e+03
7.091489271127423422e+01 2.021214253683008565e+03
7.139256348368076033e+01 2.042349400059523759e+03
7.187183987212900149e+01 2.063622468935525376e+03
7.235272187661894350e+01 2.085033784363088216e+03
7.283520949715060055e+01 2.106583669497632854e+03
7.331930273372394424e+01 2.128272446605554251e+03
7.380500158633898877e+01 2.150100437069147119e+03
7.429230605499574835e+01 2.172067961388976983e+03
7.478121613969419457e+01 2.194175339192306637e+03
7.527173184043435583e+01 2.216422889237717300e+03
7.576385315721621794e+01 2.238810929416343242e+03
7.625758009003978088e+01 2.261339776763705231e+03
7.675291263890505888e+01 2.284009757246034496e+03
7.724985080381200930e+01 2.306821166559653193e+03
7.774839458476068899e+01 2.329774329033237336e+03
7.824854398175105530e+01 2.352869558312735535e+03
7.875029899478313666e+01 2.376107167206802842e+03
7.925365962385691887e+01 2.399487467696897511e+03
7.975862586897240192e+01 2.423010770936686185e+03
8.026519773012958581e+01 2.446677387258812360e+03
8.077337520732847054e+01 2.470487626179378822e+03
8.128315830056905611e+01 2.494441796402541513e+03
8.179454700985135673e+01 2.518540205817769220e+03
8.230754133517534399e+01 2.542783161490126076e+03
8.282214127654104630e+01 2.567183979127078601e+03
8.333834683394844944e+01 2.591786094479701205e+03
8.385615800739755343e+01 2.616535903279514514e+03
8.437557479688835826e+01 2.641433748086162723e+03
8.489659720242086394e+01 2.666479970887057334e+03
8.541922522399508466e+01 2.691674913100380309e+03
8.594345886161099202e+01 2.717018915577665211e+03
8.646929811526860021e+01 2.742512318606919507e+03
8.699674298496792346e+01 2.768155461915064279e+03
8.752579347070894755e+01 2.793948684670922376e+03
8.805644957249167248e+01 2.819892325488028746e+03
8.858871129031609826e+01 2.845986722427021505e+03
8.912257862418219645e+01 2.872232212998635987e+03
8.965805157409003812e+01 2.898629146406278323e+03
9.019513014003956641e+01 2.925177834520819943e+03
9.073381432203080976e+01 2.951878625526107498e+03
9.127410412006373974e+01 2.978731854759385442e+03
9.181599953413838477e+01 3.005737857020996216e+03
9.235950056425473065e+01 3.032896966577165585e+03
9.290460721041277736e+01 3.060209517162345946e+03
9.345131947261253913e+01 3.087675841981666053e+03
9.399963735085398753e+01 3.115296273713733171e+03
9.454956084513713677e+01 3.143071144512993669e+03
9.510108995546200106e+01 3.171000786012092249e+03
9.565422468182855198e+01 3.199085529324446725e+03
9.620896502423683216e+01 3.227325705046705934e+03
9.676531098268679898e+01 3.255721643261135796e+03
9.732326255717845243e+01 3.284273673537951709e+03
9.788281974771183513e+01 3.312982138677636613e+03
9.844398255428690447e+01 3.341847339667341657e+03
9.900675097690368887e+01 3.370869618381880173e+03
9.957112501556215989e+01 3.400049302367192013e+03
1.001371046702623460e+02 3.429386718669101356e+03
1.007046899410042187e+02 3.458882193835485396e+03
1.012738808277878348e+02 3.488536053918415746e+03
1.018446773306130950e+02 3.518348624476710938e+03
1.024170794494800987e+02 3.548320230578011433e+03
1.029910871843888032e+02 3.578451196801022434e+03
1.035667005353391943e+02 3.608741847237690308e+03
1.041439195023313147e+02 3.639192505495501791e+03
1.047227440853651075e+02 3.669803494699604926e+03
1.053031742844406153e+02 3.700575137495072795e+03
1.058852100995578098e+02 3.731507756048824376e+03
1.064688515307167336e+02 3.762601687398133890e+03
1.070540985779173297e+02 3.793857221964257405e+03
1.076409512411596410e+02 3.825274695943014194e+03
1.082294095204436815e+02 3.856854429610546958e+03
1.088194734157693944e+02 3.888596742775660914e+03
1.094111429271368223e+02 3.920501954781614131e+03
1.100044180545459511e+02 3.952570384508293046e+03
1.105992987979967808e+02 3.984802350374279740e+03
1.111957851574893112e+02 4.017198170338911041e+03
1.117938771330235426e+02 4.049758161904106601e+03
1.123935747245994889e+02 4.082482642116508032e+03
1.129948779322171362e+02 4.115371927569327454e+03
1.135977867558764842e+02 4.148426334404558474e+03
1.142023011955775189e+02 4.181646178314640565e+03
1.148084212513202687e+02 4.215031774544391737e+03
1.154161469231047192e+02 4.248583455012617378e+03
1.160254782109308707e+02 4.282301499716324543e+03
1.166364151147987371e+02 4.316186239809070685e+03
1.172489576347082902e+02 4.350237988764994952e+03
1.178631057706595584e+02 4.384457059620077416e+03
1.184788595226524706e+02 4.418843764974105397e+03
1.190962188906871404e+02 4.453398416992771672e+03
1.197151838747635111e+02 4.488121327408937759e+03
1.203357544748815968e+02 4.523012807525071366e+03
1.209579306910413550e+02 4.558073168214696125e+03
1.215817125232428282e+02 4.593302719924207850e+03
1.222070999714860307e+02 4.628701772674678068e+03
1.228340930357709198e+02 4.664270636063967686e+03
1.234626917160974813e+02 4.700009619267755625e+03
1.240928960124657863e+02 4.735919031042083589e+03
1.247247059248757637e+02 4.771999198850149696e+03
1.253581214533274704e+02 4.808250392229616409e+03
1.259931425978208637e+02 4.844672937945209924e+03
1.266297693583559578e+02 4.881267143089845376e+03
1.272680017349327670e+02 4.918033314345512736e+03
1.279078397275512629e+02 4.954971757983986208e+03
1.285492833362114879e+02 4.992082779869075239e+03
1.291923325609133713e+02 5.029366685458417123e+03
1.298369874016569838e+02 5.066823779804526566e+03
1.304832478584422972e+02 5.104454367556911166e+03
1.311311139312693399e+02 5.142258752963591178e+03
1.317805856201380266e+02 5.180237239872607461e+03
1.324316629250484709e+02 5.218390131733825910e+03
1.330843458460005877e+02 5.256717731600323532e+03
1.337386343829944053e+02 5.295220342130050085e+03
1.343945285360299522e+02 5.333898265587489732e+03
1.350520283051071999e+02 5.372751803845004360e+03
1.357111336902261201e+02 5.411781279521354008e+03
1.363718446913867695e+02 5.450986951286394287e+03
1.370341613085890913e+02 5.490369141133287485e+03
1.376980835418331424e+02 5.529928149382181800e+03
1.383636113911188943e+02 5.569664275968615584e+03
1.390307448564463471e+02 5.609577820445609177e+03
1.396994839378154722e+02 5.649669081984686272e+03
1.403698286352263551e+02 5.689938359377629240e+03
1.410417789486789104e+02 5.730385951037867926e+03
1.417153348781731665e+02 5.771012155002097643e+03
1.423904964237091235e+02 5.811817268931343278e+03
1.430672635852867813e+02 5.852801590112922895e+03
1.437456363629061684e+02 5.893965415463202589e+03
1.444256147565672279e+02 5.935309041525641078e+03
1.451071987662700167e+02 5.976832764472660529e+03
1.457903883920144779e+02 6.018536880109814774e+03
1.464751836338006399e+02 6.060421683876171301e+03
1.471615844916285312e+02 6.102487494320449514e+03
1.478495909654981233e+02 6.144734559037154213e+03
1.485392030554094163e+02 6.187163196013445486e+03
1.492304207613623817e+02 6.229773699234629021e+03
1.499232440833570763e+02 6.272566362326373564e+03
1.506176730213934718e+02 6.315541478555413960e+03
1.513137075754715966e+02 6.358699340831405607e+03
1.520113477455913653e+02 6.402040241708189569e+03
1.527105935317528349e+02 6.445564473384901248e+03
1.534114449339560622e+02 6.489272327707532895e+03
1.541139019522009619e+02 6.533164096170137782e+03
1.548179645864875624e+02 6.577240069916015273e+03
1.555236328368158638e+02 6.621500539739432497e+03
1.562309067031858945e+02 6.665945796086287373e+03
1.569397861855975975e+02 6.710576129056034006e+03
1.576502712840510299e+02 6.755391828402536703e+03
1.583623619985461630e+02 6.800393183535375101e+03
1.590760583290829686e+02 6.845580483521362112e+03
1.597913602756615035e+02 6.890954043142221963e+03
1.605082678382817392e+02 6.936514098490602919e+03
1.612267810169436757e+02 6.982260963848327265e+03
1.619468998116473131e+02 7.028194926922951709e+03
1.626686242223926513e+02 7.074316275085168854e+03
1.633919542491796904e+02 7.120625295369989544e+03
1.641168898920084303e+02 7.167122274478472718e+03
1.648434311508788710e+02 7.213807498778426634e+03
1.655715780257910126e+02 7.260681254305733091e+03
1.663013305167448834e+02 7.307743826765374251e+03
1.670326886237404267e+02 7.354995501536764095e+03
1.677656523467776992e+02 7.402436563663622110e+03
1.685002216858566442e+02 7.450067297865824912e+03
1.692363966409773184e+02 7.497887988537487217e+03
1.699741772121396934e+02 7.545898919747613036e+03
1.707135633993437409e+02 7.594100375241900110e+03
1.714545552025895176e+02 7.642492638442997304e+03
1.721971526218769952e+02 7.691075992452391802e+03
1.729413556572061736e+02 7.739850749183334301e+03
1.736871643085770529e+02 7.788817132640022464e+03
1.744345785759896330e+02 7.837975454293179610e+03
1.751835984594439140e+02 7.887325995969513315e+03
1.759342239589398957e+02 7.936869039179990068e+03
1.766864550744775784e+02 7.986604865121057628e+03
1.774402918060569903e+02 8.036533754675137970e+03
1.781957341536780746e+02 8.086655988412190709e+03
1.789527821173408597e+02 8.136971846590665336e+03
1.797114356970453741e+02 8.187481609158782703e+03
1.804716948927915610e+02 8.238185555755057067e+03
1.812335597045794771e+02 8.289083965709987751e+03
