-3.618892735068607314e-02 0.000000000000000000e+00
-3.548027316609912718e-02 0.000000000000000000e+00
-3.477161898151218816e-02 0.000000000000000000e+00
-3.406296479692524221e-02 0.000000000000000000e+00
-3.335431061233830319e-02 0.000000000000000000e+00
-3.264565642775135723e-02 0.000000000000000000e+00
-3.193700224316441821e-02 0.000000000000000000e+00
-3.122834805857746879e-02 0.000000000000000000e+00
-3.051969387399052977e-02 0.000000000000000000e+00
-2.981103968940358381e-02 0.000000000000000000e+00
-2.910238550481664133e-02 0.000000000000000000e+00
-2.839373132022969884e-02 0.000000000000000000e+00
-2.768507713564275635e-02 0.000000000000000000e+00
-2.697642295105581040e-02 0.000000000000000000e+00
-2.626776876646886791e-02 0.000000000000000000e+00
-2.555911458188192542e-02 0.000000000000000000e+00
-2.485046039729498640e-02 0.000000000000000000e+00
-2.414180621270804045e-02 0.000000000000000000e+00
-2.343315202812109449e-02 0.000000000000000000e+00
-2.272449784353415547e-02 0.000000000000000000e+00
-2.201584365894721299e-02 0.000000000000000000e+00
-2.130718947436026703e-02 0.000000000000000000e+00
-2.059853528977332454e-02 0.000000000000000000e+00
-1.988988110518638205e-02 0.000000000000000000e+00
-1.918122692059943610e-02 0.000000000000000000e+00
-1.847257273601249708e-02 6.216522163963252197e-04
-1.776391855142555112e-02 1.375871991919387204e-03
-1.705526436683860864e-02 1.826697061359491446e-03
-1.634661018225166615e-02 2.172060479278606782e-03
-1.563795599766472366e-02 2.456847055301173647e-03
-1.492930181307777944e-02 2.700291528052760435e-03
-1.422064762849083695e-02 2.912778291535144965e-03
-1.351199344390389273e-02 3.100678404903791426e-03
-1.280333925931694851e-02 3.268235291631932989e-03
-1.209468507473000602e-02 3.418441666627300164e-03
-1.138603089014306180e-02 3.553498429805792506e-03
-1.067737670555612105e-02 3.675076177300853463e-03
-9.968722520969175091e-03 3.784474188461285984e-03
-9.260068336382234339e-03 3.882722113817647924e-03
-8.551414151795290117e-03 3.970647717811401356e-03
-7.842759967208349364e-03 4.048923528621727400e-03
-7.134105782621403408e-03 4.118099845575114333e-03
-6.425451598034462655e-03 4.178628613727039878e-03
-5.716797413447517566e-03 4.230880995800327844e-03
-5.008143228860576814e-03 4.275160472499694823e-03
-4.299489044273631724e-03 4.311712685981834367e-03
-3.590834859686690972e-03 4.340732848623947947e-03
-2.882180675099745883e-03 4.362371281266955343e-03
-2.173526490512800793e-03 4.376737470303176079e-03
-1.464872305925855921e-03 4.383902910435222289e-03
-7.562181213389186380e-04 4.383902910435222289e-03
-4.756393675197376561e-05 4.376737470303176079e-03
6.610902478349711068e-04 4.362371281266955343e-03
1.369744432421916196e-03 4.340732848623947947e-03
2.078398617008853262e-03 4.311712685981834367e-03
2.787052801595798351e-03 4.275160472499694823e-03
3.495706986182743441e-03 4.230880995800327844e-03
4.204361170769688530e-03 4.178628613727039878e-03
4.913015355356625813e-03 4.118099845575114333e-03
5.621669539943570902e-03 4.048923528621727400e-03
6.330323724530515124e-03 3.970647717811401356e-03
7.038977909117460213e-03 3.882722113817647924e-03
7.747632093704397496e-03 3.784474188461286418e-03
8.456286278291343453e-03 3.675076177300853897e-03
9.164940462878287675e-03 3.553498429805792506e-03
9.873594647465231897e-03 3.418441666627300164e-03
1.058224883205217785e-02 3.268235291631932122e-03
1.129090301663911514e-02 3.100678404903792294e-03
1.199955720122605936e-02 2.912778291535146266e-03
1.270821138581300531e-02 2.700291528052760435e-03
1.341686557039994954e-02 2.456847055301173647e-03
1.412551975498688682e-02 2.172060479278608951e-03
1.483417393957383104e-02 1.826697061359493831e-03
1.554282812416077700e-02 1.375871991919387204e-03
1.625148230874772295e-02 6.216522163963252197e-04
1.696013649333465850e-02 0.000000000000000000e+00
1.766879067792160446e-02 0.000000000000000000e+00
1.837744486250855042e-02 0.000000000000000000e+00
1.908609904709549290e-02 0.000000000000000000e+00
1.979475323168243192e-02 0.000000000000000000e+00
2.050340741626937441e-02 0.000000000000000000e+00
2.121206160085632036e-02 0.000000000000000000e+00
2.192071578544326632e-02 0.000000000000000000e+00
2.262936997003021228e-02 0.000000000000000000e+00
2.333802415461714783e-02 0.000000000000000000e+00
2.404667833920409378e-02 0.000000000000000000e+00
2.475533252379103627e-02 0.000000000000000000e+00
2.546398670837798223e-02 0.000000000000000000e+00
2.617264089296492124e-02 0.000000000000000000e+00
2.688129507755186373e-02 0.000000000000000000e+00
2.758994926213880969e-02 0.000000000000000000e+00
2.829860344672575564e-02 0.000000000000000000e+00
2.900725763131269119e-02 0.000000000000000000e+00
2.971591181589963715e-02 0.000000000000000000e+00
3.042456600048658311e-02 0.000000000000000000e+00
3.113322018507352906e-02 0.000000000000000000e+00
3.184187436966047502e-02 0.000000000000000000e+00
3.255052855424740710e-02 0.000000000000000000e+00
3.325918273883435999e-02 0.000000000000000000e+00
3.396783692342129901e-02 0.000000000000000000e+00
