-2.705469708346704139e-02 0.000000000000000000e+00
-2.655360290402938861e-02 0.000000000000000000e+00
-2.605250872459174277e-02 0.000000000000000000e+00
-2.555141454515409000e-02 0.000000000000000000e+00
-2.505032036571643722e-02 0.000000000000000000e+00
-2.454922618627878445e-02 0.000000000000000000e+00
-2.404813200684113167e-02 0.000000000000000000e+00
-2.354703782740348583e-02 0.000000000000000000e+00
-2.304594364796583306e-02 0.000000000000000000e+00
-2.254484946852818722e-02 0.000000000000000000e+00
-2.204375528909053444e-02 0.000000000000000000e+00
-2.154266110965288167e-02 0.000000000000000000e+00
-2.104156693021522889e-02 0.000000000000000000e+00
-2.054047275077758306e-02 0.000000000000000000e+00
-2.003937857133993028e-02 0.000000000000000000e+00
-1.953828439190227750e-02 0.000000000000000000e+00
-1.903719021246463167e-02 0.000000000000000000e+00
-1.853609603302697889e-02 0.000000000000000000e+00
-1.803500185358932612e-02 0.000000000000000000e+00
-1.753390767415167334e-02 0.000000000000000000e+00
-1.703281349471402403e-02 0.000000000000000000e+00
-1.653171931527637473e-02 0.000000000000000000e+00
-1.603062513583872195e-02 0.000000000000000000e+00
-1.552953095640107091e-02 0.000000000000000000e+00
-1.502843677696341987e-02 0.000000000000000000e+00
-1.452734259752577056e-02 4.395744977534910697e-04
-1.402624841808811952e-02 9.728884155308413842e-04
-1.352515423865046848e-02 1.291669879260836078e-03
-1.302406005921281744e-02 1.535878694045205491e-03
-1.252296587977516640e-02 1.737253213141661239e-03
-1.202187170033751536e-02 1.909394450666691487e-03
-1.152077752089986432e-02 2.059645282037468605e-03
-1.101968334146221327e-02 2.192510726386158633e-03
-1.051858916202456397e-02 2.310991337226133389e-03
-1.001749498258691119e-02 2.417203283562807496e-03
-9.516400803149261886e-03 2.512702836651424694e-03
-9.015306623711610845e-03 2.598671286346568732e-03
-8.514212444273961539e-03 2.676027361886431071e-03
-8.013118264836308763e-03 2.745499136143424862e-03
-7.512024085398655987e-03 2.807671926967331318e-03
-7.010929905961007548e-03 2.863021283594187946e-03
-6.509835726523354772e-03 2.911936326409437625e-03
-6.008741547085706333e-03 2.954736628826532419e-03
-5.507647367648053557e-03 2.991684642523705345e-03
-5.006553188210405118e-03 3.022994960765218887e-03
-4.505459008772753210e-03 3.048841278785817833e-03
-4.004364829335100434e-03 3.069361632581192774e-03
-3.503270649897451995e-03 3.084662315037311944e-03
-3.002176470459799219e-03 3.094820744724631218e-03
-2.501082291022150780e-03 3.099887476032187582e-03
-1.999988111584498005e-03 3.099887476032187582e-03
-1.498893932146849566e-03 3.094820744724631218e-03
-9.977997527091970065e-04 3.084662315037311944e-03
-4.967055732715446644e-04 3.069361632581192774e-03
4.388606166103991429e-06 3.048841278785817833e-03
5.054827856037563336e-04 3.022994960765218887e-03
1.006576965041405206e-03 2.991684642523705345e-03
1.507671144479057548e-03 2.954736628826532419e-03
2.008765323916710324e-03 2.911936326409437191e-03
2.509859503354358763e-03 2.863021283594187946e-03
3.010953682792011539e-03 2.807671926967330884e-03
3.512047862229659978e-03 2.745499136143424862e-03
4.013142041667312754e-03 2.676027361886431071e-03
4.514236221104961193e-03 2.598671286346568732e-03
5.015330400542613101e-03 2.512702836651424694e-03
5.516424579980265877e-03 2.417203283562807063e-03
6.017518759417915183e-03 2.310991337226133389e-03
6.518612938855567959e-03 2.192510726386158199e-03
7.019707118293219000e-03 2.059645282037467304e-03
7.520801297730864837e-03 1.909394450666692571e-03
8.021895477168517613e-03 1.737253213141661239e-03
8.522989656606168654e-03 1.535878694045205491e-03
9.024083836043821430e-03 1.291669879260834560e-03
9.525178015481474206e-03 9.728884155308380232e-04
1.002627219491911831e-02 4.395744977534935633e-04
1.052736637435677108e-02 0.000000000000000000e+00
1.102846055379442386e-02 0.000000000000000000e+00
1.152955473323207664e-02 0.000000000000000000e+00
1.203064891266972941e-02 0.000000000000000000e+00
1.253174309210737351e-02 0.000000000000000000e+00
1.303283727154502629e-02 0.000000000000000000e+00
1.353393145098267907e-02 0.000000000000000000e+00
1.403502563042033184e-02 0.000000000000000000e+00
1.453611980985797768e-02 0.000000000000000000e+00
1.503721398929562698e-02 0.000000000000000000e+00
1.553830816873327976e-02 0.000000000000000000e+00
1.603940234817093080e-02 0.000000000000000000e+00
1.654049652760858358e-02 0.000000000000000000e+00
1.704159070704622941e-02 0.000000000000000000e+00
1.754268488648388219e-02 0.000000000000000000e+00
1.804377906592153497e-02 0.000000000000000000e+00
1.854487324535918774e-02 0.000000000000000000e+00
1.904596742479684052e-02 0.000000000000000000e+00
1.954706160423448635e-02 0.000000000000000000e+00
2.004815578367213913e-02 0.000000000000000000e+00
2.054924996310979191e-02 0.000000000000000000e+00
2.105034414254744468e-02 0.000000000000000000e+00
2.155143832198509746e-02 0.000000000000000000e+00
2.205253250142274329e-02 0.000000000000000000e+00
2.255362668086039607e-02 0.000000000000000000e+00
