-5.015633148747149911e-02 0.000000000000000000e+00
-4.915414312859619356e-02 0.000000000000000000e+00
-4.815195476972089494e-02 0.000000000000000000e+00
-4.714976641084558939e-02 0.000000000000000000e+00
-4.614757805197029078e-02 0.000000000000000000e+00
-4.514538969309498523e-02 0.000000000000000000e+00
-4.414320133421967968e-02 0.000000000000000000e+00
-4.314101297534438106e-02 0.000000000000000000e+00
-4.213882461646908245e-02 0.000000000000000000e+00
-4.113663625759378384e-02 0.000000000000000000e+00
-4.013444789871847829e-02 0.000000000000000000e+00
-3.913225953984317967e-02 0.000000000000000000e+00
-3.813007118096787412e-02 0.000000000000000000e+00
-3.712788282209257551e-02 0.000000000000000000e+00
-3.612569446321726996e-02 0.000000000000000000e+00
-3.512350610434196441e-02 0.000000000000000000e+00
-3.412131774546667273e-02 0.000000000000000000e+00
-3.311912938659136718e-02 0.000000000000000000e+00
-3.211694102771606163e-02 0.000000000000000000e+00
-3.111475266884076649e-02 0.000000000000000000e+00
-3.011256430996546440e-02 0.000000000000000000e+00
-2.911037595109016579e-02 0.000000000000000000e+00
-2.810818759221486371e-02 0.000000000000000000e+00
-2.710599923333955816e-02 0.000000000000000000e+00
-2.610381087446425608e-02 0.000000000000000000e+00
-2.510162251558895746e-02 8.791489955069821394e-04
-2.409943415671365538e-02 1.945776831061682768e-03
-2.309724579783835330e-02 2.583339758521672157e-03
-2.209505743896305122e-02 3.071757388090410983e-03
-2.109286908008774913e-02 3.474506426283322479e-03
-2.009068072121244705e-02 3.818788901333382974e-03
-1.908849236233714497e-02 4.119290564074937211e-03
-1.808630400346184289e-02 4.385021452772317266e-03
-1.708411564458654427e-02 4.621982674452266779e-03
-1.608192728571123872e-02 4.834406567125614992e-03
-1.507973892683594011e-02 5.025405673302849388e-03
-1.407755056796063629e-02 5.197342572693137465e-03
-1.307536220908533942e-02 5.352054723772862142e-03
-1.207317385021003386e-02 5.490998272286849724e-03
-1.107098549133472831e-02 5.615343853934662635e-03
-1.006879713245943143e-02 5.726042567188375891e-03
-9.066608773584125883e-03 5.823872652818875249e-03
-8.064420414708829005e-03 5.909473257653064839e-03
-7.062232055833524320e-03 5.983369285047410689e-03
-6.060043696958226575e-03 6.045989921530437773e-03
-5.057855338082921891e-03 6.097682557571635666e-03
-4.055666979207617207e-03 6.138723265162385548e-03
-3.053478620332319895e-03 6.169324630074623887e-03
-2.051290261457014777e-03 6.189641489449262436e-03
-1.049101902581717465e-03 6.199774952064375164e-03
-4.691354370641256412e-05 6.199774952064375164e-03
9.552748151688848560e-04 6.189641489449262436e-03
1.957463174044189649e-03 6.169324630074623887e-03
2.959651532919494333e-03 6.138723265162385548e-03
3.961839891794791645e-03 6.097682557571635666e-03
4.964028250670096329e-03 6.045989921530437773e-03
5.966216609545394074e-03 5.983369285047410689e-03
6.968404968420698758e-03 5.909473257653064839e-03
7.970593327296004310e-03 5.823872652818874382e-03
8.972781686171301188e-03 5.726042567188375891e-03
9.974970045046606740e-03 5.615343853934661768e-03
1.097715840392190362e-02 5.490998272286849724e-03
1.197934676279720917e-02 5.352054723772862142e-03
1.298153512167250605e-02 5.197342572693137465e-03
1.398372348054780986e-02 5.025405673302849388e-03
1.498591183942311542e-02 4.834406567125614125e-03
1.598810019829841403e-02 4.621982674452266779e-03
1.699028855717371958e-02 4.385021452772316398e-03
1.799247691604902166e-02 4.119290564074934609e-03
1.899466527492431334e-02 3.818788901333385142e-03
1.999685363379961889e-02 3.474506426283322479e-03
2.099904199267492097e-02 3.071757388090410983e-03
2.200123035155022652e-02 2.583339758521669121e-03
2.300341871042553207e-02 1.945776831061676046e-03
2.400560706930082028e-02 8.791489955069871267e-04
2.500779542817612583e-02 0.000000000000000000e+00
2.600998378705143138e-02 0.000000000000000000e+00
2.701217214592673693e-02 0.000000000000000000e+00
2.801436050480204248e-02 0.000000000000000000e+00
2.901654886367733069e-02 0.000000000000000000e+00
3.001873722255263624e-02 0.000000000000000000e+00
3.102092558142794179e-02 0.000000000000000000e+00
3.202311394030325081e-02 0.000000000000000000e+00
3.302530229917854249e-02 0.000000000000000000e+00
3.402749065805384110e-02 0.000000000000000000e+00
3.502967901692914665e-02 0.000000000000000000e+00
3.603186737580445220e-02 0.000000000000000000e+00
3.703405573467975775e-02 0.000000000000000000e+00
3.803624409355504943e-02 0.000000000000000000e+00
3.903843245243035498e-02 0.000000000000000000e+00
4.004062081130566053e-02 0.000000000000000000e+00
4.104280917018096608e-02 0.000000000000000000e+00
4.204499752905627163e-02 0.000000000000000000e+00
4.304718588793155637e-02 0.000000000000000000e+00
4.404937424680686192e-02 0.000000000000000000e+00
4.505156260568216747e-02 0.000000000000000000e+00
4.605375096455747302e-02 0.000000000000000000e+00
4.705593932343277858e-02 0.000000000000000000e+00
4.805812768230807025e-02 0.000000000000000000e+00
4.906031604118337580e-02 0.000000000000000000e+00
