4.989999999999999644e-03 8.259999999999999432e+01
3.150000000000000022e-02 8.040000000000000568e+01
5.820000000000000173e-02 7.159999999999999432e+01
9.260000000000000175e-02 6.409999999999999432e+01
1.350000000000000089e-01 5.750000000000000000e+01
1.869999999999999996e-01 5.110000000000000142e+01
3.230000000000000093e-01 4.470000000000000284e+01
5.170000000000000151e-01 3.820000000000000284e+01
7.980000000000000426e-01 3.489999999999999858e+01
1.239999999999999991e+00 3.119999999999999929e+01
2.069999999999999840e+00 2.719999999999999929e+01
4.429999999999999716e+00 2.269999999999999929e+01
5.959999999999999964e+00 1.250000000000000000e+01
