7.499999999999999722e-02 5.298143482487521538e+00
1.000000000000000056e-01 7.062644222711401021e+00
2.000000000000000111e-01 1.410518108522836833e+01
2.999999999999999889e-01 2.111393118822653037e+01
4.000000000000000222e-01 2.808799399728637525e+01
5.000000000000000000e-01 3.504570154682581773e+01
5.999999999999999778e-01 4.203134530772423716e+01
6.999999999999999556e-01 4.911880129548644902e+01
7.500000000000000000e-01 5.272696775317568552e+01
8.000000000000000444e-01 5.638121730970307510e+01
8.499999999999999778e-01 6.005146619792912333e+01
9.000000000000000222e-01 6.363054341806277137e+01
9.749999999999999778e-01 6.815634158511502960e+01
