7.499999999999999722e-02 5.470116773880095096e+00
1.000000000000000056e-01 7.292245204522364688e+00
2.000000000000000111e-01 1.456879205753475759e+01
2.999999999999999889e-01 2.182192004139184149e+01
4.000000000000000222e-01 2.906037165028584468e+01
5.000000000000000000e-01 3.631979940010418773e+01
5.999999999999999778e-01 4.367929622985265325e+01
6.999999999999999556e-01 5.129597568858136469e+01
7.500000000000000000e-01 5.529135518659402493e+01
8.000000000000000444e-01 5.949984660761270305e+01
8.499999999999999778e-01 6.404567926949334833e+01
9.000000000000000222e-01 6.917390133951501241e+01
9.749999999999999778e-01 7.985185876545132544e+01
