-2.539999999999999897e-02 0.000000000000000000e+00 0.000000000000000000e+00
-1.975555555555555398e-02 0.000000000000000000e+00 0.000000000000000000e+00
-1.411111111111111073e-02 0.000000000000000000e+00 0.000000000000000000e+00
-8.466666666666667479e-03 0.000000000000000000e+00 0.000000000000000000e+00
-2.822222222222222493e-03 0.000000000000000000e+00 0.000000000000000000e+00
2.822222222222222493e-03 0.000000000000000000e+00 0.000000000000000000e+00
8.466666666666664010e-03 0.000000000000000000e+00 0.000000000000000000e+00
1.411111111111110900e-02 0.000000000000000000e+00 0.000000000000000000e+00
1.975555555555555398e-02 0.000000000000000000e+00 0.000000000000000000e+00
2.539999999999999897e-02 0.000000000000000000e+00 0.000000000000000000e+00
-2.539999999999999897e-02 3.490658503988658956e-01 0.000000000000000000e+00
-1.975555555555555398e-02 3.490658503988658956e-01 2.838501980929219280e+04
-1.411111111111111073e-02 3.490658503988658956e-01 4.967373489585179777e+04
-8.466666666666667479e-03 3.490658503988658956e-01 6.386618790515650471e+04
-2.822222222222222493e-03 3.490658503988658956e-01 7.096240729231369914e+04
2.822222222222222493e-03 3.490658503988658956e-01 7.096240729231369914e+04
8.466666666666664010e-03 3.490658503988658956e-01 6.386618790515650471e+04
1.411111111111110900e-02 3.490658503988658956e-01 4.967373489585179777e+04
1.975555555555555398e-02 3.490658503988658956e-01 2.838501980929219280e+04
2.539999999999999897e-02 3.490658503988658956e-01 0.000000000000000000e+00
-2.539999999999999897e-02 6.981317007977317912e-01 0.000000000000000000e+00
-1.975555555555555398e-02 6.981317007977317912e-01 5.831091279500537348e+04
-1.411111111111111073e-02 6.981317007977317912e-01 1.020437894746989914e+05
-8.466666666666667479e-03 6.981317007977317912e-01 1.311988939379179792e+05
-2.822222222222222493e-03 6.981317007977317912e-01 1.457764021666259505e+05
2.822222222222222493e-03 6.981317007977317912e-01 1.457764021666259214e+05
8.466666666666664010e-03 6.981317007977317912e-01 1.311988939379179792e+05
1.411111111111110900e-02 6.981317007977317912e-01 1.020437894746989914e+05
1.975555555555555398e-02 6.981317007977317912e-01 5.831091279500537348e+04
2.539999999999999897e-02 6.981317007977317912e-01 0.000000000000000000e+00
-2.539999999999999897e-02 1.047197551196597631e+00 0.000000000000000000e+00
-1.975555555555555398e-02 1.047197551196597631e+00 9.051834303857517079e+04
-1.411111111111111073e-02 1.047197551196597631e+00 1.584060808447356976e+05
-8.466666666666667479e-03 1.047197551196597631e+00 2.036640872126723116e+05
-2.822222222222222493e-03 1.047197551196597631e+00 2.262929447378672776e+05
2.822222222222222493e-03 1.047197551196597631e+00 2.262929447378673358e+05
8.466666666666664010e-03 1.047197551196597631e+00 2.036640872126723407e+05
1.411111111111110900e-02 1.047197551196597631e+00 1.584060808447357267e+05
1.975555555555555398e-02 1.047197551196597631e+00 9.051834303857518535e+04
2.539999999999999897e-02 1.047197551196597631e+00 0.000000000000000000e+00
-2.539999999999999897e-02 1.396263401595463582e+00 0.000000000000000000e+00
-1.975555555555555398e-02 1.396263401595463582e+00 1.236583323649263912e+05
-1.411111111111111073e-02 1.396263401595463582e+00 2.163996448013270856e+05
-8.466666666666667479e-03 1.396263401595463582e+00 2.782260259968345053e+05
-2.822222222222222493e-03 1.396263401595463582e+00 3.091388684599514236e+05
2.822222222222222493e-03 1.396263401595463582e+00 3.091388684599514236e+05
8.466666666666664010e-03 1.396263401595463582e+00 2.782260259968346800e+05
1.411111111111110900e-02 1.396263401595463582e+00 2.163996448013272602e+05
1.975555555555555398e-02 1.396263401595463582e+00 1.236583323649264785e+05
2.539999999999999897e-02 1.396263401595463582e+00 0.000000000000000000e+00
-2.539999999999999897e-02 1.745329251994329534e+00 0.000000000000000000e+00
-1.975555555555555398e-02 1.745329251994329534e+00 1.523062411300776876e+05
-1.411111111111111073e-02 1.745329251994329534e+00 2.665313071318073198e+05
-8.466666666666667479e-03 1.745329251994329534e+00 3.426791536111809546e+05
-2.822222222222222493e-03 1.745329251994329534e+00 3.807524175991052180e+05
2.822222222222222493e-03 1.745329251994329534e+00 3.807524175991052180e+05
8.466666666666664010e-03 1.745329251994329534e+00 3.426791536111809546e+05
1.411111111111110900e-02 1.745329251994329534e+00 2.665313071318073198e+05
1.975555555555555398e-02 1.745329251994329534e+00 1.523062411300776585e+05
2.539999999999999897e-02 1.745329251994329534e+00 0.000000000000000000e+00
-2.539999999999999897e-02 2.094395102393195263e+00 0.000000000000000000e+00
-1.975555555555555398e-02 2.094395102393195263e+00 1.652236946099154302e+05
-1.411111111111111073e-02 2.094395102393195263e+00 2.891345090396512533e+05
-8.466666666666667479e-03 2.094395102393195263e+00 3.717384061596026295e+05
-2.822222222222222493e-03 2.094395102393195263e+00 4.130393609960892936e+05
2.822222222222222493e-03 2.094395102393195263e+00 4.130393609960892936e+05
8.466666666666664010e-03 2.094395102393195263e+00 3.717384061596026877e+05
1.411111111111110900e-02 2.094395102393195263e+00 2.891345090396512533e+05
1.975555555555555398e-02 2.094395102393195263e+00 1.652236946099154302e+05
2.539999999999999897e-02 2.094395102393195263e+00 0.000000000000000000e+00
-2.539999999999999897e-02 2.443460952792061214e+00 0.000000000000000000e+00
-1.975555555555555398e-02 2.443460952792061214e+00 1.472197359871026420e+05
-1.411111111111111073e-02 2.443460952792061214e+00 2.576266853768265573e+05
-8.466666666666667479e-03 2.443460952792061214e+00 3.312275792057445506e+05
-2.822222222222222493e-03 2.443460952792061214e+00 3.680269044381426647e+05
2.822222222222222493e-03 2.443460952792061214e+00 3.680269044381426065e+05
8.466666666666664010e-03 2.443460952792061214e+00 3.312275792057445506e+05
1.411111111111110900e-02 2.443460952792061214e+00 2.576266853768265573e+05
1.975555555555555398e-02 2.443460952792061214e+00 1.472197359871026420e+05
2.539999999999999897e-02 2.443460952792061214e+00 0.000000000000000000e+00
-2.539999999999999897e-02 2.792526803190927165e+00 0.000000000000000000e+00
-1.975555555555555398e-02 2.792526803190927165e+00 8.881404448298104398e+04
-1.411111111111111073e-02 2.792526803190927165e+00 1.554191073846013169e+05
-8.466666666666667479e-03 2.792526803190927165e+00 1.998198778759194538e+05
-2.822222222222222493e-03 2.792526803190927165e+00 2.220194817296102701e+05
2.822222222222222493e-03 2.792526803190927165e+00 2.220194817296102701e+05
8.466666666666664010e-03 2.792526803190927165e+00 1.998198778759194538e+05
1.411111111111110900e-02 2.792526803190927165e+00 1.554191073846013169e+05
1.975555555555555398e-02 2.792526803190927165e+00 8.881404448298104398e+04
2.539999999999999897e-02 2.792526803190927165e+00 0.000000000000000000e+00
-2.539999999999999897e-02 3.141592653589793116e+00 0.000000000000000000e+00
-1.975555555555555398e-02 3.141592653589793116e+00 0.000000000000000000e+00
-1.411111111111111073e-02 3.141592653589793116e+00 0.000000000000000000e+00
-8.466666666666667479e-03 3.141592653589793116e+00 0.000000000000000000e+00
-2.822222222222222493e-03 3.141592653589793116e+00 0.000000000000000000e+00
2.822222222222222493e-03 3.141592653589793116e+00 0.000000000000000000e+00
8.466666666666664010e-03 3.141592653589793116e+00 0.000000000000000000e+00
1.411111111111110900e-02 3.141592653589793116e+00 0.000000000000000000e+00
1.975555555555555398e-02 3.141592653589793116e+00 0.000000000000000000e+00
2.539999999999999897e-02 3.141592653589793116e+00 0.000000000000000000e+00
