-2.539999999999999897e-02 0.000000000000000000e+00 0.000000000000000000e+00
-1.975555555555555398e-02 0.000000000000000000e+00 0.000000000000000000e+00
-1.411111111111111073e-02 0.000000000000000000e+00 0.000000000000000000e+00
-8.466666666666667479e-03 0.000000000000000000e+00 0.000000000000000000e+00
-2.822222222222222493e-03 0.000000000000000000e+00 0.000000000000000000e+00
2.822222222222222493e-03 0.000000000000000000e+00 0.000000000000000000e+00
8.466666666666664010e-03 0.000000000000000000e+00 0.000000000000000000e+00
1.411111111111110900e-02 0.000000000000000000e+00 0.000000000000000000e+00
1.975555555555555398e-02 0.000000000000000000e+00 0.000000000000000000e+00
2.539999999999999897e-02 0.000000000000000000e+00 0.000000000000000000e+00
-2.539999999999999897e-02 3.490658503988658956e-01 0.000000000000000000e+00
-1.975555555555555398e-02 3.490658503988658956e-01 2.838544605583900193e+04
-1.411111111111111073e-02 3.490658503988658956e-01 4.967453059771824337e+04
-8.466666666666667479e-03 3.490658503988658956e-01 6.386725362563773524e+04
-2.822222222222222493e-03 3.490658503988658956e-01 7.096361513959750300e+04
2.822222222222222493e-03 3.490658503988658956e-01 7.096361513959750300e+04
8.466666666666664010e-03 3.490658503988658956e-01 6.386725362563775707e+04
1.411111111111110900e-02 3.490658503988658956e-01 4.967453059771825065e+04
1.975555555555555398e-02 3.490658503988658956e-01 2.838544605583900193e+04
2.539999999999999897e-02 3.490658503988658956e-01 0.000000000000000000e+00
-2.539999999999999897e-02 6.981317007977317912e-01 0.000000000000000000e+00
-1.975555555555555398e-02 6.981317007977317912e-01 5.831355136835180747e+04
-1.411111111111111073e-02 6.981317007977317912e-01 1.020487148946156231e+05
-8.466666666666667479e-03 6.981317007977317912e-01 1.312054905787915050e+05
-2.822222222222222493e-03 6.981317007977317912e-01 1.457838784208794823e+05
2.822222222222222493e-03 6.981317007977317912e-01 1.457838784208794823e+05
8.466666666666664010e-03 6.981317007977317912e-01 1.312054905787915341e+05
1.411111111111110900e-02 6.981317007977317912e-01 1.020487148946156376e+05
1.975555555555555398e-02 6.981317007977317912e-01 5.831355136835180747e+04
2.539999999999999897e-02 6.981317007977317912e-01 0.000000000000000000e+00
-2.539999999999999897e-02 1.047197551196597631e+00 0.000000000000000000e+00
-1.975555555555555398e-02 1.047197551196597631e+00 9.052708042584161740e+04
-1.411111111111111073e-02 1.047197551196597631e+00 1.584223907452227722e+05
-8.466666666666667479e-03 1.047197551196597631e+00 2.036859309581435809e+05
-2.822222222222222493e-03 1.047197551196597631e+00 2.263177010646039853e+05
2.822222222222222493e-03 1.047197551196597631e+00 2.263177010646039853e+05
8.466666666666664010e-03 1.047197551196597631e+00 2.036859309581435809e+05
1.411111111111110900e-02 1.047197551196597631e+00 1.584223907452228013e+05
1.975555555555555398e-02 1.047197551196597631e+00 9.052708042584161740e+04
2.539999999999999897e-02 1.047197551196597631e+00 0.000000000000000000e+00
-2.539999999999999897e-02 1.396263401595463582e+00 0.000000000000000000e+00
-1.975555555555555398e-02 1.396263401595463582e+00 1.236792188204543345e+05
-1.411111111111111073e-02 1.396263401595463582e+00 2.164386329357950308e+05
-8.466666666666667479e-03 1.396263401595463582e+00 2.782782423460221617e+05
-2.822222222222222493e-03 1.396263401595463582e+00 3.091980470511357416e+05
2.822222222222222493e-03 1.396263401595463582e+00 3.091980470511357416e+05
8.466666666666664010e-03 1.396263401595463582e+00 2.782782423460222199e+05
1.411111111111110900e-02 1.396263401595463582e+00 2.164386329357950599e+05
1.975555555555555398e-02 1.396263401595463582e+00 1.236792188204543345e+05
2.539999999999999897e-02 1.396263401595463582e+00 0.000000000000000000e+00
-2.539999999999999897e-02 1.745329251994329534e+00 0.000000000000000000e+00
-1.975555555555555398e-02 1.745329251994329534e+00 1.523457975238252839e+05
-1.411111111111111073e-02 1.745329251994329534e+00 2.666051456666941522e+05
-8.466666666666667479e-03 1.745329251994329534e+00 3.427780444286067504e+05
-2.822222222222222493e-03 1.745329251994329534e+00 3.808644938095631078e+05
2.822222222222222493e-03 1.745329251994329534e+00 3.808644938095631078e+05
8.466666666666664010e-03 1.745329251994329534e+00 3.427780444286068087e+05
1.411111111111110900e-02 1.745329251994329534e+00 2.666051456666942104e+05
1.975555555555555398e-02 1.745329251994329534e+00 1.523457975238252839e+05
2.539999999999999897e-02 1.745329251994329534e+00 0.000000000000000000e+00
-2.539999999999999897e-02 2.094395102393195263e+00 0.000000000000000000e+00
-1.975555555555555398e-02 2.094395102393195263e+00 1.652833251670716563e+05
-1.411111111111111073e-02 2.094395102393195263e+00 2.892458190423753113e+05
-8.466666666666667479e-03 2.094395102393195263e+00 3.718874816259110812e+05
-2.822222222222222493e-03 2.094395102393195263e+00 4.132083129176790826e+05
2.822222222222222493e-03 2.094395102393195263e+00 4.132083129176790826e+05
8.466666666666664010e-03 2.094395102393195263e+00 3.718874816259111394e+05
1.411111111111110900e-02 2.094395102393195263e+00 2.892458190423753695e+05
1.975555555555555398e-02 2.094395102393195263e+00 1.652833251670716563e+05
2.539999999999999897e-02 2.094395102393195263e+00 0.000000000000000000e+00
-2.539999999999999897e-02 2.443460952792061214e+00 0.000000000000000000e+00
-1.975555555555555398e-02 2.443460952792061214e+00 1.472870496580525360e+05
-1.411111111111111073e-02 2.443460952792061214e+00 2.577523369015918870e+05
-8.466666666666667479e-03 2.443460952792061214e+00 3.313958617306181113e+05
-2.822222222222222493e-03 2.443460952792061214e+00 3.682176241451312671e+05
2.822222222222222493e-03 2.443460952792061214e+00 3.682176241451312671e+05
8.466666666666664010e-03 2.443460952792061214e+00 3.313958617306182277e+05
1.411111111111110900e-02 2.443460952792061214e+00 2.577523369015919452e+05
1.975555555555555398e-02 2.443460952792061214e+00 1.472870496580525360e+05
2.539999999999999897e-02 2.443460952792061214e+00 0.000000000000000000e+00
-2.539999999999999897e-02 2.792526803190927165e+00 0.000000000000000000e+00
-1.975555555555555398e-02 2.792526803190927165e+00 8.886093906151478586e+04
-1.411111111111111073e-02 2.792526803190927165e+00 1.555066433576508425e+05
-8.466666666666667479e-03 2.792526803190927165e+00 1.999371128884082136e+05
-2.822222222222222493e-03 2.792526803190927165e+00 2.221523476537869137e+05
2.822222222222222493e-03 2.792526803190927165e+00 2.221523476537869137e+05
8.466666666666664010e-03 2.792526803190927165e+00 1.999371128884082136e+05
1.411111111111110900e-02 2.792526803190927165e+00 1.555066433576508425e+05
1.975555555555555398e-02 2.792526803190927165e+00 8.886093906151478586e+04
2.539999999999999897e-02 2.792526803190927165e+00 0.000000000000000000e+00
-2.539999999999999897e-02 3.141592653589793116e+00 0.000000000000000000e+00
-1.975555555555555398e-02 3.141592653589793116e+00 3.327873648222981261e-11
-1.411111111111111073e-02 3.141592653589793116e+00 5.823778884390214623e-11
-8.466666666666667479e-03 3.141592653589793116e+00 7.487715708501703961e-11
-2.822222222222222493e-03 3.141592653589793116e+00 8.319684120557450569e-11
2.822222222222222493e-03 3.141592653589793116e+00 8.319684120557450569e-11
8.466666666666664010e-03 3.141592653589793116e+00 7.487715708501705253e-11
1.411111111111110900e-02 3.141592653589793116e+00 5.823778884390215915e-11
1.975555555555555398e-02 3.141592653589793116e+00 3.327873648222981261e-11
2.539999999999999897e-02 3.141592653589793116e+00 0.000000000000000000e+00
