7.499999999999999722e-02 5.959999999999999964e+00
1.000000000000000056e-01 4.429999999999999716e+00
2.000000000000000111e-01 2.069999999999999840e+00
2.999999999999999889e-01 1.239999999999999991e+00
4.000000000000000222e-01 7.980000000000000426e-01
5.000000000000000000e-01 5.170000000000000151e-01
5.999999999999999778e-01 3.230000000000000093e-01
6.999999999999999556e-01 1.869999999999999996e-01
7.500000000000000000e-01 1.350000000000000089e-01
8.000000000000000444e-01 9.260000000000000175e-02
8.499999999999999778e-01 5.820000000000000173e-02
9.000000000000000222e-01 3.150000000000000022e-02
9.749999999999999778e-01 4.989999999999999644e-03
