7.499999999999999722e-02 5.333864842519471239e+00
1.000000000000000056e-01 3.959916430365955975e+00
2.000000000000000111e-01 1.844775426418375330e+00
2.999999999999999889e-01 1.088704118621660832e+00
4.000000000000000222e-01 6.818431318627957705e-01
5.000000000000000000e-01 4.241976429030945850e-01
5.999999999999999778e-01 2.501194307311868092e-01
6.999999999999999556e-01 1.318572888155293832e-01
7.500000000000000000e-01 8.904022495071346743e-02
8.000000000000000444e-01 5.553859111425201583e-02
8.499999999999999778e-01 3.050472687370300515e-02
9.000000000000000222e-01 1.325951823049849841e-02
9.749999999999999778e-01 8.035392196088416697e-04
