9.227851122164496423e-04 9.749999999999999778e-01
1.469346375252496284e-02 9.000000000000000222e-01
3.340467627859631389e-02 8.499999999999999778e-01
6.021681558235145865e-02 8.000000000000000444e-01
9.563416069008073839e-02 7.500000000000000000e-01
1.404431777347987798e-01 6.999999999999999556e-01
2.620007890234203329e-01 5.999999999999999778e-01
4.383105233610628537e-01 5.000000000000000000e-01
6.967768165007376391e-01 4.000000000000000222e-01
1.102816268730074656e+00 2.999999999999999889e-01
1.857167010693812292e+00 2.000000000000000111e-01
3.973838960422177990e+00 1.000000000000000056e-01
5.351033232535192141e+00 7.499999999999999722e-02
