9.500000000000000111e-02 -3.814697265625000000e-06
9.530303030303030609e-02 3.007795482093429565e+07
9.560606060606061107e-02 5.954207382919311523e+07
9.590909090909091606e-02 8.839235702479934692e+07
9.621212121212120716e-02 1.166288044077110291e+08
9.651515151515151214e-02 1.442514159779586792e+08
9.681818181818181712e-02 1.712601917355346680e+08
9.712121212121212210e-02 1.976551316804389954e+08
9.742424242424242709e-02 2.234362358126640320e+08
9.772727272727273207e-02 2.486035041322250366e+08
9.803030303030303705e-02 2.731569366391258240e+08
9.833333333333332815e-02 2.970965333333320618e+08
9.863636363636363313e-02 3.204222942148780823e+08
9.893939393939393812e-02 3.431342192837409973e+08
9.924242424242424310e-02 3.652323085399436951e+08
9.954545454545454808e-02 3.867165619834671021e+08
9.984848484848485306e-02 4.075869796143226624e+08
1.001515151515151580e-01 4.278435614325180054e+08
1.004545454545454630e-01 4.474863074380264282e+08
1.007575757575757541e-01 4.665152176308555603e+08
1.010606060606060591e-01 4.849302920110130310e+08
1.013636363636363641e-01 5.027315305785102844e+08
1.016666666666666691e-01 5.199189333333282471e+08
1.019696969696969741e-01 5.364925002754745483e+08
1.022727272727272790e-01 5.524522314049530029e+08
1.025757575757575701e-01 5.677981267217636108e+08
1.028787878787878751e-01 5.825301862258911133e+08
1.031818181818181801e-01 5.966484099173507690e+08
1.034848484848484851e-01 6.101527977961425781e+08
1.037878787878787901e-01 6.230433498622512817e+08
1.040909090909090950e-01 6.353200661156997681e+08
1.043939393939394000e-01 6.469829465564651489e+08
1.046969696969697050e-01 6.580319911845779419e+08
1.049999999999999961e-01 6.684672000000000000e+08
1.053030303030303011e-01 6.782885730027542114e+08
1.056060606060606061e-01 6.874961101928329468e+08
1.059090909090909111e-01 6.960898115702438354e+08
1.062121212121212160e-01 7.040696771349868774e+08
1.065151515151515210e-01 7.114357068870468140e+08
1.068181818181818121e-01 7.181879008264465332e+08
1.071212121212121171e-01 7.243262589531707764e+08
1.074242424242424221e-01 7.298507812672195435e+08
1.077272727272727271e-01 7.347614677685928345e+08
1.080303030303030321e-01 7.390583184572982788e+08
1.083333333333333370e-01 7.427413333333282471e+08
1.086363636363636420e-01 7.458105123966903687e+08
1.089393939393939470e-01 7.482658556473770142e+08
1.092424242424242381e-01 7.501073630853958130e+08
1.095454545454545431e-01 7.513350347107467651e+08
1.098484848484848481e-01 7.519488705234146118e+08
1.101515151515151530e-01 7.519488705234146118e+08
1.104545454545454580e-01 7.513350347107391357e+08
1.107575757575757630e-01 7.501073630853958130e+08
1.110606060606060541e-01 7.482658556473846436e+08
1.113636363636363591e-01 7.458105123966979980e+08
1.116666666666666641e-01 7.427413333333282471e+08
1.119696969696969691e-01 7.390583184572982788e+08
1.122727272727272740e-01 7.347614677685928345e+08
1.125757575757575790e-01 7.298507812672119141e+08
1.128787878787878840e-01 7.243262589531631470e+08
1.131818181818181890e-01 7.181879008264389038e+08
1.134848484848484940e-01 7.114357068870544434e+08
1.137878787878787851e-01 7.040696771349868774e+08
1.140909090909090901e-01 6.960898115702514648e+08
1.143939393939393950e-01 6.874961101928405762e+08
1.146969696969697000e-01 6.782885730027542114e+08
1.150000000000000050e-01 6.684672000000000000e+08
1.153030303030302961e-01 6.580319911845779419e+08
1.156060606060606011e-01 6.469829465564727783e+08
1.159090909090909061e-01 6.353200661157073975e+08
1.162121212121212110e-01 6.230433498622589111e+08
1.165151515151515160e-01 6.101527977961425781e+08
1.168181818181818210e-01 5.966484099173507690e+08
1.171212121212121260e-01 5.825301862258911133e+08
1.174242424242424310e-01 5.677981267217559814e+08
1.177272727272727360e-01 5.524522314049530029e+08
1.180303030303030271e-01 5.364925002754898071e+08
1.183333333333333320e-01 5.199189333333358765e+08
1.186363636363636370e-01 5.027315305785140991e+08
1.189393939393939420e-01 4.849302920110168457e+08
1.192424242424242470e-01 4.665152176308441162e+08
1.195454545454545381e-01 4.474863074380187988e+08
1.198484848484848431e-01 4.278435614325103760e+08
1.201515151515151480e-01 4.075869796143264771e+08
1.204545454545454530e-01 3.867165619834671021e+08
1.207575757575757580e-01 3.652323085399398804e+08
1.210606060606060630e-01 3.431342192837448120e+08
1.213636363636363680e-01 3.204222942148742676e+08
1.216666666666666730e-01 2.970965333333282471e+08
1.219696969696969779e-01 2.731569366391067505e+08
1.222727272727272690e-01 2.486035041322326660e+08
1.225757575757575740e-01 2.234362358126754761e+08
1.228787878787878790e-01 1.976551316804428101e+08
1.231818181818181840e-01 1.712601917355346680e+08
1.234848484848484890e-01 1.442514159779586792e+08
1.237878787878787940e-01 1.166288044077072144e+08
1.240909090909090851e-01 8.839235702479553223e+07
1.243939393939393900e-01 5.954207382920074463e+07
1.246969696969696950e-01 3.007795482093811035e+07
1.250000000000000000e-01 0.000000000000000000e+00
