9.500000000000000111e-02 -1.220703125000000000e-04
9.530303030303030609e-02 6.015590964185791016e+08
9.560606060606061107e-02 1.190841476583984375e+09
9.590909090909091606e-02 1.767847140495849609e+09
9.621212121212120716e-02 2.332576088154174805e+09
9.651515151515151214e-02 2.885028319559082031e+09
9.681818181818181712e-02 3.425203834710571289e+09
9.712121212121212210e-02 3.953102633608642578e+09
9.742424242424242709e-02 4.468724716253173828e+09
9.772727272727273207e-02 4.972070082644653320e+09
9.803030303030303705e-02 5.463138732782348633e+09
9.833333333333332815e-02 5.941930666666503906e+09
9.863636363636363313e-02 6.408445884297485352e+09
9.893939393939393812e-02 6.862684385674682617e+09
9.924242424242424310e-02 7.304646170798706055e+09
9.954545454545454808e-02 7.734331239669189453e+09
9.984848484848485306e-02 8.151739592286376953e+09
1.001515151515151580e-01 8.556871228650146484e+09
1.004545454545454630e-01 8.949726148760375977e+09
1.007575757575757541e-01 9.330304352617065430e+09
1.010606060606060591e-01 9.698605840220214844e+09
1.013636363636363641e-01 1.005463061157006836e+10
1.016666666666666691e-01 1.039837866666650391e+10
1.019696969696969741e-01 1.072985000550939941e+10
1.022727272727272790e-01 1.104904462809912109e+10
1.025757575757575701e-01 1.135596253443518066e+10
1.028787878787878751e-01 1.165060372451782227e+10
1.031818181818181801e-01 1.193296819834692383e+10
1.034848484848484851e-01 1.220305595592272949e+10
1.037878787878787901e-01 1.246086699724499512e+10
1.040909090909090950e-01 1.270640132231384277e+10
1.043939393939394000e-01 1.293965893112939453e+10
1.046969696969697050e-01 1.316063982369140625e+10
1.049999999999999961e-01 1.336934400000000000e+10
1.053030303030303011e-01 1.356577146005505371e+10
1.056060606060606061e-01 1.374992220385656738e+10
1.059090909090909111e-01 1.392179623140478516e+10
1.062121212121212160e-01 1.408139354269958496e+10
1.065151515151515210e-01 1.422871413774108887e+10
1.068181818181818121e-01 1.436375801652880859e+10
1.071212121212121171e-01 1.448652517906335449e+10
1.074242424242424221e-01 1.459701562534423828e+10
1.077272727272727271e-01 1.469522935537182617e+10
1.080303030303030321e-01 1.478116636914587402e+10
1.083333333333333370e-01 1.485482666666650391e+10
1.086363636363636420e-01 1.491621024793371582e+10
1.089393939393939470e-01 1.496531711294763184e+10
1.092424242424242381e-01 1.500214726170788574e+10
1.095454545454545431e-01 1.502670069421484375e+10
1.098484848484848481e-01 1.503897741046826172e+10
1.101515151515151530e-01 1.503897741046813965e+10
1.104545454545454580e-01 1.502670069421459961e+10
1.107575757575757630e-01 1.500214726170776367e+10
1.110606060606060541e-01 1.496531711294763184e+10
1.113636363636363591e-01 1.491621024793383789e+10
1.116666666666666641e-01 1.485482666666650391e+10
1.119696969696969691e-01 1.478116636914587402e+10
1.122727272727272740e-01 1.469522935537170410e+10
1.125757575757575790e-01 1.459701562534411621e+10
1.128787878787878840e-01 1.448652517906311035e+10
1.131818181818181890e-01 1.436375801652893066e+10
1.134848484848484940e-01 1.422871413774096680e+10
1.137878787878787851e-01 1.408139354269970703e+10
1.140909090909090901e-01 1.392179623140490723e+10
1.143939393939393950e-01 1.374992220385668945e+10
1.146969696969697000e-01 1.356577146005493164e+10
1.150000000000000050e-01 1.336934399999975586e+10
1.153030303030302961e-01 1.316063982369140625e+10
1.156060606060606011e-01 1.293965893112939453e+10
1.159090909090909061e-01 1.270640132231396484e+10
1.162121212121212110e-01 1.246086699724511719e+10
1.165151515151515160e-01 1.220305595592272949e+10
1.168181818181818210e-01 1.193296819834692383e+10
1.171212121212121260e-01 1.165060372451770020e+10
1.174242424242424310e-01 1.135596253443505859e+10
1.177272727272727360e-01 1.104904462809912109e+10
1.180303030303030271e-01 1.072985000550964355e+10
1.183333333333333320e-01 1.039837866666662598e+10
1.186363636363636370e-01 1.005463061157019043e+10
1.189393939393939420e-01 9.698605840220214844e+09
1.192424242424242470e-01 9.330304352616821289e+09
1.195454545454545381e-01 8.949726148760375977e+09
1.198484848484848431e-01 8.556871228650024414e+09
1.201515151515151480e-01 8.151739592286376953e+09
1.204545454545454530e-01 7.734331239669311523e+09
1.207575757575757580e-01 7.304646170798706055e+09
1.210606060606060630e-01 6.862684385674804688e+09
1.213636363636363680e-01 6.408445884297241211e+09
1.216666666666666730e-01 5.941930666666381836e+09
1.219696969696969779e-01 5.463138732782348633e+09
1.222727272727272690e-01 4.972070082644531250e+09
1.225757575757575740e-01 4.468724716253417969e+09
1.228787878787878790e-01 3.953102633608642578e+09
1.231818181818181840e-01 3.425203834710693359e+09
1.234848484848484890e-01 2.885028319559082031e+09
1.237878787878787940e-01 2.332576088154052734e+09
1.240909090909090851e-01 1.767847140495849609e+09
1.243939393939393900e-01 1.190841476583984375e+09
1.246969696969696950e-01 6.015590964187011719e+08
1.250000000000000000e-01 -1.220703125000000000e-04
