9.500000000000000111e-02 -5.960464477539062500e-08
9.530303030303030609e-02 2.159779614324569702e+05
9.560606060606061107e-02 4.275482093662917614e+05
9.590909090909091606e-02 6.347107438015639782e+05
9.621212121212120716e-02 8.374655647381842136e+05
9.651515151515151214e-02 1.035812672176182270e+06
9.681818181818181712e-02 1.229752066115587950e+06
9.712121212121212210e-02 1.419283746556431055e+06
9.742424242424242709e-02 1.604407713498532772e+06
9.772727272727273207e-02 1.785123966942071915e+06
9.803030303030303705e-02 1.961432506886959076e+06
9.833333333333332815e-02 2.133333333333224058e+06
9.863636363636363313e-02 2.300826446280896664e+06
9.893939393939393812e-02 2.463911845729887486e+06
9.924242424242424310e-02 2.622589531680315733e+06
9.954545454545454808e-02 2.776859504132151604e+06
9.984848484848485306e-02 2.926721763085335493e+06
1.001515151515151580e-01 3.072176308539867401e+06
1.004545454545454630e-01 3.213223140495777130e+06
1.007575757575757541e-01 3.349862258953094482e+06
1.010606060606060591e-01 3.482093663911700249e+06
1.013636363636363641e-01 3.609917355371773243e+06
1.016666666666666691e-01 3.733333333333253860e+06
1.019696969696969741e-01 3.852341597795993090e+06
1.022727272727272790e-01 3.966942148760169744e+06
1.025757575757575701e-01 4.077134986225813627e+06
1.028787878787878751e-01 4.182920110192716122e+06
1.031818181818181801e-01 4.284297520661026239e+06
1.034848484848484851e-01 4.381267217630743980e+06
1.037878787878787901e-01 4.473829201101779938e+06
1.040909090909090950e-01 4.561983471074253321e+06
1.043939393939394000e-01 4.645730027548044920e+06
1.046969696969697050e-01 4.725068870523363352e+06
1.049999999999999961e-01 4.799999999999910593e+06
1.053030303030303011e-01 4.870523415977865458e+06
1.056060606060606061e-01 4.936639118457168341e+06
1.059090909090909111e-01 4.998347107437908649e+06
1.062121212121212160e-01 5.055647382919967175e+06
1.065151515151515210e-01 5.108539944903433323e+06
1.068181818181818121e-01 5.157024793388366699e+06
1.071212121212121171e-01 5.201101928374588490e+06
1.074242424242424221e-01 5.240771349862158298e+06
1.077272727272727271e-01 5.276033057851135731e+06
1.080303030303030321e-01 5.306887052341461182e+06
1.083333333333333370e-01 5.333333333333194256e+06
1.086363636363636420e-01 5.355371900826334953e+06
1.089393939393939470e-01 5.373002754820764065e+06
1.092424242424242381e-01 5.386225895316720009e+06
1.095454545454545431e-01 5.395041322313964367e+06
1.098484848484848481e-01 5.399449035812556744e+06
1.101515151515151530e-01 5.399449035812556744e+06
1.104545454545454580e-01 5.395041322313904762e+06
1.107575757575757630e-01 5.386225895316660404e+06
1.110606060606060541e-01 5.373002754820823669e+06
1.113636363636363591e-01 5.355371900826334953e+06
1.116666666666666641e-01 5.333333333333194256e+06
1.119696969696969691e-01 5.306887052341461182e+06
1.122727272727272740e-01 5.276033057851135731e+06
1.125757575757575790e-01 5.240771349862098694e+06
1.128787878787878840e-01 5.201101928374528885e+06
1.131818181818181890e-01 5.157024793388247490e+06
1.134848484848484940e-01 5.108539944903373718e+06
1.137878787878787851e-01 5.055647382920026779e+06
1.140909090909090901e-01 4.998347107437908649e+06
1.143939393939393950e-01 4.936639118457198143e+06
1.146969696969697000e-01 4.870523415977835655e+06
1.150000000000000050e-01 4.799999999999880791e+06
1.153030303030302961e-01 4.725068870523333549e+06
1.156060606060606011e-01 4.645730027548134327e+06
1.159090909090909061e-01 4.561983471074283123e+06
1.162121212121212110e-01 4.473829201101839542e+06
1.165151515151515160e-01 4.381267217630743980e+06
1.168181818181818210e-01 4.284297520660996437e+06
1.171212121212121260e-01 4.182920110192656517e+06
1.174242424242424310e-01 4.077134986225724220e+06
1.177272727272727360e-01 3.966942148760139942e+06
1.180303030303030271e-01 3.852341597796082497e+06
1.183333333333333320e-01 3.733333333333253860e+06
1.186363636363636370e-01 3.609917355371773243e+06
1.189393939393939420e-01 3.482093663911700249e+06
1.192424242424242470e-01 3.349862258953034878e+06
1.195454545454545381e-01 3.213223140495777130e+06
1.198484848484848431e-01 3.072176308539867401e+06
1.201515151515151480e-01 2.926721763085305691e+06
1.204545454545454530e-01 2.776859504132091999e+06
1.207575757575757580e-01 2.622589531680285931e+06
1.210606060606060630e-01 2.463911845729887486e+06
1.213636363636363680e-01 2.300826446280837059e+06
1.216666666666666730e-01 2.133333333333194256e+06
1.219696969696969779e-01 1.961432506886899471e+06
1.222727272727272690e-01 1.785123966942012310e+06
1.225757575757575740e-01 1.604407713498532772e+06
1.228787878787878790e-01 1.419283746556341648e+06
1.231818181818181840e-01 1.229752066115617752e+06
1.234848484848484890e-01 1.035812672176182270e+06
1.237878787878787940e-01 8.374655647381544113e+05
1.240909090909090851e-01 6.347107438015341759e+05
1.243939393939393900e-01 4.275482093662619591e+05
1.246969696969696950e-01 2.159779614323973656e+05
1.250000000000000000e-01 -1.192092895507812500e-07
