9.500000000000000111e-02 -1.490116119384765625e-08
9.530303030303030609e-02 1.174920110192745924e+05
9.560606060606061107e-02 2.325862258952856064e+05
9.590909090909091606e-02 3.452826446281224489e+05
9.621212121212120716e-02 4.555812672176212072e+05
9.651515151515151214e-02 5.634820936639010906e+05
9.681818181818181712e-02 6.689851239669322968e+05
9.712121212121212210e-02 7.720903581267148256e+05
9.742424242424242709e-02 8.727977961432188749e+05
9.772727272727273207e-02 9.711074380165040493e+05
9.803030303030303705e-02 1.067019283746585250e+06
9.833333333333332815e-02 1.160533333333328366e+06
9.863636363636363313e-02 1.251649586776867509e+06
9.893939393939393812e-02 1.340368044077113271e+06
9.924242424242424310e-02 1.426688705234155059e+06
9.954545454545454808e-02 1.510611570247918367e+06
9.984848484848485306e-02 1.592136639118447900e+06
1.001515151515151580e-01 1.671263911845773458e+06
1.004545454545454630e-01 1.747993388429790735e+06
1.007575757575757541e-01 1.822325068870529532e+06
1.010606060606060591e-01 1.894258953168019652e+06
1.013636363636363641e-01 1.963795041322305799e+06
1.016666666666666691e-01 2.030933333333313465e+06
1.019696969696969741e-01 2.095673829201072454e+06
1.022727272727272790e-01 2.158016528925597668e+06
1.025757575757575701e-01 2.217961432506889105e+06
1.028787878787878751e-01 2.275508539944887161e+06
1.031818181818181801e-01 2.330657851239651442e+06
1.034848484848484851e-01 2.383409366391181946e+06
1.037878787878787901e-01 2.433763085399419069e+06
1.040909090909090950e-01 2.481719008264452219e+06
1.043939393939394000e-01 2.527277134986191988e+06
1.046969696969697050e-01 2.570437465564757586e+06
1.049999999999999961e-01 2.611200000000000000e+06
1.053030303030303011e-01 2.649564738292008638e+06
1.056060606060606061e-01 2.685531680440753698e+06
1.059090909090909111e-01 2.719100826446264982e+06
1.062121212121212160e-01 2.750272176308542490e+06
1.065151515151515210e-01 2.779045730027526617e+06
1.068181818181818121e-01 2.805421487603306770e+06
1.071212121212121171e-01 2.829399449035823345e+06
1.074242424242424221e-01 2.850979614325076342e+06
1.077272727272727271e-01 2.870161983471065760e+06
1.080303030303030321e-01 2.886946556473821402e+06
1.083333333333333370e-01 2.901333333333313465e+06
1.086363636363636420e-01 2.913322314049571753e+06
1.089393939393939470e-01 2.922913498622566462e+06
1.092424242424242381e-01 2.930106887052327394e+06
1.095454545454545431e-01 2.934902479338854551e+06
1.098484848484848481e-01 2.937300275482088327e+06
1.101515151515151530e-01 2.937300275482088327e+06
1.104545454545454580e-01 2.934902479338824749e+06
1.107575757575757630e-01 2.930106887052327394e+06
1.110606060606060541e-01 2.922913498622596264e+06
1.113636363636363591e-01 2.913322314049601555e+06
1.116666666666666641e-01 2.901333333333313465e+06
1.119696969696969691e-01 2.886946556473821402e+06
1.122727272727272740e-01 2.870161983471065760e+06
1.125757575757575790e-01 2.850979614325046539e+06
1.128787878787878840e-01 2.829399449035793543e+06
1.131818181818181890e-01 2.805421487603276968e+06
1.134848484848484940e-01 2.779045730027556419e+06
1.137878787878787851e-01 2.750272176308542490e+06
1.140909090909090901e-01 2.719100826446294785e+06
1.143939393939393950e-01 2.685531680440783501e+06
1.146969696969697000e-01 2.649564738292008638e+06
1.150000000000000050e-01 2.611200000000000000e+06
1.153030303030302961e-01 2.570437465564757586e+06
1.156060606060606011e-01 2.527277134986221790e+06
1.159090909090909061e-01 2.481719008264482021e+06
1.162121212121212110e-01 2.433763085399448872e+06
1.165151515151515160e-01 2.383409366391181946e+06
1.168181818181818210e-01 2.330657851239651442e+06
1.171212121212121260e-01 2.275508539944887161e+06
1.174242424242424310e-01 2.217961432506859303e+06
1.177272727272727360e-01 2.158016528925597668e+06
1.180303030303030271e-01 2.095673829201132059e+06
1.183333333333333320e-01 2.030933333333343267e+06
1.186363636363636370e-01 1.963795041322320700e+06
1.189393939393939420e-01 1.894258953168034554e+06
1.192424242424242470e-01 1.822325068870484829e+06
1.195454545454545381e-01 1.747993388429760933e+06
1.198484848484848431e-01 1.671263911845743656e+06
1.201515151515151480e-01 1.592136639118462801e+06
1.204545454545454530e-01 1.510611570247918367e+06
1.207575757575757580e-01 1.426688705234140158e+06
1.210606060606060630e-01 1.340368044077128172e+06
1.213636363636363680e-01 1.251649586776852608e+06
1.216666666666666730e-01 1.160533333333313465e+06
1.219696969696969779e-01 1.067019283746510744e+06
1.222727272727272690e-01 9.711074380165338516e+05
1.225757575757575740e-01 8.727977961432635784e+05
1.228787878787878790e-01 7.720903581267297268e+05
1.231818181818181840e-01 6.689851239669322968e+05
1.234848484848484890e-01 5.634820936639010906e+05
1.237878787878787940e-01 4.555812672176063061e+05
1.240909090909090851e-01 3.452826446281075478e+05
1.243939393939393900e-01 2.325862258953154087e+05
1.246969696969696950e-01 1.174920110192894936e+05
1.250000000000000000e-01 0.000000000000000000e+00
