9.500000000000000111e-02 -1.192092895507812500e-07
9.530303030303030609e-02 9.399360881541967392e+05
9.560606060606061107e-02 1.860689807162284851e+06
9.590909090909091606e-02 2.762261157024979591e+06
9.621212121212120716e-02 3.644650137740969658e+06
9.651515151515151214e-02 4.507856749311208725e+06
9.681818181818181712e-02 5.351880991735458374e+06
9.712121212121212210e-02 6.176722865013718605e+06
9.742424242424242709e-02 6.982382369145750999e+06
9.772727272727273207e-02 7.768859504132032394e+06
9.803030303030303705e-02 8.536154269972681999e+06
9.833333333333332815e-02 9.284266666666626930e+06
9.863636363636363313e-02 1.001319669421494007e+07
9.893939393939393812e-02 1.072294435261690617e+07
9.924242424242424310e-02 1.141350964187324047e+07
9.954545454545454808e-02 1.208489256198334694e+07
9.984848484848485306e-02 1.273709311294758320e+07
1.001515151515151580e-01 1.337011129476618767e+07
1.004545454545454630e-01 1.398394710743832588e+07
1.007575757575757541e-01 1.457860055096423626e+07
1.010606060606060591e-01 1.515407162534415722e+07
1.013636363636363641e-01 1.571036033057844639e+07
1.016666666666666691e-01 1.624746666666650772e+07
1.019696969696969741e-01 1.676539063360857964e+07
1.022727272727272790e-01 1.726413223140478134e+07
1.025757575757575701e-01 1.774369146005511284e+07
1.028787878787878751e-01 1.820406831955909729e+07
1.031818181818181801e-01 1.864526280991721153e+07
1.034848484848484851e-01 1.906727493112945557e+07
1.037878787878787901e-01 1.947010468319535255e+07
1.040909090909090950e-01 1.985375206611561775e+07
1.043939393939394000e-01 2.021821707988953590e+07
1.046969696969697050e-01 2.056349972451806068e+07
1.049999999999999961e-01 2.088960000000000000e+07
1.053030303030303011e-01 2.119651790633606911e+07
1.056060606060606061e-01 2.148425344352602959e+07
1.059090909090909111e-01 2.175280661157011986e+07
1.062121212121212160e-01 2.200217741046833992e+07
1.065151515151515210e-01 2.223236584022021294e+07
1.068181818181818121e-01 2.244337190082645416e+07
1.071212121212121171e-01 2.263519559228658676e+07
1.074242424242424221e-01 2.280783691460061073e+07
1.077272727272727271e-01 2.296129586776852608e+07
1.080303030303030321e-01 2.309557245179057121e+07
1.083333333333333370e-01 2.321066666666650772e+07
1.086363636363636420e-01 2.330657851239657402e+07
1.089393939393939470e-01 2.338330798898053169e+07
1.092424242424242381e-01 2.344085509641861916e+07
1.095454545454545431e-01 2.347921983471083641e+07
1.098484848484848481e-01 2.349840220385670662e+07
1.101515151515151530e-01 2.349840220385670662e+07
1.104545454545454580e-01 2.347921983471059799e+07
1.107575757575757630e-01 2.344085509641861916e+07
1.110606060606060541e-01 2.338330798898077011e+07
1.113636363636363591e-01 2.330657851239681244e+07
1.116666666666666641e-01 2.321066666666650772e+07
1.119696969696969691e-01 2.309557245179057121e+07
1.122727272727272740e-01 2.296129586776852608e+07
1.125757575757575790e-01 2.280783691460037231e+07
1.128787878787878840e-01 2.263519559228634834e+07
1.131818181818181890e-01 2.244337190082621574e+07
1.134848484848484940e-01 2.223236584022045135e+07
1.137878787878787851e-01 2.200217741046833992e+07
1.140909090909090901e-01 2.175280661157035828e+07
1.143939393939393950e-01 2.148425344352626801e+07
1.146969696969697000e-01 2.119651790633606911e+07
1.150000000000000050e-01 2.088960000000000000e+07
1.153030303030302961e-01 2.056349972451806068e+07
1.156060606060606011e-01 2.021821707988977432e+07
1.159090909090909061e-01 1.985375206611585617e+07
1.162121212121212110e-01 1.947010468319559097e+07
1.165151515151515160e-01 1.906727493112945557e+07
1.168181818181818210e-01 1.864526280991721153e+07
1.171212121212121260e-01 1.820406831955909729e+07
1.174242424242424310e-01 1.774369146005487442e+07
1.177272727272727360e-01 1.726413223140478134e+07
1.180303030303030271e-01 1.676539063360905647e+07
1.183333333333333320e-01 1.624746666666674614e+07
1.186363636363636370e-01 1.571036033057856560e+07
1.189393939393939420e-01 1.515407162534427643e+07
1.192424242424242470e-01 1.457860055096387863e+07
1.195454545454545381e-01 1.398394710743808746e+07
1.198484848484848431e-01 1.337011129476594925e+07
1.201515151515151480e-01 1.273709311294770241e+07
1.204545454545454530e-01 1.208489256198334694e+07
1.207575757575757580e-01 1.141350964187312126e+07
1.210606060606060630e-01 1.072294435261702538e+07
1.213636363636363680e-01 1.001319669421482086e+07
1.216666666666666730e-01 9.284266666666507721e+06
1.219696969696969779e-01 8.536154269972085953e+06
1.222727272727272690e-01 7.768859504132270813e+06
1.225757575757575740e-01 6.982382369146108627e+06
1.228787878787878790e-01 6.176722865013837814e+06
1.231818181818181840e-01 5.351880991735458374e+06
1.234848484848484890e-01 4.507856749311208725e+06
1.237878787878787940e-01 3.644650137740850449e+06
1.240909090909090851e-01 2.762261157024860382e+06
1.243939393939393900e-01 1.860689807162523270e+06
1.246969696969696950e-01 9.399360881543159485e+05
1.250000000000000000e-01 0.000000000000000000e+00
