9.500000000000000111e-02 -9.536743164062500000e-07
9.530303030303030609e-02 7.519488705233573914e+06
9.560606060606061107e-02 1.488551845729827881e+07
9.590909090909091606e-02 2.209808925619983673e+07
9.621212121212120716e-02 2.915720110192775726e+07
9.651515151515151214e-02 3.606285399448966980e+07
9.681818181818181712e-02 4.281504793388366699e+07
9.712121212121212210e-02 4.941378292010974884e+07
9.742424242424242709e-02 5.585905895316600800e+07
9.772727272727273207e-02 6.215087603305625916e+07
9.803030303030303705e-02 6.828923415978145599e+07
9.833333333333332815e-02 7.427413333333301544e+07
9.863636363636363313e-02 8.010557355371952057e+07
9.893939393939393812e-02 8.578355482093524933e+07
9.924242424242424310e-02 9.130807713498592377e+07
9.954545454545454808e-02 9.667914049586677551e+07
9.984848484848485306e-02 1.018967449035806656e+08
1.001515151515151580e-01 1.069608903581295013e+08
1.004545454545454630e-01 1.118715768595066071e+08
1.007575757575757541e-01 1.166288044077138901e+08
1.010606060606060591e-01 1.212325730027532578e+08
1.013636363636363641e-01 1.256828826446275711e+08
1.016666666666666691e-01 1.299797333333320618e+08
1.019696969696969741e-01 1.341231250688686371e+08
1.022727272727272790e-01 1.381130578512382507e+08
1.025757575757575701e-01 1.419495316804409027e+08
1.028787878787878751e-01 1.456325465564727783e+08
1.031818181818181801e-01 1.491621024793376923e+08
1.034848484848484851e-01 1.525381994490356445e+08
1.037878787878787901e-01 1.557608374655628204e+08
1.040909090909090950e-01 1.588300165289249420e+08
1.043939393939394000e-01 1.617457366391162872e+08
1.046969696969697050e-01 1.645079977961444855e+08
1.049999999999999961e-01 1.671168000000000000e+08
1.053030303030303011e-01 1.695721432506885529e+08
1.056060606060606061e-01 1.718740275482082367e+08
1.059090909090909111e-01 1.740224528925609589e+08
1.062121212121212160e-01 1.760174192837467194e+08
1.065151515151515210e-01 1.778589267217617035e+08
1.068181818181818121e-01 1.795469752066116333e+08
1.071212121212121171e-01 1.810815647382926941e+08
1.074242424242424221e-01 1.824626953168048859e+08
1.077272727272727271e-01 1.836903669421482086e+08
1.080303030303030321e-01 1.847645796143245697e+08
1.083333333333333370e-01 1.856853333333320618e+08
1.086363636363636420e-01 1.864526280991725922e+08
1.089393939393939470e-01 1.870664639118442535e+08
1.092424242424242381e-01 1.875268407713489532e+08
1.095454545454545431e-01 1.878337586776866913e+08
1.098484848484848481e-01 1.879872176308536530e+08
1.101515151515151530e-01 1.879872176308536530e+08
1.104545454545454580e-01 1.878337586776847839e+08
1.107575757575757630e-01 1.875268407713489532e+08
1.110606060606060541e-01 1.870664639118461609e+08
1.113636363636363591e-01 1.864526280991744995e+08
1.116666666666666641e-01 1.856853333333320618e+08
1.119696969696969691e-01 1.847645796143245697e+08
1.122727272727272740e-01 1.836903669421482086e+08
1.125757575757575790e-01 1.824626953168029785e+08
1.128787878787878840e-01 1.810815647382907867e+08
1.131818181818181890e-01 1.795469752066097260e+08
1.134848484848484940e-01 1.778589267217636108e+08
1.137878787878787851e-01 1.760174192837467194e+08
1.140909090909090901e-01 1.740224528925628662e+08
1.143939393939393950e-01 1.718740275482101440e+08
1.146969696969697000e-01 1.695721432506885529e+08
1.150000000000000050e-01 1.671168000000000000e+08
1.153030303030302961e-01 1.645079977961444855e+08
1.156060606060606011e-01 1.617457366391181946e+08
1.159090909090909061e-01 1.588300165289268494e+08
1.162121212121212110e-01 1.557608374655647278e+08
1.165151515151515160e-01 1.525381994490356445e+08
1.168181818181818210e-01 1.491621024793376923e+08
1.171212121212121260e-01 1.456325465564727783e+08
1.174242424242424310e-01 1.419495316804389954e+08
1.177272727272727360e-01 1.381130578512382507e+08
1.180303030303030271e-01 1.341231250688724518e+08
1.183333333333333320e-01 1.299797333333339691e+08
1.186363636363636370e-01 1.256828826446285248e+08
1.189393939393939420e-01 1.212325730027542114e+08
1.192424242424242470e-01 1.166288044077110291e+08
1.195454545454545381e-01 1.118715768595046997e+08
1.198484848484848431e-01 1.069608903581275940e+08
1.201515151515151480e-01 1.018967449035816193e+08
1.204545454545454530e-01 9.667914049586677551e+07
1.207575757575757580e-01 9.130807713498497009e+07
1.210606060606060630e-01 8.578355482093620300e+07
1.213636363636363680e-01 8.010557355371856689e+07
1.216666666666666730e-01 7.427413333333206177e+07
1.219696969696969779e-01 6.828923415977668762e+07
1.222727272727272690e-01 6.215087603305816650e+07
1.225757575757575740e-01 5.585905895316886902e+07
1.228787878787878790e-01 4.941378292011070251e+07
1.231818181818181840e-01 4.281504793388366699e+07
1.234848484848484890e-01 3.606285399448966980e+07
1.237878787878787940e-01 2.915720110192680359e+07
1.240909090909090851e-01 2.209808925619888306e+07
1.243939393939393900e-01 1.488551845730018616e+07
1.246969696969696950e-01 7.519488705234527588e+06
1.250000000000000000e-01 0.000000000000000000e+00
