9.500000000000000111e-02 -1.192092895507812500e-07
9.530303030303030609e-02 5.874600550962686539e+05
9.560606060606061107e-02 1.162931129476547241e+06
9.590909090909091606e-02 1.726413223140478134e+06
9.621212121212120716e-02 2.277906336088061333e+06
9.651515151515151214e-02 2.817410468319416046e+06
9.681818181818181712e-02 3.344925619834542274e+06
9.712121212121212210e-02 3.860451790633440018e+06
9.742424242424242709e-02 4.363988980715990067e+06
9.772727272727273207e-02 4.855537190082669258e+06
9.803030303030303705e-02 5.335096418732762337e+06
9.833333333333332815e-02 5.802666666666507721e+06
9.863636363636363313e-02 6.258247933884263039e+06
9.893939393939393812e-02 6.701840220385432243e+06
9.924242424242424310e-02 7.133443526170611382e+06
9.954545454545454808e-02 7.553057851239442825e+06
9.984848484848485306e-02 7.960683195592164993e+06
1.001515151515151580e-01 8.356319559228658676e+06
1.004545454545454630e-01 8.739966942148804665e+06
1.007575757575757541e-01 9.111625344352602959e+06
1.010606060606060591e-01 9.471294765840053558e+06
1.013636363636363641e-01 9.818975206611394882e+06
1.016666666666666691e-01 1.015466666666650772e+07
1.019696969696969741e-01 1.047836914600527287e+07
1.022727272727272790e-01 1.079008264462804794e+07
1.025757575757575701e-01 1.108980716253435612e+07
1.028787878787878751e-01 1.137754269972443581e+07
1.031818181818181801e-01 1.165328925619816780e+07
1.034848484848484851e-01 1.191704683195579052e+07
1.037878787878787901e-01 1.216881542699706554e+07
1.040909090909090950e-01 1.240859504132211208e+07
1.043939393939394000e-01 1.263638567493104935e+07
1.046969696969697050e-01 1.285218732782363892e+07
1.049999999999999961e-01 1.305600000000000000e+07
1.053030303030303011e-01 1.324782369146001339e+07
1.056060606060606061e-01 1.342765840220367908e+07
1.059090909090909111e-01 1.359550413223123550e+07
1.062121212121212160e-01 1.375136088154256344e+07
1.065151515151515210e-01 1.389522865013778210e+07
1.068181818181818121e-01 1.402710743801641464e+07
1.071212121212121171e-01 1.414699724517905712e+07
1.074242424242424221e-01 1.425489807162523270e+07
1.077272727272727271e-01 1.435080991735529900e+07
1.080303030303030321e-01 1.443473278236901760e+07
1.083333333333333370e-01 1.450666666666650772e+07
1.086363636363636420e-01 1.456661157024776936e+07
1.089393939393939470e-01 1.461456749311292171e+07
1.092424242424242381e-01 1.465053443526160717e+07
1.095454545454545431e-01 1.467451239669418335e+07
1.098484848484848481e-01 1.468650137741041183e+07
1.101515151515151530e-01 1.468650137741029263e+07
1.104545454545454580e-01 1.467451239669394493e+07
1.107575757575757630e-01 1.465053443526148796e+07
1.110606060606060541e-01 1.461456749311292171e+07
1.113636363636363591e-01 1.456661157024788857e+07
1.116666666666666641e-01 1.450666666666650772e+07
1.119696969696969691e-01 1.443473278236901760e+07
1.122727272727272740e-01 1.435080991735517979e+07
1.125757575757575790e-01 1.425489807162511349e+07
1.128787878787878840e-01 1.414699724517881870e+07
1.131818181818181890e-01 1.402710743801653385e+07
1.134848484848484940e-01 1.389522865013766289e+07
1.137878787878787851e-01 1.375136088154268265e+07
1.140909090909090901e-01 1.359550413223135471e+07
1.143939393939393950e-01 1.342765840220379829e+07
1.146969696969697000e-01 1.324782369145989418e+07
1.150000000000000050e-01 1.305599999999976158e+07
1.153030303030302961e-01 1.285218732782363892e+07
1.156060606060606011e-01 1.263638567493104935e+07
1.159090909090909061e-01 1.240859504132223129e+07
1.162121212121212110e-01 1.216881542699718475e+07
1.165151515151515160e-01 1.191704683195579052e+07
1.168181818181818210e-01 1.165328925619816780e+07
1.171212121212121260e-01 1.137754269972431660e+07
1.174242424242424310e-01 1.108980716253423691e+07
1.177272727272727360e-01 1.079008264462804794e+07
1.180303030303030271e-01 1.047836914600551128e+07
1.183333333333333320e-01 1.015466666666662693e+07
1.186363636363636370e-01 9.818975206611514091e+06
1.189393939393939420e-01 9.471294765840053558e+06
1.192424242424242470e-01 9.111625344352364540e+06
1.195454545454545381e-01 8.739966942148804665e+06
1.198484848484848431e-01 8.356319559228539467e+06
1.201515151515151480e-01 7.960683195592164993e+06
1.204545454545454530e-01 7.553057851239562035e+06
1.207575757575757580e-01 7.133443526170611382e+06
1.210606060606060630e-01 6.701840220385551453e+06
1.213636363636363680e-01 6.258247933884024620e+06
1.216666666666666730e-01 5.802666666666388512e+06
1.219696969696969779e-01 5.335096418732762337e+06
1.222727272727272690e-01 4.855537190082550049e+06
1.225757575757575740e-01 4.363988980716228485e+06
1.228787878787878790e-01 3.860451790633440018e+06
1.231818181818181840e-01 3.344925619834661484e+06
1.234848484848484890e-01 2.817410468319416046e+06
1.237878787878787940e-01 2.277906336087942123e+06
1.240909090909090851e-01 1.726413223140478134e+06
1.243939393939393900e-01 1.162931129476547241e+06
1.246969696969696950e-01 5.874600550963878632e+05
1.250000000000000000e-01 -1.192092895507812500e-07
