9.500000000000000111e-02 -1.525878906250000000e-05
9.530303030303030609e-02 7.519488705232238770e+07
9.560606060606061107e-02 1.488551845729980469e+08
9.590909090909091606e-02 2.209808925619812012e+08
9.621212121212120716e-02 2.915720110192718506e+08
9.651515151515151214e-02 3.606285399448852539e+08
9.681818181818181712e-02 4.281504793388214111e+08
9.712121212121212210e-02 4.941378292010803223e+08
9.742424242424242709e-02 5.585905895316467285e+08
9.772727272727273207e-02 6.215087603305816650e+08
9.803030303030303705e-02 6.828923415977935791e+08
9.833333333333332815e-02 7.427413333333129883e+08
9.863636363636363313e-02 8.010557355371856689e+08
9.893939393939393812e-02 8.578355482093353271e+08
9.924242424242424310e-02 9.130807713498382568e+08
9.954545454545454808e-02 9.667914049586486816e+08
9.984848484848485306e-02 1.018967449035797119e+09
1.001515151515151580e-01 1.069608903581268311e+09
1.004545454545454630e-01 1.118715768595046997e+09
1.007575757575757541e-01 1.166288044077133179e+09
1.010606060606060591e-01 1.212325730027526855e+09
1.013636363636363641e-01 1.256828826446258545e+09
1.016666666666666691e-01 1.299797333333312988e+09
1.019696969696969741e-01 1.341231250688674927e+09
1.022727272727272790e-01 1.381130578512390137e+09
1.025757575757575701e-01 1.419495316804397583e+09
1.028787878787878751e-01 1.456325465564727783e+09
1.031818181818181801e-01 1.491621024793365479e+09
1.034848484848484851e-01 1.525381994490341187e+09
1.037878787878787901e-01 1.557608374655624390e+09
1.040909090909090950e-01 1.588300165289230347e+09
1.043939393939394000e-01 1.617457366391174316e+09
1.046969696969697050e-01 1.645079977961425781e+09
1.049999999999999961e-01 1.671168000000000000e+09
1.053030303030303011e-01 1.695721432506881714e+09
1.056060606060606061e-01 1.718740275482070923e+09
1.059090909090909111e-01 1.740224528925598145e+09
1.062121212121212160e-01 1.760174192837448120e+09
1.065151515151515210e-01 1.778589267217636108e+09
1.068181818181818121e-01 1.795469752066101074e+09
1.071212121212121171e-01 1.810815647382919312e+09
1.074242424242424221e-01 1.824626953168029785e+09
1.077272727272727271e-01 1.836903669421478271e+09
1.080303030303030321e-01 1.847645796143234253e+09
1.083333333333333370e-01 1.856853333333312988e+09
1.086363636363636420e-01 1.864526280991714478e+09
1.089393939393939470e-01 1.870664639118453979e+09
1.092424242424242381e-01 1.875268407713485718e+09
1.095454545454545431e-01 1.878337586776855469e+09
1.098484848484848481e-01 1.879872176308532715e+09
1.101515151515151530e-01 1.879872176308517456e+09
1.104545454545454580e-01 1.878337586776824951e+09
1.107575757575757630e-01 1.875268407713470459e+09
1.110606060606060541e-01 1.870664639118453979e+09
1.113636363636363591e-01 1.864526280991729736e+09
1.116666666666666641e-01 1.856853333333312988e+09
1.119696969696969691e-01 1.847645796143234253e+09
1.122727272727272740e-01 1.836903669421463013e+09
1.125757575757575790e-01 1.824626953168014526e+09
1.128787878787878840e-01 1.810815647382888794e+09
1.131818181818181890e-01 1.795469752066116333e+09
1.134848484848484940e-01 1.778589267217620850e+09
1.137878787878787851e-01 1.760174192837463379e+09
1.140909090909090901e-01 1.740224528925613403e+09
1.143939393939393950e-01 1.718740275482086182e+09
1.146969696969697000e-01 1.695721432506866455e+09
1.150000000000000050e-01 1.671167999999969482e+09
1.153030303030302961e-01 1.645079977961425781e+09
1.156060606060606011e-01 1.617457366391174316e+09
1.159090909090909061e-01 1.588300165289245605e+09
1.162121212121212110e-01 1.557608374655639648e+09
1.165151515151515160e-01 1.525381994490341187e+09
1.168181818181818210e-01 1.491621024793365479e+09
1.171212121212121260e-01 1.456325465564712524e+09
1.174242424242424310e-01 1.419495316804382324e+09
1.177272727272727360e-01 1.381130578512390137e+09
1.180303030303030271e-01 1.341231250688705444e+09
1.183333333333333320e-01 1.299797333333328247e+09
1.186363636363636370e-01 1.256828826446273804e+09
1.189393939393939420e-01 1.212325730027526855e+09
1.192424242424242470e-01 1.166288044077102661e+09
1.195454545454545381e-01 1.118715768595046997e+09
1.198484848484848431e-01 1.069608903581253052e+09
1.201515151515151480e-01 1.018967449035797119e+09
1.204545454545454530e-01 9.667914049586639404e+08
1.207575757575757580e-01 9.130807713498382568e+08
1.210606060606060630e-01 8.578355482093505859e+08
1.213636363636363680e-01 8.010557355371551514e+08
1.216666666666666730e-01 7.427413333332977295e+08
1.219696969696969779e-01 6.828923415977935791e+08
1.222727272727272690e-01 6.215087603305664062e+08
1.225757575757575740e-01 5.585905895316772461e+08
1.228787878787878790e-01 4.941378292010803223e+08
1.231818181818181840e-01 4.281504793388366699e+08
1.234848484848484890e-01 3.606285399448852539e+08
1.237878787878787940e-01 2.915720110192565918e+08
1.240909090909090851e-01 2.209808925619812012e+08
1.243939393939393900e-01 1.488551845729980469e+08
1.246969696969696950e-01 7.519488705233764648e+07
1.250000000000000000e-01 -1.525878906250000000e-05
