9.500000000000000111e-02 -4.768371582031250000e-07
9.530303030303030609e-02 3.759744352616786957e+06
9.560606060606061107e-02 7.442759228649139404e+06
9.590909090909091606e-02 1.104904462809991837e+07
9.621212121212120716e-02 1.457860055096387863e+07
9.651515151515151214e-02 1.803142699724483490e+07
9.681818181818181712e-02 2.140752396694183350e+07
9.712121212121212210e-02 2.470689146005487442e+07
9.742424242424242709e-02 2.792952947658300400e+07
9.772727272727273207e-02 3.107543801652812958e+07
9.803030303030303705e-02 3.414461707989072800e+07
9.833333333333332815e-02 3.713706666666650772e+07
9.863636363636363313e-02 4.005278677685976028e+07
9.893939393939393812e-02 4.289177741046762466e+07
9.924242424242424310e-02 4.565403856749296188e+07
9.954545454545454808e-02 4.833957024793338776e+07
9.984848484848485306e-02 5.094837245179033279e+07
1.001515151515151580e-01 5.348044517906475067e+07
1.004545454545454630e-01 5.593578842975330353e+07
1.007575757575757541e-01 5.831440220385694504e+07
1.010606060606060591e-01 6.061628650137662888e+07
1.013636363636363641e-01 6.284144132231378555e+07
1.016666666666666691e-01 6.498986666666603088e+07
1.019696969696969741e-01 6.706156253443431854e+07
1.022727272727272790e-01 6.905652892561912537e+07
1.025757575757575701e-01 7.097476584022045135e+07
1.028787878787878751e-01 7.281627327823638916e+07
1.031818181818181801e-01 7.458105123966884613e+07
1.034848484848484851e-01 7.626909972451782227e+07
1.037878787878787901e-01 7.788041873278141022e+07
1.040909090909090950e-01 7.941500826446247101e+07
1.043939393939394000e-01 8.087286831955814362e+07
1.046969696969697050e-01 8.225399889807224274e+07
1.049999999999999961e-01 8.355840000000000000e+07
1.053030303030303011e-01 8.478607162534427643e+07
1.056060606060606061e-01 8.593701377410411835e+07
1.059090909090909111e-01 8.701122644628047943e+07
1.062121212121212160e-01 8.800870964187335968e+07
1.065151515151515210e-01 8.892946336088085175e+07
1.068181818181818121e-01 8.977348760330581665e+07
1.071212121212121171e-01 9.054078236914634705e+07
1.074242424242424221e-01 9.123134765840244293e+07
1.077272727272727271e-01 9.184518347107410431e+07
1.080303030303030321e-01 9.238228980716228485e+07
1.083333333333333370e-01 9.284266666666603088e+07
1.086363636363636420e-01 9.322631404958629608e+07
1.089393939393939470e-01 9.353323195592212677e+07
1.092424242424242381e-01 9.376342038567447662e+07
1.095454545454545431e-01 9.391687933884334564e+07
1.098484848484848481e-01 9.399360881542682648e+07
1.101515151515151530e-01 9.399360881542682648e+07
1.104545454545454580e-01 9.391687933884239197e+07
1.107575757575757630e-01 9.376342038567447662e+07
1.110606060606060541e-01 9.353323195592308044e+07
1.113636363636363591e-01 9.322631404958724976e+07
1.116666666666666641e-01 9.284266666666603088e+07
1.119696969696969691e-01 9.238228980716228485e+07
1.122727272727272740e-01 9.184518347107410431e+07
1.125757575757575790e-01 9.123134765840148926e+07
1.128787878787878840e-01 9.054078236914539337e+07
1.131818181818181890e-01 8.977348760330486298e+07
1.134848484848484940e-01 8.892946336088180542e+07
1.137878787878787851e-01 8.800870964187335968e+07
1.140909090909090901e-01 8.701122644628143311e+07
1.143939393939393950e-01 8.593701377410507202e+07
1.146969696969697000e-01 8.478607162534427643e+07
1.150000000000000050e-01 8.355840000000000000e+07
1.153030303030302961e-01 8.225399889807224274e+07
1.156060606060606011e-01 8.087286831955909729e+07
1.159090909090909061e-01 7.941500826446342468e+07
1.162121212121212110e-01 7.788041873278236389e+07
1.165151515151515160e-01 7.626909972451782227e+07
1.168181818181818210e-01 7.458105123966884613e+07
1.171212121212121260e-01 7.281627327823638916e+07
1.174242424242424310e-01 7.097476584021949768e+07
1.177272727272727360e-01 6.905652892561912537e+07
1.180303030303030271e-01 6.706156253443622589e+07
1.183333333333333320e-01 6.498986666666698456e+07
1.186363636363636370e-01 6.284144132231426239e+07
1.189393939393939420e-01 6.061628650137710571e+07
1.192424242424242470e-01 5.831440220385551453e+07
1.195454545454545381e-01 5.593578842975234985e+07
1.198484848484848431e-01 5.348044517906379700e+07
1.201515151515151480e-01 5.094837245179080963e+07
1.204545454545454530e-01 4.833957024793338776e+07
1.207575757575757580e-01 4.565403856749248505e+07
1.210606060606060630e-01 4.289177741046810150e+07
1.213636363636363680e-01 4.005278677685928345e+07
1.216666666666666730e-01 3.713706666666603088e+07
1.219696969696969779e-01 3.414461707988834381e+07
1.222727272727272690e-01 3.107543801652908325e+07
1.225757575757575740e-01 2.792952947658443451e+07
1.228787878787878790e-01 2.470689146005535126e+07
1.231818181818181840e-01 2.140752396694183350e+07
1.234848484848484890e-01 1.803142699724483490e+07
1.237878787878787940e-01 1.457860055096340179e+07
1.240909090909090851e-01 1.104904462809944153e+07
1.243939393939393900e-01 7.442759228650093079e+06
1.246969696969696950e-01 3.759744352617263794e+06
1.250000000000000000e-01 0.000000000000000000e+00
