9.500000000000000111e-02 -5.960464477539062500e-08
9.530303030303030609e-02 4.699680440770983696e+05
9.560606060606061107e-02 9.303449035811424255e+05
9.590909090909091606e-02 1.381130578512489796e+06
9.621212121212120716e-02 1.822325068870484829e+06
9.651515151515151214e-02 2.253928374655604362e+06
9.681818181818181712e-02 2.675940495867729187e+06
9.712121212121212210e-02 3.088361432506859303e+06
9.742424242424242709e-02 3.491191184572875500e+06
9.772727272727273207e-02 3.884429752066016197e+06
9.803030303030303705e-02 4.268077134986341000e+06
9.833333333333332815e-02 4.642133333333313465e+06
9.863636363636363313e-02 5.006598347107470036e+06
9.893939393939393812e-02 5.361472176308453083e+06
9.924242424242424310e-02 5.706754820936620235e+06
9.954545454545454808e-02 6.042446280991673470e+06
9.984848484848485306e-02 6.368546556473791599e+06
1.001515151515151580e-01 6.685055647383093834e+06
1.004545454545454630e-01 6.991973553719162941e+06
1.007575757575757541e-01 7.289300275482118130e+06
1.010606060606060591e-01 7.577035812672078609e+06
1.013636363636363641e-01 7.855180165289223194e+06
1.016666666666666691e-01 8.123733333333253860e+06
1.019696969696969741e-01 8.382695316804289818e+06
1.022727272727272790e-01 8.632066115702390671e+06
1.025757575757575701e-01 8.871845730027556419e+06
1.028787878787878751e-01 9.102034159779548645e+06
1.031818181818181801e-01 9.322631404958605766e+06
1.034848484848484851e-01 9.533637465564727783e+06
1.037878787878787901e-01 9.735052341597676277e+06
1.040909090909090950e-01 9.926876033057808876e+06
1.043939393939394000e-01 1.010910853994476795e+07
1.046969696969697050e-01 1.028174986225903034e+07
1.049999999999999961e-01 1.044480000000000000e+07
1.053030303030303011e-01 1.059825895316803455e+07
1.056060606060606061e-01 1.074212672176301479e+07
1.059090909090909111e-01 1.087640330578505993e+07
1.062121212121212160e-01 1.100108870523416996e+07
1.065151515151515210e-01 1.111618292011010647e+07
1.068181818181818121e-01 1.122168595041322708e+07
1.071212121212121171e-01 1.131759779614329338e+07
1.074242424242424221e-01 1.140391845730030537e+07
1.077272727272727271e-01 1.148064793388426304e+07
1.080303030303030321e-01 1.154778622589528561e+07
1.083333333333333370e-01 1.160533333333325386e+07
1.086363636363636420e-01 1.165328925619828701e+07
1.089393939393939470e-01 1.169165399449026585e+07
1.092424242424242381e-01 1.172042754820930958e+07
1.095454545454545431e-01 1.173960991735541821e+07
1.098484848484848481e-01 1.174920110192835331e+07
1.101515151515151530e-01 1.174920110192835331e+07
1.104545454545454580e-01 1.173960991735529900e+07
1.107575757575757630e-01 1.172042754820930958e+07
1.110606060606060541e-01 1.169165399449038506e+07
1.113636363636363591e-01 1.165328925619840622e+07
1.116666666666666641e-01 1.160533333333325386e+07
1.119696969696969691e-01 1.154778622589528561e+07
1.122727272727272740e-01 1.148064793388426304e+07
1.125757575757575790e-01 1.140391845730018616e+07
1.128787878787878840e-01 1.131759779614317417e+07
1.131818181818181890e-01 1.122168595041310787e+07
1.134848484848484940e-01 1.111618292011022568e+07
1.137878787878787851e-01 1.100108870523416996e+07
1.140909090909090901e-01 1.087640330578517914e+07
1.143939393939393950e-01 1.074212672176313400e+07
1.146969696969697000e-01 1.059825895316803455e+07
1.150000000000000050e-01 1.044480000000000000e+07
1.153030303030302961e-01 1.028174986225903034e+07
1.156060606060606011e-01 1.010910853994488716e+07
1.159090909090909061e-01 9.926876033057928085e+06
1.162121212121212110e-01 9.735052341597795486e+06
1.165151515151515160e-01 9.533637465564727783e+06
1.168181818181818210e-01 9.322631404958605766e+06
1.171212121212121260e-01 9.102034159779548645e+06
1.174242424242424310e-01 8.871845730027437210e+06
1.177272727272727360e-01 8.632066115702390671e+06
1.180303030303030271e-01 8.382695316804528236e+06
1.183333333333333320e-01 8.123733333333373070e+06
1.186363636363636370e-01 7.855180165289282799e+06
1.189393939393939420e-01 7.577035812672138214e+06
1.192424242424242470e-01 7.289300275481939316e+06
1.195454545454545381e-01 6.991973553719043732e+06
1.198484848484848431e-01 6.685055647382974625e+06
1.201515151515151480e-01 6.368546556473851204e+06
1.204545454545454530e-01 6.042446280991673470e+06
1.207575757575757580e-01 5.706754820936560631e+06
1.210606060606060630e-01 5.361472176308512688e+06
1.213636363636363680e-01 5.006598347107410431e+06
1.216666666666666730e-01 4.642133333333253860e+06
1.219696969696969779e-01 4.268077134986042976e+06
1.222727272727272690e-01 3.884429752066135406e+06
1.225757575757575740e-01 3.491191184573054314e+06
1.228787878787878790e-01 3.088361432506918907e+06
1.231818181818181840e-01 2.675940495867729187e+06
1.234848484848484890e-01 2.253928374655604362e+06
1.237878787878787940e-01 1.822325068870425224e+06
1.240909090909090851e-01 1.381130578512430191e+06
1.243939393939393900e-01 9.303449035812616348e+05
1.246969696969696950e-01 4.699680440771579742e+05
1.250000000000000000e-01 0.000000000000000000e+00
