9.500000000000000111e-02 -9.536743164062500000e-07
9.530303030303030609e-02 4.699680440770149231e+06
9.560606060606061107e-02 9.303449035812377930e+06
9.590909090909091606e-02 1.381130578512382507e+07
9.621212121212120716e-02 1.822325068870449066e+07
9.651515151515151214e-02 2.253928374655532837e+07
9.681818181818181712e-02 2.675940495867633820e+07
9.712121212121212210e-02 3.088361432506752014e+07
9.742424242424242709e-02 3.491191184572792053e+07
9.772727272727273207e-02 3.884429752066135406e+07
9.803030303030303705e-02 4.268077134986209869e+07
9.833333333333332815e-02 4.642133333333206177e+07
9.863636363636363313e-02 5.006598347107410431e+07
9.893939393939393812e-02 5.361472176308345795e+07
9.924242424242424310e-02 5.706754820936489105e+07
9.954545454545454808e-02 6.042446280991554260e+07
9.984848484848485306e-02 6.368546556473731995e+07
1.001515151515151580e-01 6.685055647382926941e+07
1.004545454545454630e-01 6.991973553719043732e+07
1.007575757575757541e-01 7.289300275482082367e+07
1.010606060606060591e-01 7.577035812672042847e+07
1.013636363636363641e-01 7.855180165289115906e+07
1.016666666666666691e-01 8.123733333333206177e+07
1.019696969696969741e-01 8.382695316804218292e+07
1.022727272727272790e-01 8.632066115702438354e+07
1.025757575757575701e-01 8.871845730027484894e+07
1.028787878787878751e-01 9.102034159779548645e+07
1.031818181818181801e-01 9.322631404958534241e+07
1.034848484848484851e-01 9.533637465564632416e+07
1.037878787878787901e-01 9.735052341597652435e+07
1.040909090909090950e-01 9.926876033057689667e+07
1.043939393939394000e-01 1.010910853994483948e+08
1.046969696969697050e-01 1.028174986225891113e+08
1.049999999999999961e-01 1.044480000000000000e+08
1.053030303030303011e-01 1.059825895316801071e+08
1.056060606060606061e-01 1.074212672176294327e+08
1.059090909090909111e-01 1.087640330578498840e+08
1.062121212121212160e-01 1.100108870523405075e+08
1.065151515151515210e-01 1.111618292011022568e+08
1.068181818181818121e-01 1.122168595041313171e+08
1.071212121212121171e-01 1.131759779614324570e+08
1.074242424242424221e-01 1.140391845730018616e+08
1.077272727272727271e-01 1.148064793388423920e+08
1.080303030303030321e-01 1.154778622589521408e+08
1.083333333333333370e-01 1.160533333333320618e+08
1.086363636363636420e-01 1.165328925619821548e+08
1.089393939393939470e-01 1.169165399449033737e+08
1.092424242424242381e-01 1.172042754820928574e+08
1.095454545454545431e-01 1.173960991735534668e+08
1.098484848484848481e-01 1.174920110192832947e+08
1.101515151515151530e-01 1.174920110192823410e+08
1.104545454545454580e-01 1.173960991735515594e+08
1.107575757575757630e-01 1.172042754820919037e+08
1.110606060606060541e-01 1.169165399449033737e+08
1.113636363636363591e-01 1.165328925619831085e+08
1.116666666666666641e-01 1.160533333333320618e+08
1.119696969696969691e-01 1.154778622589521408e+08
1.122727272727272740e-01 1.148064793388414383e+08
1.125757575757575790e-01 1.140391845730009079e+08
1.128787878787878840e-01 1.131759779614305496e+08
1.131818181818181890e-01 1.122168595041322708e+08
1.134848484848484940e-01 1.111618292011013031e+08
1.137878787878787851e-01 1.100108870523414612e+08
1.140909090909090901e-01 1.087640330578508377e+08
1.143939393939393950e-01 1.074212672176303864e+08
1.146969696969697000e-01 1.059825895316791534e+08
1.150000000000000050e-01 1.044479999999980927e+08
1.153030303030302961e-01 1.028174986225891113e+08
1.156060606060606011e-01 1.010910853994483948e+08
1.159090909090909061e-01 9.926876033057785034e+07
1.162121212121212110e-01 9.735052341597747803e+07
1.165151515151515160e-01 9.533637465564632416e+07
1.168181818181818210e-01 9.322631404958534241e+07
1.171212121212121260e-01 9.102034159779453278e+07
1.174242424242424310e-01 8.871845730027389526e+07
1.177272727272727360e-01 8.632066115702438354e+07
1.180303030303030271e-01 8.382695316804409027e+07
1.183333333333333320e-01 8.123733333333301544e+07
1.186363636363636370e-01 7.855180165289211273e+07
1.189393939393939420e-01 7.577035812672042847e+07
1.192424242424242470e-01 7.289300275481891632e+07
1.195454545454545381e-01 6.991973553719043732e+07
1.198484848484848431e-01 6.685055647382831573e+07
1.201515151515151480e-01 6.368546556473731995e+07
1.204545454545454530e-01 6.042446280991649628e+07
1.207575757575757580e-01 5.706754820936489105e+07
1.210606060606060630e-01 5.361472176308441162e+07
1.213636363636363680e-01 5.006598347107219696e+07
1.216666666666666730e-01 4.642133333333110809e+07
1.219696969696969779e-01 4.268077134986209869e+07
1.222727272727272690e-01 3.884429752066040039e+07
1.225757575757575740e-01 3.491191184572982788e+07
1.228787878787878790e-01 3.088361432506752014e+07
1.231818181818181840e-01 2.675940495867729187e+07
1.234848484848484890e-01 2.253928374655532837e+07
1.237878787878787940e-01 1.822325068870353699e+07
1.240909090909090851e-01 1.381130578512382507e+07
1.243939393939393900e-01 9.303449035812377930e+06
1.246969696969696950e-01 4.699680440771102905e+06
1.250000000000000000e-01 -9.536743164062500000e-07
