9.500000000000000111e-02 -7.629394531250000000e-06
9.530303030303030609e-02 3.759744352616119385e+07
9.560606060606061107e-02 7.442759228649902344e+07
9.590909090909091606e-02 1.104904462809906006e+08
9.621212121212120716e-02 1.457860055096359253e+08
9.651515151515151214e-02 1.803142699724426270e+08
9.681818181818181712e-02 2.140752396694107056e+08
9.712121212121212210e-02 2.470689146005401611e+08
9.742424242424242709e-02 2.792952947658233643e+08
9.772727272727273207e-02 3.107543801652908325e+08
9.803030303030303705e-02 3.414461707988967896e+08
9.833333333333332815e-02 3.713706666666564941e+08
9.863636363636363313e-02 4.005278677685928345e+08
9.893939393939393812e-02 4.289177741046676636e+08
9.924242424242424310e-02 4.565403856749191284e+08
9.954545454545454808e-02 4.833957024793243408e+08
9.984848484848485306e-02 5.094837245178985596e+08
1.001515151515151580e-01 5.348044517906341553e+08
1.004545454545454630e-01 5.593578842975234985e+08
1.007575757575757541e-01 5.831440220385665894e+08
1.010606060606060591e-01 6.061628650137634277e+08
1.013636363636363641e-01 6.284144132231292725e+08
1.016666666666666691e-01 6.498986666666564941e+08
1.019696969696969741e-01 6.706156253443374634e+08
1.022727272727272790e-01 6.905652892561950684e+08
1.025757575757575701e-01 7.097476584021987915e+08
1.028787878787878751e-01 7.281627327823638916e+08
1.031818181818181801e-01 7.458105123966827393e+08
1.034848484848484851e-01 7.626909972451705933e+08
1.037878787878787901e-01 7.788041873278121948e+08
1.040909090909090950e-01 7.941500826446151733e+08
1.043939393939394000e-01 8.087286831955871582e+08
1.046969696969697050e-01 8.225399889807128906e+08
1.049999999999999961e-01 8.355840000000000000e+08
1.053030303030303011e-01 8.478607162534408569e+08
1.056060606060606061e-01 8.593701377410354614e+08
1.059090909090909111e-01 8.701122644627990723e+08
1.062121212121212160e-01 8.800870964187240601e+08
1.065151515151515210e-01 8.892946336088180542e+08
1.068181818181818121e-01 8.977348760330505371e+08
1.071212121212121171e-01 9.054078236914596558e+08
1.074242424242424221e-01 9.123134765840148926e+08
1.077272727272727271e-01 9.184518347107391357e+08
1.080303030303030321e-01 9.238228980716171265e+08
1.083333333333333370e-01 9.284266666666564941e+08
1.086363636363636420e-01 9.322631404958572388e+08
1.089393939393939470e-01 9.353323195592269897e+08
1.092424242424242381e-01 9.376342038567428589e+08
1.095454545454545431e-01 9.391687933884277344e+08
1.098484848484848481e-01 9.399360881542663574e+08
1.101515151515151530e-01 9.399360881542587280e+08
1.104545454545454580e-01 9.391687933884124756e+08
1.107575757575757630e-01 9.376342038567352295e+08
1.110606060606060541e-01 9.353323195592269897e+08
1.113636363636363591e-01 9.322631404958648682e+08
1.116666666666666641e-01 9.284266666666564941e+08
1.119696969696969691e-01 9.238228980716171265e+08
1.122727272727272740e-01 9.184518347107315063e+08
1.125757575757575790e-01 9.123134765840072632e+08
1.128787878787878840e-01 9.054078236914443970e+08
1.131818181818181890e-01 8.977348760330581665e+08
1.134848484848484940e-01 8.892946336088104248e+08
1.137878787878787851e-01 8.800870964187316895e+08
1.140909090909090901e-01 8.701122644628067017e+08
1.143939393939393950e-01 8.593701377410430908e+08
1.146969696969697000e-01 8.478607162534332275e+08
1.150000000000000050e-01 8.355839999999847412e+08
1.153030303030302961e-01 8.225399889807128906e+08
1.156060606060606011e-01 8.087286831955871582e+08
1.159090909090909061e-01 7.941500826446228027e+08
1.162121212121212110e-01 7.788041873278198242e+08
1.165151515151515160e-01 7.626909972451705933e+08
1.168181818181818210e-01 7.458105123966827393e+08
1.171212121212121260e-01 7.281627327823562622e+08
1.174242424242424310e-01 7.097476584021911621e+08
1.177272727272727360e-01 6.905652892561950684e+08
1.180303030303030271e-01 6.706156253443527222e+08
1.183333333333333320e-01 6.498986666666641235e+08
1.186363636363636370e-01 6.284144132231369019e+08
1.189393939393939420e-01 6.061628650137634277e+08
1.192424242424242470e-01 5.831440220385513306e+08
1.195454545454545381e-01 5.593578842975234985e+08
1.198484848484848431e-01 5.348044517906265259e+08
1.201515151515151480e-01 5.094837245178985596e+08
1.204545454545454530e-01 4.833957024793319702e+08
1.207575757575757580e-01 4.565403856749191284e+08
1.210606060606060630e-01 4.289177741046752930e+08
1.213636363636363680e-01 4.005278677685775757e+08
1.216666666666666730e-01 3.713706666666488647e+08
1.219696969696969779e-01 3.414461707988967896e+08
1.222727272727272690e-01 3.107543801652832031e+08
1.225757575757575740e-01 2.792952947658386230e+08
1.228787878787878790e-01 2.470689146005401611e+08
1.231818181818181840e-01 2.140752396694183350e+08
1.234848484848484890e-01 1.803142699724426270e+08
1.237878787878787940e-01 1.457860055096282959e+08
1.240909090909090851e-01 1.104904462809906006e+08
1.243939393939393900e-01 7.442759228649902344e+07
1.246969696969696950e-01 3.759744352616882324e+07
1.250000000000000000e-01 -7.629394531250000000e-06
