9.500000000000000111e-02 -7.629394531250000000e-06
9.530303030303030609e-02 6.015590964186859131e+07
9.560606060606061107e-02 1.190841476583862305e+08
9.590909090909091606e-02 1.767847140495986938e+08
9.621212121212120716e-02 2.332576088154220581e+08
9.651515151515151214e-02 2.885028319559173584e+08
9.681818181818181712e-02 3.425203834710693359e+08
9.712121212121212210e-02 3.953102633608779907e+08
9.742424242424242709e-02 4.468724716253280640e+08
9.772727272727273207e-02 4.972070082644500732e+08
9.803030303030303705e-02 5.463138732782516479e+08
9.833333333333332815e-02 5.941930666666641235e+08
9.863636363636363313e-02 6.408445884297561646e+08
9.893939393939393812e-02 6.862684385674819946e+08
9.924242424242424310e-02 7.304646170798873901e+08
9.954545454545454808e-02 7.734331239669342041e+08
9.984848484848485306e-02 8.151739592286453247e+08
1.001515151515151580e-01 8.556871228650360107e+08
1.004545454545454630e-01 8.949726148760528564e+08
1.007575757575757541e-01 9.330304352617111206e+08
1.010606060606060591e-01 9.698605840220260620e+08
1.013636363636363641e-01 1.005463061157020569e+09
1.016666666666666691e-01 1.039837866666656494e+09
1.019696969696969741e-01 1.072985000550949097e+09
1.022727272727272790e-01 1.104904462809906006e+09
1.025757575757575701e-01 1.135596253443527222e+09
1.028787878787878751e-01 1.165060372451782227e+09
1.031818181818181801e-01 1.193296819834701538e+09
1.034848484848484851e-01 1.220305595592285156e+09
1.037878787878787901e-01 1.246086699724502563e+09
1.040909090909090950e-01 1.270640132231399536e+09
1.043939393939394000e-01 1.293965893112930298e+09
1.046969696969697050e-01 1.316063982369155884e+09
1.049999999999999961e-01 1.336934400000000000e+09
1.053030303030303011e-01 1.356577146005508423e+09
1.056060606060606061e-01 1.374992220385665894e+09
1.059090909090909111e-01 1.392179623140487671e+09
1.062121212121212160e-01 1.408139354269973755e+09
1.065151515151515210e-01 1.422871413774093628e+09
1.068181818181818121e-01 1.436375801652893066e+09
1.071212121212121171e-01 1.448652517906341553e+09
1.074242424242424221e-01 1.459701562534439087e+09
1.077272727272727271e-01 1.469522935537185669e+09
1.080303030303030321e-01 1.478116636914596558e+09
1.083333333333333370e-01 1.485482666666656494e+09
1.086363636363636420e-01 1.491621024793380737e+09
1.089393939393939470e-01 1.496531711294754028e+09
1.092424242424242381e-01 1.500214726170791626e+09
1.095454545454545431e-01 1.502670069421493530e+09
1.098484848484848481e-01 1.503897741046829224e+09
1.101515151515151530e-01 1.503897741046829224e+09
1.104545454545454580e-01 1.502670069421478271e+09
1.107575757575757630e-01 1.500214726170791626e+09
1.110606060606060541e-01 1.496531711294769287e+09
1.113636363636363591e-01 1.491621024793395996e+09
1.116666666666666641e-01 1.485482666666656494e+09
1.119696969696969691e-01 1.478116636914596558e+09
1.122727272727272740e-01 1.469522935537185669e+09
1.125757575757575790e-01 1.459701562534423828e+09
1.128787878787878840e-01 1.448652517906326294e+09
1.131818181818181890e-01 1.436375801652877808e+09
1.134848484848484940e-01 1.422871413774108887e+09
1.137878787878787851e-01 1.408139354269973755e+09
1.140909090909090901e-01 1.392179623140502930e+09
1.143939393939393950e-01 1.374992220385681152e+09
1.146969696969697000e-01 1.356577146005508423e+09
1.150000000000000050e-01 1.336934400000000000e+09
1.153030303030302961e-01 1.316063982369155884e+09
1.156060606060606011e-01 1.293965893112945557e+09
1.159090909090909061e-01 1.270640132231414795e+09
1.162121212121212110e-01 1.246086699724517822e+09
1.165151515151515160e-01 1.220305595592285156e+09
1.168181818181818210e-01 1.193296819834701538e+09
1.171212121212121260e-01 1.165060372451782227e+09
1.174242424242424310e-01 1.135596253443511963e+09
1.177272727272727360e-01 1.104904462809906006e+09
1.180303030303030271e-01 1.072985000550979614e+09
1.183333333333333320e-01 1.039837866666671753e+09
1.186363636363636370e-01 1.005463061157028198e+09
1.189393939393939420e-01 9.698605840220336914e+08
1.192424242424242470e-01 9.330304352616882324e+08
1.195454545454545381e-01 8.949726148760375977e+08
1.198484848484848431e-01 8.556871228650207520e+08
1.201515151515151480e-01 8.151739592286529541e+08
1.204545454545454530e-01 7.734331239669342041e+08
1.207575757575757580e-01 7.304646170798797607e+08
1.210606060606060630e-01 6.862684385674896240e+08
1.213636363636363680e-01 6.408445884297485352e+08
1.216666666666666730e-01 5.941930666666564941e+08
1.219696969696969779e-01 5.463138732782135010e+08
1.222727272727272690e-01 4.972070082644653320e+08
1.225757575757575740e-01 4.468724716253509521e+08
1.228787878787878790e-01 3.953102633608856201e+08
1.231818181818181840e-01 3.425203834710693359e+08
1.234848484848484890e-01 2.885028319559173584e+08
1.237878787878787940e-01 2.332576088154144287e+08
1.240909090909090851e-01 1.767847140495910645e+08
1.243939393939393900e-01 1.190841476584014893e+08
1.246969696969696950e-01 6.015590964187622070e+07
1.250000000000000000e-01 0.000000000000000000e+00
