5.000000000000000240e-05 1.866106036232341751e-03
4.955808080808081007e-05 1.899535294269533809e-03
4.911616161616161775e-05 1.933870937793240059e-03
4.867424242424242542e-05 1.969146032509943699e-03
4.823232323232323309e-05 2.005395165824750726e-03
4.779040404040404077e-05 2.042654531656531384e-03
4.734848484848484844e-05 2.080962020819988531e-03
4.690656565656565612e-05 2.120357317396179882e-03
4.646464646464647057e-05 2.160882001549288296e-03
4.602272727272727147e-05 2.202579659287190461e-03
4.558080808080808592e-05 2.245495999706960573e-03
4.513888888888889359e-05 2.289678980314428011e-03
4.469696969696970127e-05 2.335178941059488401e-03
4.425505050505050894e-05 2.382048747786926456e-03
4.381313131313131662e-05 2.430343945866263091e-03
4.337121212121212429e-05 2.480122924834562200e-03
4.292929292929293197e-05 2.531447094963761718e-03
4.248737373737373964e-05 2.584381076749873562e-03
4.204545454545454732e-05 2.638992904416226533e-03
4.160353535353535499e-05 2.695354244627887457e-03
4.116161616161616266e-05 2.753540631730690830e-03
4.071969696969697034e-05 2.813631720957258334e-03
4.027777777777777801e-05 2.875711561185630063e-03
3.983585858585859246e-05 2.939868888995263684e-03
3.939393939393939336e-05 3.006197445942337693e-03
3.895202020202020781e-05 3.074796321173565040e-03
3.851010101010100871e-05 3.145770321717935268e-03
3.806818181818182316e-05 3.219230373041490501e-03
3.762626262626263084e-05 3.295293952725224153e-03
3.718434343434343851e-05 3.374085560433768595e-03
3.674242424242424619e-05 3.455737227687566675e-03
3.630050505050505386e-05 3.540389071338354184e-03
3.585858585858586154e-05 3.628189895082955651e-03
3.541666666666666921e-05 3.719297843840238017e-03
3.497474747474747689e-05 3.813881116368138084e-03
3.453282828282828456e-05 3.912118742120870851e-03
3.409090909090909223e-05 4.014201429050904407e-03
3.364898989898989991e-05 4.120332489857909432e-03
3.320707070707071436e-05 4.230728855091309831e-03
3.276515151515151526e-05 4.345622182540321773e-03
3.232323232323232971e-05 4.465260073513958351e-03
3.188131313131313061e-05 4.589907407945274624e-03
3.143939393939394506e-05 4.719847811774177497e-03
3.099747474747474596e-05 4.855385271801774920e-03
3.055555555555556041e-05 4.996845915200649399e-03
3.011363636363636808e-05 5.144579973151744770e-03
2.967171717171717576e-05 5.298963950707303965e-03
2.922979797979798343e-05 5.460403028008915458e-03
2.878787878787879111e-05 5.629333721487589544e-03
2.834595959595959878e-05 5.806226837720265821e-03
2.790404040404040646e-05 5.991590757310678340e-03
2.746212121212121413e-05 6.185975091617087855e-03
2.702020202020202180e-05 6.389974761503425076e-03
2.657828282828283287e-05 6.604234554709369209e-03
2.613636363636364054e-05 6.829454227118738306e-03
2.569444444444444822e-05 7.066394223395512306e-03
2.525252525252525589e-05 7.315882104445271122e-03
2.481060606060606357e-05 7.578819783302212683e-03
2.436868686868687124e-05 7.856191687771775511e-03
2.392676767676767892e-05 8.149073988006513142e-03
2.348484848484848998e-05 8.458645050809654106e-03
2.304292929292929765e-05 8.786197310649227626e-03
2.260101010101010533e-05 9.133150781118279035e-03
2.215909090909091300e-05 9.501068471126396242e-03
2.171717171717172068e-05 9.891674018990360973e-03
2.127525252525252835e-05 1.030687191673117925e-02
2.083333333333333603e-05 1.074877076869828682e-02
2.039141414141414370e-05 1.121971011618287661e-02
1.994949494949495137e-05 1.172229146682466153e-02
1.950757575757576244e-05 1.225941429929769573e-02
1.906565656565656672e-05 1.283431797630853362e-02
1.862373737373737440e-05 1.345063070050265576e-02
1.818181818181818207e-05 1.411242689900708489e-02
1.773989898989899652e-05 1.482429473678452403e-02
1.729797979797980420e-05 1.559141585475042231e-02
1.685606060606061187e-05 1.641965992945956104e-02
1.641414141414141955e-05 1.731569728862785568e-02
1.597222222222222722e-05 1.828713363294603642e-02
1.553030303030303490e-05 1.934267196627739716e-02
1.508838383838384257e-05 2.049230820033338257e-02
1.464646464646465025e-05 2.174756868146631578e-02
1.420454545454545792e-05 2.312180023133320050e-02
1.376262626262626560e-05 2.463052640163376772e-02
1.332070707070707327e-05 2.629188779926873443e-02
1.287878787878788095e-05 2.812718994404178954e-02
1.243686868686868862e-05 3.016158975266673703e-02
1.199494949494949629e-05 3.242496223576851050e-02
1.155303030303030397e-05 3.495300357464371788e-02
1.111111111111111842e-05 3.778864723370487649e-02
1.066919191919192609e-05 4.098389890799489232e-02
1.022727272727273377e-05 4.460223810056555133e-02
9.785353535353541444e-06 4.872179549266356796e-02
9.343434343434349118e-06 5.343960631442851855e-02
8.901515151515156793e-06 5.887737723008108770e-02
8.459595959595964468e-06 6.518941505409012183e-02
8.017676767676772142e-06 7.257369562348826852e-02
7.575757575757579817e-06 8.128757893828071623e-02
7.133838383838387491e-06 9.167054089680025386e-02
6.691919191919195166e-06 1.041777444563227462e-01
6.250000000000000300e-06 1.194307863188698721e-01
