1.000000000000000000e+00 6.204435244258587084e-06
2.505050505050504750e+00 9.753302965909915409e-05
4.010101010101009500e+00 4.000996695469164507e-04
5.515151515151514694e+00 1.040817535453974867e-03
7.020202020202019000e+00 2.146599807926538508e-03
8.525252525252524194e+00 3.844359667510872849e-03
1.003030303030302939e+01 6.261010294753240057e-03
1.153535353535353458e+01 9.523464870199907506e-03
1.304040404040403978e+01 1.375863657439713693e-02
1.454545454545454497e+01 1.909343858789118442e-02
1.605050505050504839e+01 2.565478409122833384e-02
1.755555555555555358e+01 3.356958626495482045e-02
1.906060606060605878e+01 4.296475828961696108e-02
2.056565656565656752e+01 5.396721334576097540e-02
2.207070707070706916e+01 6.670386461393311428e-02
2.357575757575757081e+01 8.130162527467965639e-02
2.508080808080807955e+01 9.788740850854690811e-02
2.658585858585858475e+01 1.165881274960811481e-01
2.809090909090908994e+01 1.375306954178285024e-01
2.959595959595959158e+01 1.608420254543352912e-01
3.110101010101009678e+01 1.866490307861478348e-01
3.260606060606060197e+01 2.150786245938124674e-01
3.411111111111110006e+01 2.462577200578752457e-01
3.561616161616160525e+01 2.803132303588826701e-01
3.712121212121211755e+01 3.173720686773808253e-01
3.862626262626262275e+01 3.575611481939161562e-01
4.013131313131312794e+01 4.010073820890346918e-01
4.163636363636362603e+01 4.478376835432826830e-01
4.314141414141413122e+01 4.981789657372066027e-01
4.464646464646464352e+01 5.521581418513528128e-01
4.615151515151514161e+01 6.099021250662670646e-01
4.765656565656564680e+01 6.715378285624962196e-01
4.916161616161615200e+01 7.371921655205863066e-01
5.066666666666665719e+01 8.069920491210835767e-01
5.217171717171716949e+01 8.810643925445342806e-01
5.367676767676766758e+01 9.595361089714844471e-01
5.518181818181817277e+01 1.042534111582480660e+00
5.668686868686867797e+01 1.130185313558069282e+00
5.819191919191918316e+01 1.222616628078795786e+00
5.969696969696968836e+01 1.319954968325207867e+00
6.120202020202019355e+01 1.422327247477850554e+00
6.270707070707069875e+01 1.529860378717270875e+00
6.421212121212120394e+01 1.642681275224014303e+00
6.571717171717170913e+01 1.760916850178627868e+00
6.722222222222220012e+01 1.884694016761656821e+00
6.872727272727270531e+01 2.014139688153648411e+00
7.023232323232322472e+01 2.149380777535149001e+00
7.173737373737372991e+01 2.290544198086704508e+00
7.324242424242423510e+01 2.437756862988861073e+00
7.474747474747474030e+01 2.591145685422165723e+00
7.625252525252524549e+01 2.750837578567162378e+00
7.775757575757575069e+01 2.916959455604399842e+00
7.926262626262625588e+01 3.089638229714424256e+00
8.076767676767674686e+01 3.269000814077779093e+00
8.227272727272725206e+01 3.455174121875013604e+00
8.377777777777777146e+01 3.648285066286674372e+00
8.528282828282827666e+01 3.848460560493304872e+00
8.678787878787878185e+01 4.055827517675453464e+00
8.829292929292928704e+01 4.270512851013666733e+00
8.979797979797979224e+01 4.492643473688488598e+00
9.130303030303028322e+01 4.722346298880465199e+00
9.280808080808078842e+01 4.959748239770147116e+00
9.431313131313129361e+01 5.204976209538077825e+00
9.581818181818179880e+01 5.458157121364802578e+00
9.732323232323230400e+01 5.719417888430869290e+00
9.882828282828282340e+01 5.988885423916824102e+00
1.003333333333333286e+02 6.266686641003212266e+00
1.018383838383838338e+02 6.552948452870580809e+00
1.033434343434343390e+02 6.847797772699474983e+00
1.048484848484848300e+02 7.151361513670440040e+00
1.063535353535353352e+02 7.463766588964025672e+00
1.078585858585858404e+02 7.785139911760779796e+00
1.093636363636363455e+02 8.115608395241242334e+00
1.108686868686868507e+02 8.455298952585962979e+00
1.123737373737373559e+02 8.804338496975487871e+00
1.138787878787878753e+02 9.162853941590363149e+00
1.153838383838383663e+02 9.530972199611131401e+00
1.168888888888888715e+02 9.908820184218347649e+00
1.183939393939393767e+02 1.029652480859255093e+01
1.198989898989898819e+02 1.069421298591428915e+01
1.214040404040403871e+02 1.110201162936411023e+01
1.229090909090908923e+02 1.152004765212255677e+01
1.244141414141413975e+02 1.194844796737018200e+01
1.259191919191919027e+02 1.238733948828752673e+01
1.274242424242424221e+02 1.283684912805513356e+01
1.289292929292929273e+02 1.329710379985355750e+01
1.304343434343434183e+02 1.376823041686333937e+01
1.319393939393939377e+02 1.425035589226502708e+01
1.334444444444444002e+02 1.474360713923915611e+01
1.349494949494949196e+02 1.524811107096629037e+01
1.364545454545454390e+02 1.576399460062697422e+01
1.379595959595959300e+02 1.629138464140174491e+01
1.394646464646464494e+02 1.683040810647115393e+01
1.409696969696969404e+02 1.738119190901574740e+01
1.424747474747474598e+02 1.794386296221606969e+01
1.439797979797979508e+02 1.851854817925265806e+01
1.454848484848484702e+02 1.910537447330608174e+01
1.469898989898989612e+02 1.970446875755686378e+01
1.484949494949494806e+02 2.031595794518556275e+01
1.500000000000000000e+02 2.093996894937272657e+01
