1.000000000000000000e+00 1.066031736811221151e+02
2.505050505050504750e+00 4.255539422735224520e+01
4.010101010101009500e+00 2.658406151073252488e+01
5.515151515151514694e+00 1.933018656880285491e+01
7.020202020202019000e+00 1.518734599576764133e+01
8.525252525252524194e+00 1.250824433619831844e+01
1.003030303030302939e+01 1.063437136295537755e+01
1.153535353535353458e+01 9.250953920379833662e+00
1.304040404040403978e+01 8.188594872199495001e+00
1.454545454545454497e+01 7.348061202610113973e+00
1.605050505050504839e+01 6.667387685407780040e+00
1.755555555555555358e+01 6.105901910886359474e+00
1.906060606060605878e+01 5.635817741963173866e+00
2.056565656565656752e+01 5.237520052339867505e+00
2.207070707070706916e+01 4.896778729690364429e+00
2.357575757575757081e+01 4.603029808733119843e+00
2.508080808080807955e+01 4.348275479467870852e+00
2.658585858585858475e+01 4.126357724833467522e+00
2.809090909090908994e+01 3.932465459960080345e+00
2.959595959595959158e+01 3.762792052823618949e+00
3.110101010101009678e+01 3.614292285151851303e+00
3.260606060606060197e+01 3.484506623414135085e+00
3.411111111111110006e+01 3.371432010905374366e+00
3.561616161616160525e+01 3.273425419863137620e+00
3.712121212121211755e+01 3.189130866008538234e+00
3.862626262626262275e+01 3.117423486110234787e+00
4.013131313131312794e+01 3.057366199152211195e+00
4.163636363636362603e+01 3.008175767044496407e+00
4.314141414141413122e+01 2.969195959460456891e+00
4.464646464646464352e+01 2.939876146419678982e+00
4.615151515151514161e+01 2.919754079584105710e+00
4.765656565656564680e+01 2.908441936275934392e+00
4.916161616161615200e+01 2.905614927014730675e+00
5.066666666666665719e+01 2.911001933529377972e+00
5.217171717171716949e+01 2.924377767218687474e+00
5.367676767676766758e+01 2.945556730008744850e+00
5.518181818181817277e+01 2.974387228952424245e+00
5.668686868686867797e+01 3.010747248731269643e+00
5.819191919191918316e+01 3.054540526740834316e+00
5.969696969696968836e+01 3.105693306767170814e+00
6.120202020202019355e+01 3.164151571655437589e+00
6.270707070707069875e+01 3.229878674495621382e+00
6.421212121212120394e+01 3.302853302940232716e+00
6.571717171717170913e+01 3.383067723248409653e+00
6.722222222222220012e+01 3.470526260216503012e+00
6.872727272727270531e+01 3.565243976835600570e+00
7.023232323232322472e+01 3.667245523715503275e+00
7.173737373737372991e+01 3.776564133343252472e+00
7.324242424242423510e+01 3.893240738342881535e+00
7.474747474747474030e+01 4.017323196258922202e+00
7.625252525252524549e+01 4.148865606145915486e+00
7.775757575757575069e+01 4.287927704525158035e+00
7.926262626262625588e+01 4.434574330159434474e+00
8.076767676767674686e+01 4.588874948669074527e+00
8.227272727272725206e+01 4.750903229326456589e+00
8.377777777777777146e+01 4.920736667467286551e+00
8.528282828282827666e+01 5.098456246883451115e+00
8.678787878787878185e+01 5.284146137343982197e+00
8.829292929292928704e+01 5.477893423052563548e+00
8.979797979797979224e+01 5.679787858411997625e+00
9.130303030303028322e+01 5.889921647944742489e+00
9.280808080808078842e+01 6.108389247627352248e+00
9.431313131313129361e+01 6.335287185246762931e+00
9.581818181818179880e+01 6.570713897686960792e+00
9.732323232323230400e+01 6.814769583313277757e+00
9.882828282828282340e+01 7.067556067844869894e+00
1.003333333333333286e+02 7.329176682299094914e+00
1.018383838383838338e+02 7.599736151758897051e+00
1.033434343434343390e+02 7.879340493859870342e+00
1.048484848484848300e+02 8.168096926020343318e+00
1.063535353535353352e+02 8.466113780548411683e+00
1.078585858585858404e+02 8.773500426856491785e+00
1.093636363636363455e+02 9.090367200098727452e+00
1.108686868686868507e+02 9.416825335620947257e+00
1.123737373737373559e+02 9.752986908678140665e+00
1.138787878787878753e+02 1.009896477893221167e+01
1.153838383838383663e+02 1.045487253929352711e+01
1.168888888888888715e+02 1.082082446871471859e+01
1.183939393939393767e+02 1.119693548858504251e+01
1.198989898989898819e+02 1.158332112240898226e+01
1.214040404040403871e+02 1.198009745848400165e+01
1.229090909090908923e+02 1.238738111532045316e+01
1.244141414141413975e+02 1.280528920957136840e+01
1.259191919191919027e+02 1.323393932626217762e+01
1.274242424242424221e+02 1.367344949113020292e+01
1.289292929292929273e+02 1.412393814490150490e+01
1.304343434343434183e+02 1.458552411934858739e+01
1.319393939393939377e+02 1.505832661498681446e+01
1.334444444444444002e+02 1.554246518028010726e+01
1.349494949494949196e+02 1.603805969223814643e+01
1.364545454545454390e+02 1.654523033829756429e+01
1.379595959595959300e+02 1.706409759938915016e+01
1.394646464646464494e+02 1.759478223410148701e+01
1.409696969696969404e+02 1.813740526385896601e+01
1.424747474747474598e+02 1.869208795903932341e+01
1.439797979797979508e+02 1.925895182596179467e+01
1.454848484848484702e+02 1.983811859468301719e+01
1.469898989898989612e+02 2.042971020754257339e+01
1.484949494949494806e+02 2.103384880840520665e+01
1.500000000000000000e+02 2.165065673255064027e+01
