1.000000000000000000e+00 1.066031674766868775e+02
2.505050505050504750e+00 4.255529669432259254e+01
4.010101010101009500e+00 2.658366141106297675e+01
5.515151515151514694e+00 1.932914575126740075e+01
7.020202020202019000e+00 1.518519939595971557e+01
8.525252525252524194e+00 1.250439997653080759e+01
1.003030303030302939e+01 1.062811035266062376e+01
1.153535353535353458e+01 9.241430455509632935e+00
1.304040404040403978e+01 8.174836235625098979e+00
1.454545454545454497e+01 7.328967764022223719e+00
1.605050505050504839e+01 6.641732901316551363e+00
1.755555555555555358e+01 6.072332324621404709e+00
1.906060606060605878e+01 5.592852983673557432e+00
2.056565656565656752e+01 5.183552838994106793e+00
2.207070707070706916e+01 4.830074865076430690e+00
2.357575757575757081e+01 4.521728183458440853e+00
2.508080808080807955e+01 4.250388070959323805e+00
2.658585858585858475e+01 4.009769597337387026e+00
2.809090909090908994e+01 3.794934764542251759e+00
2.959595959595959158e+01 3.601950027369283713e+00
3.110101010101009678e+01 3.427643254365703829e+00
3.260606060606060197e+01 3.269427998820322312e+00
3.411111111111110006e+01 3.125174290847498870e+00
3.561616161616160525e+01 2.993112189504254950e+00
3.712121212121211755e+01 2.871758797331157353e+00
3.862626262626262275e+01 2.759862337916318520e+00
4.013131313131312794e+01 2.656358817063176669e+00
4.163636363636362603e+01 2.560338083501213724e+00
4.314141414141413122e+01 2.471016993723250454e+00
4.464646464646464352e+01 2.387718004568326169e+00
4.615151515151514161e+01 2.309851954517838202e+00
4.765656565656564680e+01 2.236904107713438616e+00
4.916161616161615200e+01 2.168422761494144702e+00
5.066666666666665719e+01 2.104009884408294173e+00
5.217171717171716949e+01 2.043313374674153415e+00
5.367676767676766758e+01 1.986020621037260625e+00
5.518181818181817277e+01 1.931853117369943584e+00
5.668686868686867797e+01 1.880561935173200583e+00
5.819191919191918316e+01 1.831923898662038308e+00
5.969696969696968836e+01 1.785738338441963169e+00
6.120202020202019355e+01 1.741824324177587480e+00
6.270707070707069875e+01 1.700018295778350952e+00
6.421212121212120394e+01 1.660172027716218413e+00
6.571717171717170913e+01 1.622150873069782007e+00
6.722222222222220012e+01 1.585832243454846413e+00
6.872727272727270531e+01 1.551104288681952381e+00
7.023232323232322472e+01 1.517864746180354274e+00
7.173737373737372991e+01 1.486019935256547742e+00
7.324242424242423510e+01 1.455483875354020462e+00
7.474747474747474030e+01 1.426177510836756923e+00
7.625252525252524549e+01 1.398028027578752219e+00
7.775757575757575069e+01 1.370968248920758636e+00
7.926262626262625588e+01 1.344936100445010885e+00
8.076767676767674686e+01 1.319874134591296100e+00
8.227272727272725206e+01 1.295729107451442985e+00
8.377777777777777146e+01 1.272451601180612624e+00
8.528282828282827666e+01 1.249995686390146021e+00
8.678787878787878185e+01 1.228318619668528955e+00
8.829292929292928704e+01 1.207380572038897482e+00
8.979797979797979224e+01 1.187144384723509694e+00
9.130303030303028322e+01 1.167575349064277068e+00
9.280808080808078842e+01 1.148641007857205354e+00
9.431313131313129361e+01 1.130310975708685994e+00
9.581818181818179880e+01 1.112556776322159324e+00
9.732323232323230400e+01 1.095351694882408022e+00
9.882828282828282340e+01 1.078670643928045791e+00
1.003333333333333286e+02 1.062490041295882426e+00
1.018383838383838338e+02 1.046787698888316021e+00
1.033434343434343390e+02 1.031542721160395137e+00
1.048484848484848300e+02 1.016735412349903944e+00
1.063535353535353352e+02 1.002347191584386010e+00
1.078585858585858404e+02 9.883605150957109897e-01
1.093636363636363455e+02 9.747588048574861164e-01
1.108686868686868507e+02 9.615263830349854990e-01
1.123737373737373559e+02 9.486484117026520169e-01
1.138787878787878753e+02 9.361108373418486339e-01
1.153838383838383663e+02 9.239003396823953773e-01
1.168888888888888715e+02 9.120042844963707207e-01
1.183939393939393767e+02 9.004106799924923576e-01
1.198989898989898819e+02 8.891081364946926691e-01
1.214040404040403871e+02 8.780858291198936350e-01
1.229090909090908923e+02 8.673334631978962816e-01
1.244141414141413975e+02 8.568412422011854046e-01
1.259191919191919027e+02 8.465998379746511038e-01
1.274242424242424221e+02 8.366003630750694642e-01
1.289292929292929273e+02 8.268343450479475054e-01
1.304343434343434183e+02 8.172937024852474641e-01
1.319393939393939377e+02 8.079707227217883814e-01
1.334444444444444002e+02 7.988580410409509280e-01
1.349494949494949196e+02 7.899486212718564992e-01
1.364545454545454390e+02 7.812357376705901801e-01
1.379595959595959300e+02 7.727129579874069121e-01
1.394646464646464494e+02 7.643741276303326337e-01
1.409696969696969404e+02 7.562133548432217189e-01
1.424747474747474598e+02 7.482249968232542736e-01
1.439797979797979508e+02 7.404036467091343887e-01
1.454848484848484702e+02 7.327441213769354533e-01
1.469898989898989612e+02 7.252414499857066099e-01
1.484949494949494806e+02 7.178908632196451256e-01
1.500000000000000000e+02 7.106877831779125909e-01
