-1.779498581481680857e-04 -7.287009609201906488e-07
-1.743549115189121533e-04 -7.044807358357594534e-07
-1.707599648896562480e-04 -6.796719813624823865e-07
-1.671650182604003155e-04 -6.542427670348110880e-07
-1.635700716311444102e-04 -6.281582571244746265e-07
-1.599751250018884778e-04 -6.013803179323732514e-07
-1.563801783726325454e-04 -5.738670515984106049e-07
-1.527852317433766401e-04 -5.455722382743645592e-07
-1.491902851141207076e-04 -5.164446627766037009e-07
-1.455953384848648023e-04 -4.864272938539482527e-07
-1.420003918556088699e-04 -4.554562728846334341e-07
-1.384054452263529646e-04 -4.234596524343326241e-07
-1.348104985970970322e-04 -3.903558008648477118e-07
-1.312155519678411268e-04 -3.560513523824757647e-07
-1.276206053385851944e-04 -3.204385243973968581e-07
-1.240256587093292620e-04 -2.833915310763283029e-07
-1.204307120800733567e-04 -2.447616655538651371e-07
-1.168357654508174243e-04 -2.043703474269259246e-07
-1.132408188215615054e-04 -1.619989169614634786e-07
-1.096458721923055865e-04 -1.173729238643873026e-07
-1.060509255630496676e-04 -7.013638498993934679e-08
-1.024559789337937488e-04 -1.980582368381157962e-08
-9.886103230453782990e-05 3.432297116484938317e-08
-9.526608567528189748e-05 9.341009345112679023e-08
-9.167113904602597861e-05 1.600698633570650541e-07
-8.807619241677005974e-05 2.358762206698252551e-07
-8.448124578751414087e-05 3.168702048978929380e-07
-8.088629915825822200e-05 3.972709191429398356e-07
-7.729135252900230313e-05 4.747257239527138729e-07
-7.369640589974637071e-05 5.489264116022996483e-07
-7.010145927049045184e-05 6.197526872125008535e-07
-6.650651264123453297e-05 6.871426524799223918e-07
-6.291156601197861410e-05 7.510594792652975675e-07
-5.931661938272269523e-05 8.114791699338341449e-07
-5.572167275346676281e-05 8.683850802130639405e-07
-5.212672612421085749e-05 9.217651309568283662e-07
-4.853177949495492507e-05 9.716102523894325731e-07
-4.493683286569901975e-05 1.017913454118287856e-06
-4.134188623644308733e-05 1.060669238550888917e-06
-3.774693960718715491e-05 1.099873214694590178e-06
-3.415199297793124959e-05 1.135521834875554004e-06
-3.055704634867531717e-05 1.167612210072791769e-06
-2.696209971941941185e-05 1.196141977360712780e-06
-2.336715309016347943e-05 1.221109202992074817e-06
-1.977220646090757411e-05 1.242512310561676589e-06
-1.617725983165164169e-05 1.260350027299329504e-06
-1.258231320239570927e-05 1.274621343820069204e-06
-8.987366573139803951e-06 1.285325484144599865e-06
-5.392419943883871528e-06 1.292461883801865573e-06
-1.797473314627966211e-06 1.296030174520500199e-06
1.797473314627966211e-06 1.296030174520506340e-06
5.392419943883871528e-06 1.292461883801858585e-06
8.987366573139803951e-06 1.285325484144599653e-06
1.258231320239573637e-05 1.274621343820075769e-06
1.617725983165164169e-05 1.260350027299322093e-06
1.977220646090757411e-05 1.242512310561683153e-06
2.336715309016347943e-05 1.221109202992068040e-06
2.696209971941941185e-05 1.196141977360706639e-06
3.055704634867534427e-05 1.167612210072804686e-06
3.415199297793124959e-05 1.135521834875547228e-06
3.774693960718718201e-05 1.099873214694595895e-06
4.134188623644308733e-05 1.060669238550882564e-06
4.493683286569901975e-05 1.017913454118293786e-06
4.853177949495492507e-05 9.716102523894266439e-07
5.212672612421085749e-05 9.217651309568273074e-07
5.572167275346678991e-05 8.683850802130684933e-07
5.931661938272269523e-05 8.114791699338292745e-07
6.291156601197862765e-05 7.510594792653009557e-07
6.650651264123456008e-05 6.871426524799179449e-07
7.010145927049043829e-05 6.197526872125039240e-07
7.369640589974637071e-05 5.489264116022961543e-07
7.729135252900230313e-05 4.747257239527137141e-07
8.088629915825823555e-05 3.972709191429415826e-07
8.448124578751416798e-05 3.168702048978907675e-07
8.807619241677004619e-05 2.358762206698259698e-07
9.167113904602597861e-05 1.600698633570632542e-07
9.526608567528191103e-05 9.341009345112610202e-08
9.886103230453784346e-05 3.432297116484899274e-08
1.024559789337937759e-04 -1.980582368381194689e-08
1.060509255630496541e-04 -7.013638498994004824e-08
1.096458721923055865e-04 -1.173729238643869849e-07
1.132408188215615189e-04 -1.619989169614645904e-07
1.168357654508174514e-04 -2.043703474269253422e-07
1.204307120800733296e-04 -2.447616655538655606e-07
1.240256587093292620e-04 -2.833915310763285676e-07
1.276206053385851944e-04 -3.204385243973970170e-07
1.312155519678411268e-04 -3.560513523824779882e-07
1.348104985970970593e-04 -3.903558008648457530e-07
1.384054452263529375e-04 -4.234596524343353240e-07
1.420003918556088699e-04 -4.554562728846312636e-07
1.455953384848648023e-04 -4.864272938539483586e-07
1.491902851141207347e-04 -5.164446627766064537e-07
1.527852317433766672e-04 -5.455722382743615946e-07
1.563801783726325454e-04 -5.738670515984139931e-07
1.599751250018884778e-04 -6.013803179323701809e-07
1.635700716311444102e-04 -6.281582571244714502e-07
1.671650182604003426e-04 -6.542427670348146879e-07
1.707599648896562751e-04 -6.796719813624822807e-07
1.743549115189121533e-04 -7.044807358357556418e-07
1.779498581481680857e-04 -7.287009609201947781e-07
