-1.973732540130261712e-04 3.685196127495040701e-06
-1.933859155481165606e-04 3.532878483111176532e-06
-1.893985770832069229e-04 3.384752181778774209e-06
-1.854112386182973124e-04 3.240849153963386750e-06
-1.814239001533877018e-04 3.101204235393282334e-06
-1.774365616884780641e-04 2.965855559767559757e-06
-1.734492232235684535e-04 2.834845024946318131e-06
-1.694618847586588429e-04 2.708218850777777996e-06
-1.654745462937492052e-04 2.586028252445570129e-06
-1.614872078288395946e-04 2.468330261200875685e-06
-1.574998693639299840e-04 2.355188735665459390e-06
-1.535125308990203464e-04 2.246675623273646490e-06
-1.495251924341107358e-04 2.142872555663637107e-06
-1.455378539692011252e-04 2.043872898629132638e-06
-1.415505155042914875e-04 1.949784434759952055e-06
-1.375631770393818769e-04 1.860732949889381011e-06
-1.335758385744722663e-04 1.776867150882822988e-06
-1.295885001095626286e-04 1.698365618143357487e-06
-1.256011616446530180e-04 1.625447011405035164e-06
-1.216138231797433939e-04 1.558385780960944332e-06
-1.176264847148337698e-04 1.497537909956843397e-06
-1.136391462499241592e-04 1.443386875047040771e-06
-1.096518077850145350e-04 1.396636887342389751e-06
-1.056644693201049109e-04 1.358448040737973196e-06
-1.016771308551953003e-04 1.331434655415836323e-06
-9.768979239028567619e-05 1.317170671163139267e-06
-9.370245392537605205e-05 1.311697127488367785e-06
-8.971511546046642791e-05 1.309233127493193926e-06
-8.572777699555681732e-05 1.307426031725365827e-06
-8.174043853064719319e-05 1.305967632459967451e-06
-7.775310006573756905e-05 1.304737634817802809e-06
-7.376576160082794491e-05 1.303674140495476696e-06
-6.977842313591833432e-05 1.302740321353722736e-06
-6.579108467100872374e-05 1.301912179757748904e-06
-6.180374620609908605e-05 1.301173071435085640e-06
-5.781640774118947546e-05 1.300510917239575627e-06
-5.382906927627986488e-05 1.299916647395523910e-06
-4.984173081137022719e-05 1.299383271510341360e-06
-4.585439234646061660e-05 1.298905291991522997e-06
-4.186705388155100602e-05 1.298478317846423455e-06
-3.787971541664136832e-05 1.298098801401204039e-06
-3.389237695173175774e-05 1.297763853634877395e-06
-2.990503848682214715e-05 1.297471111621851982e-06
-2.591770002191250946e-05 1.297218641614885792e-06
-2.193036155700289888e-05 1.297004867208777958e-06
-1.794302309209328829e-05 1.296828515633339676e-06
-1.395568462718365060e-05 1.296688577503605953e-06
-9.968346162274040016e-06 1.296584276840282022e-06
-5.981007697364429431e-06 1.296515049172311124e-06
-1.993669232454791740e-06 1.296480526228327553e-06
1.993669232454818845e-06 1.296480526228333694e-06
5.981007697364456536e-06 1.296515049172304136e-06
9.968346162274067121e-06 1.296584276840281599e-06
1.395568462718367771e-05 1.296688577503612517e-06
1.794302309209331540e-05 1.296828515633332476e-06
2.193036155700292598e-05 1.297004867208784734e-06
2.591770002191253657e-05 1.297218641614879228e-06
2.990503848682217426e-05 1.297471111621846264e-06
3.389237695173178484e-05 1.297763853634890312e-06
3.787971541664139543e-05 1.298098801401197475e-06
4.186705388155103312e-05 1.298478317846429384e-06
4.585439234646064371e-05 1.298905291991517280e-06
4.984173081137028140e-05 1.299383271510348137e-06
5.382906927627986488e-05 1.299916647395517981e-06
5.781640774118950257e-05 1.300510917239574992e-06
6.180374620609914026e-05 1.301173071435090934e-06
6.579108467100872374e-05 1.301912179757743822e-06
6.977842313591836143e-05 1.302740321353726759e-06
7.376576160082799912e-05 1.303674140495473096e-06
7.775310006573758260e-05 1.304737634817805985e-06
8.174043853064722029e-05 1.305967632459964487e-06
8.572777699555685798e-05 1.307426031725366462e-06
8.971511546046644146e-05 1.309233127493196043e-06
9.370245392537607915e-05 1.311697127488366091e-06
9.768979239028571684e-05 1.317170671163140538e-06
1.016771308551953003e-04 1.331434655415834417e-06
1.056644693201049380e-04 1.358448040737973196e-06
1.096518077850145757e-04 1.396636887342390386e-06
1.136391462499241592e-04 1.443386875047040560e-06
1.176264847148337969e-04 1.497537909956843185e-06
1.216138231797434346e-04 1.558385780960945603e-06
1.256011616446530180e-04 1.625447011405034106e-06
1.295885001095626557e-04 1.698365618143358970e-06
1.335758385744722934e-04 1.776867150882822988e-06
1.375631770393818769e-04 1.860732949889380588e-06
1.415505155042915146e-04 1.949784434759952902e-06
1.455378539692011523e-04 2.043872898629130943e-06
1.495251924341107358e-04 2.142872555663638801e-06
1.535125308990203735e-04 2.246675623273644796e-06
1.574998693639300112e-04 2.355188735665462355e-06
1.614872078288395946e-04 2.468330261200875685e-06
1.654745462937492323e-04 2.586028252445568012e-06
1.694618847586588700e-04 2.708218850777782231e-06
1.734492232235684535e-04 2.834845024946314743e-06
1.774365616884780912e-04 2.965855559767563992e-06
1.814239001533877289e-04 3.101204235393286569e-06
1.854112386182973124e-04 3.240849153963382939e-06
1.893985770832069500e-04 3.384752181778775903e-06
1.933859155481165877e-04 3.532878483111181191e-06
1.973732540130261712e-04 3.685196127495036889e-06
