-1.973732540130261712e-04 -7.287009609201906488e-07
-1.933859155481165606e-04 -7.044807358357593476e-07
-1.893985770832069229e-04 -6.796719813624823865e-07
-1.854112386182973124e-04 -6.542427670348109821e-07
-1.814239001533877018e-04 -6.281582571244746265e-07
-1.774365616884780641e-04 -6.013803179323731455e-07
-1.734492232235684535e-04 -5.738670515984106049e-07
-1.694618847586588429e-04 -5.455722382743644533e-07
-1.654745462937492052e-04 -5.164446627766037009e-07
-1.614872078288395946e-04 -4.864272938539482527e-07
-1.574998693639299840e-04 -4.554562728846334341e-07
-1.535125308990203464e-04 -4.234596524343325712e-07
-1.495251924341107358e-04 -3.903558008648477118e-07
-1.455378539692011252e-04 -3.560513523824757118e-07
-1.415505155042914875e-04 -3.204385243973968052e-07
-1.375631770393818769e-04 -2.833915310763283029e-07
-1.335758385744722663e-04 -2.447616655538651371e-07
-1.295885001095626286e-04 -2.043703474269259246e-07
-1.256011616446530180e-04 -1.619989169614634786e-07
-1.216138231797433939e-04 -1.173729238643873158e-07
-1.176264847148337698e-04 -7.013638498993933355e-08
-1.136391462499241592e-04 -1.980582368381157962e-08
-1.096518077850145350e-04 3.432297116484937655e-08
-1.056644693201049109e-04 9.341009345112677700e-08
-1.016771308551953003e-04 1.600698633570650541e-07
-9.768979239028567619e-05 2.358762206698252287e-07
-9.370245392537605205e-05 3.168702048978929380e-07
-8.971511546046642791e-05 3.972709191429397827e-07
-8.572777699555681732e-05 4.747257239527138200e-07
-8.174043853064719319e-05 5.489264116022995425e-07
-7.775310006573756905e-05 6.197526872125008535e-07
-7.376576160082794491e-05 6.871426524799222860e-07
-6.977842313591833432e-05 7.510594792652974617e-07
-6.579108467100872374e-05 8.114791699338341449e-07
-6.180374620609908605e-05 8.683850802130639405e-07
-5.781640774118947546e-05 9.217651309568281545e-07
-5.382906927627986488e-05 9.716102523894323614e-07
-4.984173081137022719e-05 1.017913454118287856e-06
-4.585439234646061660e-05 1.060669238550888705e-06
-4.186705388155100602e-05 1.099873214694590178e-06
-3.787971541664136832e-05 1.135521834875554004e-06
-3.389237695173175774e-05 1.167612210072791769e-06
-2.990503848682214715e-05 1.196141977360712568e-06
-2.591770002191250946e-05 1.221109202992074605e-06
-2.193036155700289888e-05 1.242512310561676377e-06
-1.794302309209328829e-05 1.260350027299329504e-06
-1.395568462718365060e-05 1.274621343820068992e-06
-9.968346162274040016e-06 1.285325484144599865e-06
-5.981007697364429431e-06 1.292461883801865573e-06
-1.993669232454791740e-06 1.296030174520500199e-06
1.993669232454818845e-06 1.296030174520506340e-06
5.981007697364456536e-06 1.292461883801858585e-06
9.968346162274067121e-06 1.285325484144599442e-06
1.395568462718367771e-05 1.274621343820075557e-06
1.794302309209331540e-05 1.260350027299322093e-06
2.193036155700292598e-05 1.242512310561682941e-06
2.591770002191253657e-05 1.221109202992067829e-06
2.990503848682217426e-05 1.196141977360706639e-06
3.389237695173178484e-05 1.167612210072804474e-06
3.787971541664139543e-05 1.135521834875547016e-06
4.186705388155103312e-05 1.099873214694595895e-06
4.585439234646064371e-05 1.060669238550882776e-06
4.984173081137028140e-05 1.017913454118293786e-06
5.382906927627986488e-05 9.716102523894264322e-07
5.781640774118950257e-05 9.217651309568272016e-07
6.180374620609914026e-05 8.683850802130684933e-07
6.579108467100872374e-05 8.114791699338292745e-07
6.977842313591836143e-05 7.510594792653008498e-07
7.376576160082799912e-05 6.871426524799178390e-07
7.775310006573758260e-05 6.197526872125038181e-07
8.174043853064722029e-05 5.489264116022960485e-07
8.572777699555685798e-05 4.747257239527137141e-07
8.971511546046644146e-05 3.972709191429415826e-07
9.370245392537607915e-05 3.168702048978907675e-07
9.768979239028571684e-05 2.358762206698259434e-07
1.016771308551953003e-04 1.600698633570632542e-07
1.056644693201049380e-04 9.341009345112610202e-08
1.096518077850145757e-04 3.432297116484899274e-08
1.136391462499241592e-04 -1.980582368381194358e-08
1.176264847148337969e-04 -7.013638498994004824e-08
1.216138231797434346e-04 -1.173729238643869849e-07
1.256011616446530180e-04 -1.619989169614645904e-07
1.295885001095626557e-04 -2.043703474269253422e-07
1.335758385744722934e-04 -2.447616655538655606e-07
1.375631770393818769e-04 -2.833915310763285676e-07
1.415505155042915146e-04 -3.204385243973970170e-07
1.455378539692011523e-04 -3.560513523824779353e-07
1.495251924341107358e-04 -3.903558008648457530e-07
1.535125308990203735e-04 -4.234596524343353240e-07
1.574998693639300112e-04 -4.554562728846312107e-07
1.614872078288395946e-04 -4.864272938539483586e-07
1.654745462937492323e-04 -5.164446627766065596e-07
1.694618847586588700e-04 -5.455722382743615946e-07
1.734492232235684535e-04 -5.738670515984139931e-07
1.774365616884780912e-04 -6.013803179323701809e-07
1.814239001533877289e-04 -6.281582571244714502e-07
1.854112386182973124e-04 -6.542427670348145820e-07
1.893985770832069500e-04 -6.796719813624821748e-07
1.933859155481165877e-04 -7.044807358357556418e-07
1.973732540130261712e-04 -7.287009609201946722e-07
