-1.779498581481680857e-04 3.685196127495040701e-06
-1.743549115189121533e-04 3.532878483111175262e-06
-1.707599648896562480e-04 3.384752181778775056e-06
-1.671650182604003155e-04 3.240849153963386327e-06
-1.635700716311444102e-04 3.101204235393281910e-06
-1.599751250018884778e-04 2.965855559767560181e-06
-1.563801783726325454e-04 2.834845024946317284e-06
-1.527852317433766401e-04 2.708218850777777996e-06
-1.491902851141207076e-04 2.586028252445570129e-06
-1.455953384848648023e-04 2.468330261200875685e-06
-1.420003918556088699e-04 2.355188735665458967e-06
-1.384054452263529646e-04 2.246675623273646913e-06
-1.348104985970970322e-04 2.142872555663637107e-06
-1.312155519678411268e-04 2.043872898629132638e-06
-1.276206053385851944e-04 1.949784434759952478e-06
-1.240256587093292620e-04 1.860732949889381011e-06
-1.204307120800733567e-04 1.776867150882822564e-06
-1.168357654508174243e-04 1.698365618143357699e-06
-1.132408188215615054e-04 1.625447011405034953e-06
-1.096458721923055865e-04 1.558385780960944332e-06
-1.060509255630496676e-04 1.497537909956843820e-06
-1.024559789337937488e-04 1.443386875047040983e-06
-9.886103230453782990e-05 1.396636887342389962e-06
-9.526608567528189748e-05 1.358448040737973407e-06
-9.167113904602597861e-05 1.331434655415836111e-06
-8.807619241677005974e-05 1.317170671163139267e-06
-8.448124578751414087e-05 1.311697127488367785e-06
-8.088629915825822200e-05 1.309233127493194349e-06
-7.729135252900230313e-05 1.307426031725366038e-06
-7.369640589974637071e-05 1.305967632459967451e-06
-7.010145927049045184e-05 1.304737634817803020e-06
-6.650651264123453297e-05 1.303674140495477120e-06
-6.291156601197861410e-05 1.302740321353722948e-06
-5.931661938272269523e-05 1.301912179757748904e-06
-5.572167275346676281e-05 1.301173071435085852e-06
-5.212672612421085749e-05 1.300510917239576051e-06
-4.853177949495492507e-05 1.299916647395524122e-06
-4.493683286569901975e-05 1.299383271510341784e-06
-4.134188623644308733e-05 1.298905291991523209e-06
-3.774693960718715491e-05 1.298478317846423243e-06
-3.415199297793124959e-05 1.298098801401204251e-06
-3.055704634867531717e-05 1.297763853634877395e-06
-2.696209971941941185e-05 1.297471111621852194e-06
-2.336715309016347943e-05 1.297218641614886216e-06
-1.977220646090757411e-05 1.297004867208778170e-06
-1.617725983165164169e-05 1.296828515633339676e-06
-1.258231320239570927e-05 1.296688577503606164e-06
-8.987366573139803951e-06 1.296584276840282022e-06
-5.392419943883871528e-06 1.296515049172311124e-06
-1.797473314627966211e-06 1.296480526228327553e-06
1.797473314627966211e-06 1.296480526228333694e-06
5.392419943883871528e-06 1.296515049172304136e-06
8.987366573139803951e-06 1.296584276840281811e-06
1.258231320239573637e-05 1.296688577503612941e-06
1.617725983165164169e-05 1.296828515633332265e-06
1.977220646090757411e-05 1.297004867208784734e-06
2.336715309016347943e-05 1.297218641614879439e-06
2.696209971941941185e-05 1.297471111621846053e-06
3.055704634867534427e-05 1.297763853634890524e-06
3.415199297793124959e-05 1.298098801401197475e-06
3.774693960718718201e-05 1.298478317846429172e-06
4.134188623644308733e-05 1.298905291991516856e-06
4.493683286569901975e-05 1.299383271510347713e-06
4.853177949495492507e-05 1.299916647395518193e-06
5.212672612421085749e-05 1.300510917239574992e-06
5.572167275346678991e-05 1.301173071435090722e-06
5.931661938272269523e-05 1.301912179757743822e-06
6.291156601197862765e-05 1.302740321353726759e-06
6.650651264123456008e-05 1.303674140495473096e-06
7.010145927049043829e-05 1.304737634817805562e-06
7.369640589974637071e-05 1.305967632459964063e-06
7.729135252900230313e-05 1.307426031725365827e-06
8.088629915825823555e-05 1.309233127493196255e-06
8.448124578751416798e-05 1.311697127488366302e-06
8.807619241677004619e-05 1.317170671163139479e-06
9.167113904602597861e-05 1.331434655415834417e-06
9.526608567528191103e-05 1.358448040737972984e-06
9.886103230453784346e-05 1.396636887342389962e-06
1.024559789337937759e-04 1.443386875047041619e-06
1.060509255630496541e-04 1.497537909956842550e-06
1.096458721923055865e-04 1.558385780960944544e-06
1.132408188215615189e-04 1.625447011405034317e-06
1.168357654508174514e-04 1.698365618143359181e-06
1.204307120800733296e-04 1.776867150882821294e-06
1.240256587093292620e-04 1.860732949889380588e-06
1.276206053385851944e-04 1.949784434759952478e-06
1.312155519678411268e-04 2.043872898629130096e-06
1.348104985970970593e-04 2.142872555663639648e-06
1.384054452263529375e-04 2.246675623273643525e-06
1.420003918556088699e-04 2.355188735665461084e-06
1.455953384848648023e-04 2.468330261200875685e-06
1.491902851141207347e-04 2.586028252445568012e-06
1.527852317433766672e-04 2.708218850777782231e-06
1.563801783726325454e-04 2.834845024946313896e-06
1.599751250018884778e-04 2.965855559767563145e-06
1.635700716311444102e-04 3.101204235393285298e-06
1.671650182604003426e-04 3.240849153963384633e-06
1.707599648896562751e-04 3.384752181778776751e-06
1.743549115189121533e-04 3.532878483111179497e-06
1.779498581481680857e-04 3.685196127495036466e-06
