-1.973732540130261712e-04 0.000000000000000000e+00
-1.933859155481165606e-04 0.000000000000000000e+00
-1.893985770832069229e-04 0.000000000000000000e+00
-1.854112386182973124e-04 0.000000000000000000e+00
-1.814239001533877018e-04 0.000000000000000000e+00
-1.774365616884780641e-04 0.000000000000000000e+00
-1.734492232235684535e-04 0.000000000000000000e+00
-1.694618847586588429e-04 0.000000000000000000e+00
-1.654745462937492052e-04 0.000000000000000000e+00
-1.614872078288395946e-04 0.000000000000000000e+00
-1.574998693639299840e-04 0.000000000000000000e+00
-1.535125308990203464e-04 0.000000000000000000e+00
-1.495251924341107358e-04 0.000000000000000000e+00
-1.455378539692011252e-04 0.000000000000000000e+00
-1.415505155042914875e-04 0.000000000000000000e+00
-1.375631770393818769e-04 0.000000000000000000e+00
-1.335758385744722663e-04 0.000000000000000000e+00
-1.295885001095626286e-04 0.000000000000000000e+00
-1.256011616446530180e-04 0.000000000000000000e+00
-1.216138231797433939e-04 0.000000000000000000e+00
-1.176264847148337698e-04 0.000000000000000000e+00
-1.136391462499241592e-04 0.000000000000000000e+00
-1.096518077850145350e-04 0.000000000000000000e+00
-1.056644693201049109e-04 0.000000000000000000e+00
-1.016771308551953003e-04 0.000000000000000000e+00
-9.768979239028567619e-05 1.829151727587400377e+08
-9.370245392537605205e-05 4.048370720123005509e+08
-8.971511546046642791e-05 5.374880033298758268e+08
-8.572777699555681732e-05 6.391078602000535727e+08
-8.174043853064719319e-05 7.229035652238528728e+08
-7.775310006573756905e-05 7.945347548440752029e+08
-7.376576160082794491e-05 8.570569369037410021e+08
-6.977842313591833432e-05 9.123447341506513357e+08
-6.579108467100872374e-05 9.616467330407423973e+08
-6.180374620609908605e-05 1.005843511089749575e+09
-5.781640774118947546e-05 1.045582661884122729e+09
-5.382906927627986488e-05 1.081355742233762741e+09
-4.984173081137022719e-05 1.113545052563697338e+09
-4.585439234646061660e-05 1.142453557618056059e+09
-4.186705388155100602e-05 1.168324819105170965e+09
-3.787971541664136832e-05 1.191356721959472418e+09
-3.389237695173175774e-05 1.211711186453611612e+09
-2.990503848682214715e-05 1.229521193064003229e+09
-2.591770002191250946e-05 1.244895952844313860e+09
-2.193036155700289888e-05 1.257924762066748142e+09
-1.794302309209328829e-05 1.268679898568243742e+09
-1.395568462718365060e-05 1.277218801709200144e+09
-9.968346162274040016e-06 1.283585701948160410e+09
-5.981007697364429431e-06 1.287812814600759268e+09
-1.993669232454791740e-06 1.289921176294124603e+09
1.993669232454818845e-06 1.289921176294124603e+09
5.981007697364456536e-06 1.287812814600759029e+09
9.968346162274067121e-06 1.283585701948160410e+09
1.395568462718367771e-05 1.277218801709200144e+09
1.794302309209331540e-05 1.268679898568243742e+09
2.193036155700292598e-05 1.257924762066748142e+09
2.591770002191253657e-05 1.244895952844313622e+09
2.990503848682217426e-05 1.229521193064003229e+09
3.389237695173178484e-05 1.211711186453611374e+09
3.787971541664139543e-05 1.191356721959472179e+09
4.186705388155103312e-05 1.168324819105170965e+09
4.585439234646064371e-05 1.142453557618056059e+09
4.984173081137028140e-05 1.113545052563696861e+09
5.382906927627986488e-05 1.081355742233762741e+09
5.781640774118950257e-05 1.045582661884122491e+09
6.180374620609914026e-05 1.005843511089748979e+09
6.579108467100872374e-05 9.616467330407423973e+08
6.977842313591836143e-05 9.123447341506507397e+08
7.376576160082799912e-05 8.570569369037402868e+08
7.775310006573758260e-05 7.945347548440749645e+08
8.174043853064722029e-05 7.229035652238522768e+08
8.572777699555685798e-05 6.391078602000524998e+08
8.971511546046644146e-05 5.374880033298754692e+08
9.370245392537607915e-05 4.048370720122991800e+08
9.768979239028571684e-05 1.829151727587360442e+08
1.016771308551953003e-04 0.000000000000000000e+00
1.056644693201049380e-04 0.000000000000000000e+00
1.096518077850145757e-04 0.000000000000000000e+00
1.136391462499241592e-04 0.000000000000000000e+00
1.176264847148337969e-04 0.000000000000000000e+00
1.216138231797434346e-04 0.000000000000000000e+00
1.256011616446530180e-04 0.000000000000000000e+00
1.295885001095626557e-04 0.000000000000000000e+00
1.335758385744722934e-04 0.000000000000000000e+00
1.375631770393818769e-04 0.000000000000000000e+00
1.415505155042915146e-04 0.000000000000000000e+00
1.455378539692011523e-04 0.000000000000000000e+00
1.495251924341107358e-04 0.000000000000000000e+00
1.535125308990203735e-04 0.000000000000000000e+00
1.574998693639300112e-04 0.000000000000000000e+00
1.614872078288395946e-04 0.000000000000000000e+00
1.654745462937492323e-04 0.000000000000000000e+00
1.694618847586588700e-04 0.000000000000000000e+00
1.734492232235684535e-04 0.000000000000000000e+00
1.774365616884780912e-04 0.000000000000000000e+00
1.814239001533877289e-04 0.000000000000000000e+00
1.854112386182973124e-04 0.000000000000000000e+00
1.893985770832069500e-04 0.000000000000000000e+00
1.933859155481165877e-04 0.000000000000000000e+00
1.973732540130261712e-04 0.000000000000000000e+00
