-1.779498581481680857e-04 0.000000000000000000e+00
-1.743549115189121533e-04 0.000000000000000000e+00
-1.707599648896562480e-04 0.000000000000000000e+00
-1.671650182604003155e-04 0.000000000000000000e+00
-1.635700716311444102e-04 0.000000000000000000e+00
-1.599751250018884778e-04 0.000000000000000000e+00
-1.563801783726325454e-04 0.000000000000000000e+00
-1.527852317433766401e-04 0.000000000000000000e+00
-1.491902851141207076e-04 0.000000000000000000e+00
-1.455953384848648023e-04 0.000000000000000000e+00
-1.420003918556088699e-04 0.000000000000000000e+00
-1.384054452263529646e-04 0.000000000000000000e+00
-1.348104985970970322e-04 0.000000000000000000e+00
-1.312155519678411268e-04 0.000000000000000000e+00
-1.276206053385851944e-04 0.000000000000000000e+00
-1.240256587093292620e-04 0.000000000000000000e+00
-1.204307120800733567e-04 0.000000000000000000e+00
-1.168357654508174243e-04 0.000000000000000000e+00
-1.132408188215615054e-04 0.000000000000000000e+00
-1.096458721923055865e-04 0.000000000000000000e+00
-1.060509255630496676e-04 0.000000000000000000e+00
-1.024559789337937488e-04 0.000000000000000000e+00
-9.886103230453782990e-05 0.000000000000000000e+00
-9.526608567528189748e-05 0.000000000000000000e+00
-9.167113904602597861e-05 0.000000000000000000e+00
-8.807619241677005974e-05 2.028805374246881604e+08
-8.448124578751414087e-05 4.490254225526959896e+08
-8.088629915825822200e-05 5.961553288896166086e+08
-7.729135252900230313e-05 7.088670895593255758e+08
-7.369640589974637071e-05 8.018091752961512804e+08
-7.010145927049045184e-05 8.812589772307806015e+08
-6.650651264123453297e-05 9.506055147865238190e+08
-6.291156601197861410e-05 1.011928027562842250e+09
-5.931661938272269523e-05 1.066611386412061453e+09
-5.572167275346676281e-05 1.115632284721295595e+09
-5.212672612421085749e-05 1.159709001531426668e+09
-4.853177949495492507e-05 1.199386747544569969e+09
-4.493683286569901975e-05 1.235089551639891148e+09
-4.134188623644308733e-05 1.267153447450811386e+09
-3.774693960718715491e-05 1.295848581677229643e+09
-3.415199297793124959e-05 1.321394438581932783e+09
-3.055704634867531717e-05 1.343970612188971043e+09
-2.696209971941941185e-05 1.363724597919937849e+09
-2.336715309016347943e-05 1.380777527318633080e+09
-1.977220646090757411e-05 1.395228443430100918e+09
-1.617725983165164169e-05 1.407157513285761833e+09
-1.258231320239570927e-05 1.416628445806704283e+09
-8.987366573139803951e-06 1.423690299247989893e+09
-5.392419943883871528e-06 1.428378805257521868e+09
-1.797473314627966211e-06 1.430717296630240202e+09
1.797473314627966211e-06 1.430717296630240202e+09
5.392419943883871528e-06 1.428378805257521868e+09
8.987366573139803951e-06 1.423690299247989893e+09
1.258231320239573637e-05 1.416628445806704283e+09
1.617725983165164169e-05 1.407157513285761833e+09
1.977220646090757411e-05 1.395228443430100918e+09
2.336715309016347943e-05 1.380777527318633080e+09
2.696209971941941185e-05 1.363724597919937849e+09
3.055704634867534427e-05 1.343970612188970804e+09
3.415199297793124959e-05 1.321394438581932783e+09
3.774693960718718201e-05 1.295848581677229404e+09
4.134188623644308733e-05 1.267153447450811386e+09
4.493683286569901975e-05 1.235089551639891148e+09
4.853177949495492507e-05 1.199386747544569969e+09
5.212672612421085749e-05 1.159709001531426668e+09
5.572167275346678991e-05 1.115632284721295357e+09
5.931661938272269523e-05 1.066611386412061453e+09
6.291156601197862765e-05 1.011928027562842131e+09
6.650651264123456008e-05 9.506055147865232229e+08
7.010145927049043829e-05 8.812589772307810783e+08
7.369640589974637071e-05 8.018091752961512804e+08
7.729135252900230313e-05 7.088670895593255758e+08
8.088629915825823555e-05 5.961553288896158934e+08
8.448124578751416798e-05 4.490254225526944399e+08
8.807619241677004619e-05 2.028805374246893227e+08
9.167113904602597861e-05 0.000000000000000000e+00
9.526608567528191103e-05 0.000000000000000000e+00
9.886103230453784346e-05 0.000000000000000000e+00
1.024559789337937759e-04 0.000000000000000000e+00
1.060509255630496541e-04 0.000000000000000000e+00
1.096458721923055865e-04 0.000000000000000000e+00
1.132408188215615189e-04 0.000000000000000000e+00
1.168357654508174514e-04 0.000000000000000000e+00
1.204307120800733296e-04 0.000000000000000000e+00
1.240256587093292620e-04 0.000000000000000000e+00
1.276206053385851944e-04 0.000000000000000000e+00
1.312155519678411268e-04 0.000000000000000000e+00
1.348104985970970593e-04 0.000000000000000000e+00
1.384054452263529375e-04 0.000000000000000000e+00
1.420003918556088699e-04 0.000000000000000000e+00
1.455953384848648023e-04 0.000000000000000000e+00
1.491902851141207347e-04 0.000000000000000000e+00
1.527852317433766672e-04 0.000000000000000000e+00
1.563801783726325454e-04 0.000000000000000000e+00
1.599751250018884778e-04 0.000000000000000000e+00
1.635700716311444102e-04 0.000000000000000000e+00
1.671650182604003426e-04 0.000000000000000000e+00
1.707599648896562751e-04 0.000000000000000000e+00
1.743549115189121533e-04 0.000000000000000000e+00
1.779498581481680857e-04 0.000000000000000000e+00
