-1.779498581481680857e-04 4.413897088415231455e-06
-1.743549115189121533e-04 4.237359218946934927e-06
-1.707599648896562480e-04 4.064424163141257231e-06
-1.671650182604003155e-04 3.895091920998197521e-06
-1.635700716311444102e-04 3.729362492517756642e-06
-1.599751250018884778e-04 3.567235877699933326e-06
-1.563801783726325454e-04 3.408712076544727995e-06
-1.527852317433766401e-04 3.253791089052142343e-06
-1.491902851141207076e-04 3.102472915222173830e-06
-1.455953384848648023e-04 2.954757555054824149e-06
-1.420003918556088699e-04 2.810645008550092454e-06
-1.384054452263529646e-04 2.670135275707979590e-06
-1.348104985970970322e-04 2.533228356528484712e-06
-1.312155519678411268e-04 2.399924251011608243e-06
-1.276206053385851944e-04 2.270222959157349336e-06
-1.240256587093292620e-04 2.144124480965709261e-06
-1.204307120800733567e-04 2.021628816436687595e-06
-1.168357654508174243e-04 1.902735965570283703e-06
-1.132408188215615054e-04 1.787445928366498431e-06
-1.096458721923055865e-04 1.675758704825331568e-06
-1.060509255630496676e-04 1.567674294946783114e-06
-1.024559789337937488e-04 1.463192698730852646e-06
-9.886103230453782990e-05 1.362313916177540586e-06
-9.526608567528189748e-05 1.265037947286846511e-06
-9.167113904602597861e-05 1.171364792058771057e-06
-8.807619241677005974e-05 1.081294450493314012e-06
-8.448124578751414087e-05 9.948269225904749525e-07
-8.088629915825822200e-05 9.119622083502544076e-07
-7.729135252900230313e-05 8.327003077726521656e-07
-7.369640589974637071e-05 7.570412208576678030e-07
-7.010145927049045184e-05 6.849849476053021670e-07
-6.650651264123453297e-05 6.165314880155546222e-07
-6.291156601197861410e-05 5.516808420884254862e-07
-5.931661938272269523e-05 4.904330098239146532e-07
-5.572167275346676281e-05 4.327879912220218056e-07
-5.212672612421085749e-05 3.787457862827476844e-07
-4.853177949495492507e-05 3.283063950060914957e-07
-4.493683286569901975e-05 2.814698173920539805e-07
-4.134188623644308733e-05 2.382360534406343447e-07
-3.774693960718715491e-05 1.986051031518330120e-07
-3.415199297793124959e-05 1.625769665256502998e-07
-3.055704634867531717e-05 1.301516435620855995e-07
-2.696209971941941185e-05 1.013291342611394139e-07
-2.336715309016347943e-05 7.610943862281130630e-08
-1.977220646090757411e-05 5.449255664710167372e-08
-1.617725983165164169e-05 3.647848833401016545e-08
-1.258231320239570927e-05 2.206723368353697339e-08
-8.987366573139803951e-06 1.125879269568215876e-08
-5.392419943883871528e-06 4.053165370445560244e-09
-1.797473314627966211e-06 4.503517078272890096e-10
1.797473314627966211e-06 4.503517078272890096e-10
5.392419943883871528e-06 4.053165370445560244e-09
8.987366573139803951e-06 1.125879269568215876e-08
1.258231320239573637e-05 2.206723368353706603e-08
1.617725983165164169e-05 3.647848833401016545e-08
1.977220646090757411e-05 5.449255664710167372e-08
2.336715309016347943e-05 7.610943862281130630e-08
2.696209971941941185e-05 1.013291342611394139e-07
3.055704634867534427e-05 1.301516435620858377e-07
3.415199297793124959e-05 1.625769665256502998e-07
3.774693960718718201e-05 1.986051031518333031e-07
4.134188623644308733e-05 2.382360534406343447e-07
4.493683286569901975e-05 2.814698173920539805e-07
4.853177949495492507e-05 3.283063950060914957e-07
5.212672612421085749e-05 3.787457862827476844e-07
5.572167275346678991e-05 4.327879912220221761e-07
5.931661938272269523e-05 4.904330098239146532e-07
6.291156601197862765e-05 5.516808420884256980e-07
6.650651264123456008e-05 6.165314880155551516e-07
7.010145927049043829e-05 6.849849476053017435e-07
7.369640589974637071e-05 7.570412208576678030e-07
7.729135252900230313e-05 8.327003077726521656e-07
8.088629915825823555e-05 9.119622083502547252e-07
8.448124578751416798e-05 9.948269225904755878e-07
8.807619241677004619e-05 1.081294450493313589e-06
9.167113904602597861e-05 1.171364792058771057e-06
9.526608567528191103e-05 1.265037947286846935e-06
9.886103230453784346e-05 1.362313916177541009e-06
1.024559789337937759e-04 1.463192698730853493e-06
1.060509255630496541e-04 1.567674294946782691e-06
1.096458721923055865e-04 1.675758704825331568e-06
1.132408188215615189e-04 1.787445928366498855e-06
1.168357654508174514e-04 1.902735965570284550e-06
1.204307120800733296e-04 2.021628816436686748e-06
1.240256587093292620e-04 2.144124480965709261e-06
1.276206053385851944e-04 2.270222959157349336e-06
1.312155519678411268e-04 2.399924251011608243e-06
1.348104985970970593e-04 2.533228356528485560e-06
1.384054452263529375e-04 2.670135275707978743e-06
1.420003918556088699e-04 2.810645008550092454e-06
1.455953384848648023e-04 2.954757555054824149e-06
1.491902851141207347e-04 3.102472915222174677e-06
1.527852317433766672e-04 3.253791089052143614e-06
1.563801783726325454e-04 3.408712076544727995e-06
1.599751250018884778e-04 3.567235877699933326e-06
1.635700716311444102e-04 3.729362492517756642e-06
1.671650182604003426e-04 3.895091920998199215e-06
1.707599648896562751e-04 4.064424163141258925e-06
1.743549115189121533e-04 4.237359218946934927e-06
1.779498581481680857e-04 4.413897088415231455e-06
