-1.973732540130261712e-04 4.413897088415231455e-06
-1.933859155481165606e-04 4.237359218946935774e-06
-1.893985770832069229e-04 4.064424163141256384e-06
-1.854112386182973124e-04 3.895091920998197521e-06
-1.814239001533877018e-04 3.729362492517757066e-06
-1.774365616884780641e-04 3.567235877699932903e-06
-1.734492232235684535e-04 3.408712076544728842e-06
-1.694618847586588429e-04 3.253791089052142343e-06
-1.654745462937492052e-04 3.102472915222173830e-06
-1.614872078288395946e-04 2.954757555054824149e-06
-1.574998693639299840e-04 2.810645008550092877e-06
-1.535125308990203464e-04 2.670135275707979167e-06
-1.495251924341107358e-04 2.533228356528484712e-06
-1.455378539692011252e-04 2.399924251011608243e-06
-1.415505155042914875e-04 2.270222959157348913e-06
-1.375631770393818769e-04 2.144124480965709261e-06
-1.335758385744722663e-04 2.021628816436688019e-06
-1.295885001095626286e-04 1.902735965570283491e-06
-1.256011616446530180e-04 1.787445928366498643e-06
-1.216138231797433939e-04 1.675758704825331568e-06
-1.176264847148337698e-04 1.567674294946782691e-06
-1.136391462499241592e-04 1.463192698730852434e-06
-1.096518077850145350e-04 1.362313916177540374e-06
-1.056644693201049109e-04 1.265037947286846511e-06
-1.016771308551953003e-04 1.171364792058771269e-06
-9.768979239028567619e-05 1.081294450493314012e-06
-9.370245392537605205e-05 9.948269225904749525e-07
-8.971511546046642791e-05 9.119622083502540899e-07
-8.572777699555681732e-05 8.327003077726519538e-07
-8.174043853064719319e-05 7.570412208576678030e-07
-7.775310006573756905e-05 6.849849476053019552e-07
-7.376576160082794491e-05 6.165314880155544104e-07
-6.977842313591833432e-05 5.516808420884252744e-07
-6.579108467100872374e-05 4.904330098239146532e-07
-6.180374620609908605e-05 4.327879912220217526e-07
-5.781640774118947546e-05 3.787457862827475256e-07
-5.382906927627986488e-05 3.283063950060915486e-07
-4.984173081137022719e-05 2.814698173920536099e-07
-4.585439234646061660e-05 2.382360534406342389e-07
-4.186705388155100602e-05 1.986051031518331973e-07
-3.787971541664136832e-05 1.625769665256501410e-07
-3.389237695173175774e-05 1.301516435620856260e-07
-2.990503848682214715e-05 1.013291342611393742e-07
-2.591770002191250946e-05 7.610943862281124013e-08
-2.193036155700289888e-05 5.449255664710157446e-08
-1.794302309209328829e-05 3.647848833401017868e-08
-1.395568462718365060e-05 2.206723368353696346e-08
-9.968346162274040016e-06 1.125879269568213229e-08
-5.981007697364429431e-06 4.053165370445575134e-09
-1.993669232454791740e-06 4.503517078272779461e-10
1.993669232454818845e-06 4.503517078272901987e-10
5.981007697364456536e-06 4.053165370445611530e-09
9.968346162274067121e-06 1.125879269568219515e-08
1.395568462718367771e-05 2.206723368353704618e-08
1.794302309209331540e-05 3.647848833401028456e-08
2.193036155700292598e-05 5.449255664710171343e-08
2.591770002191253657e-05 7.610943862281141218e-08
2.990503848682217426e-05 1.013291342611395595e-07
3.389237695173178484e-05 1.301516435620858113e-07
3.787971541664139543e-05 1.625769665256503792e-07
4.186705388155103312e-05 1.986051031518334355e-07
4.585439234646064371e-05 2.382360534406345300e-07
4.984173081137028140e-05 2.814698173920542452e-07
5.382906927627986488e-05 3.283063950060915486e-07
5.781640774118950257e-05 3.787457862827478432e-07
6.180374620609914026e-05 4.327879912220224938e-07
6.579108467100872374e-05 4.904330098239146532e-07
6.977842313591836143e-05 5.516808420884258038e-07
7.376576160082799912e-05 6.165314880155552574e-07
7.775310006573758260e-05 6.849849476053022729e-07
8.174043853064722029e-05 7.570412208576683324e-07
8.572777699555685798e-05 8.327003077726526950e-07
8.971511546046644146e-05 9.119622083502544076e-07
9.370245392537607915e-05 9.948269225904753761e-07
9.768979239028571684e-05 1.081294450493314648e-06
1.016771308551953003e-04 1.171364792058771269e-06
1.056644693201049380e-04 1.265037947286847146e-06
1.096518077850145757e-04 1.362313916177541433e-06
1.136391462499241592e-04 1.463192698730852434e-06
1.176264847148337969e-04 1.567674294946783326e-06
1.216138231797434346e-04 1.675758704825332627e-06
1.256011616446530180e-04 1.787445928366498643e-06
1.295885001095626557e-04 1.902735965570284338e-06
1.335758385744722934e-04 2.021628816436688442e-06
1.375631770393818769e-04 2.144124480965709261e-06
1.415505155042915146e-04 2.270222959157349760e-06
1.455378539692011523e-04 2.399924251011609091e-06
1.495251924341107358e-04 2.533228356528484712e-06
1.535125308990203735e-04 2.670135275707980014e-06
1.574998693639300112e-04 2.810645008550093724e-06
1.614872078288395946e-04 2.954757555054824149e-06
1.654745462937492323e-04 3.102472915222174677e-06
1.694618847586588700e-04 3.253791089052143614e-06
1.734492232235684535e-04 3.408712076544728842e-06
1.774365616884780912e-04 3.567235877699934173e-06
1.814239001533877289e-04 3.729362492517757913e-06
1.854112386182973124e-04 3.895091920998197521e-06
1.893985770832069500e-04 4.064424163141258078e-06
1.933859155481165877e-04 4.237359218946936621e-06
1.973732540130261712e-04 4.413897088415231455e-06
