3.003003003003002977e-03 2.389326489826356465e+03
6.006006006006005954e-03 1.769443082667809904e+03
9.009009009009008931e-03 1.444582318201349835e+03
1.201201201201201191e-02 1.237623689298459340e+03
1.501501501501501488e-02 1.091854429490111215e+03
1.801801801801801786e-02 9.825567398159886352e+02
2.102102102102101910e-02 8.969973357825297171e+02
2.402402402402402382e-02 8.278685905926580517e+02
2.702702702702702853e-02 7.706436130325903378e+02
3.003003003003002977e-02 7.223528422745712305e+02
3.303303303303303101e-02 6.809593282192867036e+02
3.603603603603603572e-02 6.450147879213371880e+02
3.903903903903904044e-02 6.134586456097022165e+02
4.204204204204203821e-02 5.854948066815840093e+02
4.504504504504504292e-02 5.605130078911208784e+02
4.804804804804804763e-02 5.380368911726560555e+02
5.105105105105105234e-02 5.176887130965521919e+02
5.405405405405405705e-02 4.991647504988164883e+02
5.705705705705705483e-02 4.822177794200383119e+02
6.006006006006005954e-02 4.666443483724401631e+02
6.306306306306305731e-02 4.522753729434619459e+02
6.606606606606606202e-02 4.389690765239279244e+02
6.906906906906906674e-02 4.266056174964239744e+02
7.207207207207207145e-02 4.150829479681971748e+02
7.507507507507507616e-02 4.043135848077417904e+02
7.807807807807808087e-02 3.942220653732522351e+02
8.108108108108108558e-02 3.847429232838729263e+02
8.408408408408407642e-02 3.758190635390341754e+02
8.708708708708708113e-02 3.674004474243283198e+02
9.009009009009008584e-02 3.594430199908986765e+02
9.309309309309309055e-02 3.519078291377288110e+02
9.609609609609609526e-02 3.447602972663687524e+02
9.909909909909909997e-02 3.379696153495360136e+02
1.021021021021021047e-01 3.315082359127365521e+02
1.051051051051051094e-01 3.253514464706060494e+02
1.081081081081081141e-01 3.194770088126228984e+02
1.111111111111111049e-01 3.138648525006050818e+02
1.141141141141141097e-01 3.084968132440702107e+02
1.171171171171171144e-01 3.033564086209241282e+02
1.201201201201201191e-01 2.984286450286567174e+02
1.231231231231231238e-01 2.936998508749445591e+02
1.261261261261261146e-01 2.891575319120412928e+02
1.291291291291291332e-01 2.847902453374943548e+02
1.321321321321321240e-01 2.805874898627563425e+02
1.351351351351351426e-01 2.765396094204720612e+02
1.381381381381381335e-01 2.726377085634661626e+02
1.411411411411411521e-01 2.688735779213075716e+02
1.441441441441441429e-01 2.652396283374436621e+02
1.471471471471471337e-01 2.617288325223147467e+02
1.501501501501501523e-01 2.583346732339059599e+02
1.531531531531531432e-01 2.550510971437711305e+02
1.561561561561561617e-01 2.518724736690284942e+02
1.591591591591591526e-01 2.487935581535669769e+02
1.621621621621621712e-01 2.458094588681170194e+02
1.651651651651651620e-01 2.429156073718762627e+02
1.681681681681681528e-01 2.401077318401946741e+02
1.711711711711711714e-01 2.373818330153881959e+02
1.741741741741741623e-01 2.347341624825752149e+02
1.771771771771771808e-01 2.321612030106680322e+02
1.801801801801801717e-01 2.296596507315417171e+02
1.831831831831831903e-01 2.272263989585775903e+02
1.861861861861861811e-01 2.248585234701253910e+02
1.891891891891891997e-01 2.225532691043897273e+02
1.921921921921921905e-01 2.203080375305095799e+02
1.951951951951951814e-01 2.181203760763220885e+02
1.981981981981981999e-01 2.159879675070968688e+02
2.012012012012011908e-01 2.139086206614611569e+02
2.042042042042042094e-01 2.118802618612730555e+02
2.072072072072072002e-01 2.099009270212698652e+02
2.102102102102102188e-01 2.079687543924686395e+02
2.132132132132132096e-01 2.060819778802859332e+02
2.162162162162162282e-01 2.042389208845975190e+02
2.192192192192192191e-01 2.024379906144896779e+02
2.222222222222222099e-01 2.006776728352306236e+02
2.252252252252252285e-01 1.989565270093801814e+02
2.282282282282282193e-01 1.972731817977031312e+02
2.312312312312312379e-01 1.956263308889731434e+02
2.342342342342342287e-01 1.940147291307663409e+02
2.372372372372372473e-01 1.924371889360158718e+02
2.402402402402402382e-01 1.908925769425198951e+02
2.432432432432432290e-01 1.893798109047161518e+02
2.462462462462462476e-01 1.878978567989776707e+02
2.492492492492492384e-01 1.864457261253777176e+02
2.522522522522522292e-01 1.850224733904503864e+02
2.552552552552552756e-01 1.836271937568220096e+02
2.582582582582582664e-01 1.822590208468709534e+02
2.612612612612612573e-01 1.809171246886870108e+02
2.642642642642642481e-01 1.796007097935949162e+02
2.672672672672672389e-01 1.783090133554699719e+02
2.702702702702702853e-01 1.770413035628612874e+02
2.732732732732732761e-01 1.757968780157025890e+02
2.762762762762762669e-01 1.745750622390830529e+02
2.792792792792792578e-01 1.733752082871595235e+02
2.822822822822823041e-01 1.721966934308312318e+02
2.852852852852852950e-01 1.710389189233580112e+02
2.882882882882882858e-01 1.699013088385152628e+02
2.912912912912912766e-01 1.687833089763318242e+02
2.942942942942942675e-01 1.676843858318435991e+02
2.972972972972973138e-01 1.666040256226264944e+02
3.003003003003003046e-01 1.655417333712167931e+02
3.033033033033032955e-01 1.644970320388157177e+02
3.063063063063062863e-01 1.634694617069305309e+02
3.093093093093093326e-01 1.624585788038747012e+02
3.123123123123123235e-01 1.614639553732592105e+02
3.153153153153153143e-01 1.604851783818165529e+02
3.183183183183183051e-01 1.595218490641051119e+02
3.213213213213212960e-01 1.585735823017908785e+02
3.243243243243243423e-01 1.576400060353952881e+02
3.273273273273273332e-01 1.567207607065220429e+02
3.303303303303303240e-01 1.558154987287214510e+02
3.333333333333333148e-01 1.549238839852924059e+02
3.363363363363363057e-01 1.540455913524081097e+02
3.393393393393393520e-01 1.531803062460838589e+02
3.423423423423423428e-01 1.523277241916033802e+02
3.453453453453453337e-01 1.514875504140957219e+02
3.483483483483483245e-01 1.506594994490609736e+02
3.513513513513513709e-01 1.498432947717037962e+02
3.543543543543543617e-01 1.490386684440243528e+02
3.573573573573573525e-01 1.482453607786642067e+02
3.603603603603603434e-01 1.474631200185931732e+02
3.633633633633633342e-01 1.466917020317524987e+02
3.663663663663663805e-01 1.459308700198527049e+02
3.693693693693693714e-01 1.451803942405509531e+02
3.723723723723723622e-01 1.444400517422957364e+02
3.753753753753753530e-01 1.437096261111709055e+02
3.783783783783783994e-01 1.429889072290863510e+02
3.813813813813813902e-01 1.422776910427494101e+02
3.843843843843843811e-01 1.415757793428323339e+02
3.873873873873873719e-01 1.408829795528269244e+02
3.903903903903903627e-01 1.401991045270790153e+02
3.933933933933934091e-01 1.395239723575439541e+02
3.963963963963963999e-01 1.388574061888258484e+02
3.993993993993993907e-01 1.381992340410761813e+02
4.024024024024023816e-01 1.375492886403746979e+02
4.054054054054054279e-01 1.369074072562100923e+02
4.084084084084084187e-01 1.362734315457283572e+02
4.114114114114114096e-01 1.356472074044054921e+02
4.144144144144144004e-01 1.350285848228485861e+02
4.174174174174173912e-01 1.344174177494196840e+02
4.204204204204204376e-01 1.338135639584118621e+02
4.234234234234234284e-01 1.332168849235227981e+02
4.264264264264264193e-01 1.326272456963588979e+02
4.294294294294294101e-01 1.320445147897531513e+02
4.324324324324324564e-01 1.314685640656699377e+02
4.354354354354354473e-01 1.308992686274777952e+02
4.384384384384384381e-01 1.303365067164067170e+02
4.414414414414414289e-01 1.297801596119822136e+02
4.444444444444444198e-01 1.292301115362763539e+02
4.474474474474474661e-01 1.286862495617849049e+02
4.504504504504504570e-01 1.281484635227942874e+02
4.534534534534534478e-01 1.276166459300563787e+02
4.564564564564564386e-01 1.270906918886515058e+02
4.594594594594594295e-01 1.265704990188853998e+02
4.624624624624624758e-01 1.260559673800936622e+02
4.654654654654654666e-01 1.255469993972328666e+02
4.684684684684684575e-01 1.250434997901285499e+02
4.714714714714714483e-01 1.245453755052850795e+02
4.744744744744744946e-01 1.240525356501241561e+02
4.774774774774774855e-01 1.235648914295828575e+02
4.804804804804804763e-01 1.230823560849366771e+02
4.834834834834834671e-01 1.226048448347895885e+02
4.864864864864864580e-01 1.221322748181177502e+02
4.894894894894895043e-01 1.216645650392921283e+02
4.924924924924924952e-01 1.212016363150043645e+02
4.954954954954954860e-01 1.207434112230093319e+02
4.984984984984984768e-01 1.202898140526166486e+02
5.015015015015015232e-01 1.198407707568660925e+02
5.045045045045044585e-01 1.193962089063051053e+02
5.075075075075075048e-01 1.189560576443271884e+02
5.105105105105105512e-01 1.185202476439886397e+02
5.135135135135134865e-01 1.180887110662604016e+02
5.165165165165165329e-01 1.176613815196530908e+02
5.195195195195194682e-01 1.172381940211632809e+02
5.225225225225225145e-01 1.168190849584925104e+02
5.255255255255255609e-01 1.164039920534884232e+02
5.285285285285284962e-01 1.159928543267628527e+02
5.315315315315315425e-01 1.155856120634389583e+02
5.345345345345344779e-01 1.151822067799955249e+02
5.375375375375375242e-01 1.147825811921514969e+02
5.405405405405405705e-01 1.143866791837701555e+02
5.435435435435435059e-01 1.139944457767279999e+02
5.465465465465465522e-01 1.136058271017289059e+02
5.495495495495495986e-01 1.132207703700174335e+02
5.525525525525525339e-01 1.128392238459628629e+02
5.555555555555555802e-01 1.124611368204846258e+02
5.585585585585585155e-01 1.120864595852880257e+02
5.615615615615615619e-01 1.117151434078776475e+02
5.645645645645646082e-01 1.113471405073257472e+02
5.675675675675675436e-01 1.109824040307645703e+02
5.705705705705705899e-01 1.106208880305856752e+02
5.735735735735735252e-01 1.102625474423066692e+02
5.765765765765765716e-01 1.099073380631001982e+02
5.795795795795796179e-01 1.095552165309453869e+02
5.825825825825825532e-01 1.092061403043954044e+02
5.855855855855855996e-01 1.088600676429261540e+02
5.885885885885885349e-01 1.085169575878580730e+02
5.915915915915915813e-01 1.081767699438248087e+02
5.945945945945946276e-01 1.078394652607724709e+02
5.975975975975975629e-01 1.075050048164704464e+02
6.006006006006006093e-01 1.071733505995201625e+02
6.036036036036035446e-01 1.068444652928398426e+02
6.066066066066065909e-01 1.065183122576146388e+02
6.096096096096096373e-01 1.061948555176958564e+02
6.126126126126125726e-01 1.058740597444300988e+02
6.156156156156156189e-01 1.055558902419098644e+02
6.186186186186186653e-01 1.052403129326316815e+02
6.216216216216216006e-01 1.049272943435428544e+02
6.246246246246246470e-01 1.046168015924716030e+02
6.276276276276275823e-01 1.043088023749243263e+02
6.306306306306306286e-01 1.040032649512386200e+02
6.336336336336336750e-01 1.037001581340818319e+02
6.366366366366366103e-01 1.033994512762842675e+02
6.396396396396396566e-01 1.031011142589949685e+02
6.426426426426425920e-01 1.028051174801521199e+02
6.456456456456456383e-01 1.025114318432578102e+02
6.486486486486486847e-01 1.022200287464460899e+02
6.516516516516516200e-01 1.019308800718361283e+02
6.546546546546546663e-01 1.016439581751675263e+02
6.576576576576576016e-01 1.013592358756938836e+02
6.606606606606606480e-01 1.010766864463460308e+02
6.636636636636636943e-01 1.007962836041442500e+02
6.666666666666666297e-01 1.005180015008542966e+02
6.696696696696696760e-01 1.002418147138807001e+02
6.726726726726726113e-01 9.996769823739347771e+01
6.756756756756756577e-01 9.969562747367604061e+01
6.786786786786787040e-01 9.942557822468950235e+01
6.816816816816816393e-01 9.915752668385043478e+01
6.846846846846846857e-01 9.889144942801041793e+01
6.876876876876877320e-01 9.862732340963441402e+01
6.906906906906906674e-01 9.836512594917505226e+01
6.936936936936937137e-01 9.810483472762837209e+01
6.966966966966966490e-01 9.784642777927786028e+01
6.996996996996996954e-01 9.758988348460952977e+01
7.027027027027027417e-01 9.733518056340192004e+01
7.057057057057056770e-01 9.708229806798308914e+01
7.087087087087087234e-01 9.683121537664582945e+01
7.117117117117116587e-01 9.658191218722535609e+01
7.147147147147147050e-01 9.633436851082603880e+01
7.177177177177177514e-01 9.608856466569989152e+01
7.207207207207206867e-01 9.584448127126744055e+01
7.237237237237237331e-01 9.560209924227955014e+01
7.267267267267266684e-01 9.536139978311857135e+01
7.297297297297297147e-01 9.512236438222775803e+01
7.327327327327327611e-01 9.488497480667497541e+01
7.357357357357356964e-01 9.464921309683992945e+01
7.387387387387387427e-01 9.441506156122277105e+01
7.417417417417417891e-01 9.418250277137379101e+01
7.447447447447447244e-01 9.395151955693893342e+01
7.477477477477477708e-01 9.372209500081669376e+01
7.507507507507507061e-01 9.349421243442614582e+01
7.537537537537537524e-01 9.326785543308071169e+01
7.567567567567567988e-01 9.304300781146842780e+01
7.597597597597597341e-01 9.281965361922998170e+01
7.627627627627627804e-01 9.259777713663787324e+01
7.657657657657657158e-01 9.237736287037243699e+01
7.687687687687687621e-01 9.215839554938708034e+01
7.717717717717718084e-01 9.194086012087129234e+01
7.747747747747747438e-01 9.172474174629691390e+01
7.777777777777777901e-01 9.151002579755139266e+01
7.807807807807807254e-01 9.129669785316127673e+01
7.837837837837837718e-01 9.108474369458841124e+01
7.867867867867868181e-01 9.087414930261493851e+01
7.897897897897897534e-01 9.066490085380034714e+01
7.927927927927927998e-01 9.045698471701759047e+01
7.957957957957957351e-01 9.025038745006274610e+01
7.987987987987987815e-01 9.004509579633678129e+01
8.018018018018018278e-01 8.984109668159666739e+01
8.048048048048047631e-01 8.963837721077888432e+01
8.078078078078078095e-01 8.943692466488364801e+01
8.108108108108108558e-01 8.923672649793192591e+01
8.138138138138137911e-01 8.903777033398051799e+01
8.168168168168168375e-01 8.884004396420048977e+01
8.198198198198197728e-01 8.864353534402046364e+01
8.228228228228228192e-01 8.844823259032199303e+01
8.258258258258258655e-01 8.825412397869915537e+01
8.288288288288288008e-01 8.806119794077009999e+01
8.318318318318318472e-01 8.786944306154623519e+01
8.348348348348347825e-01 8.767884807685420867e+01
8.378378378378378288e-01 8.748940187080954445e+01
8.408408408408408752e-01 8.730109347334327197e+01
8.438438438438438105e-01 8.711391205777650271e+01
8.468468468468468568e-01 8.692784693844491528e+01
8.498498498498497922e-01 8.674288756837016479e+01
8.528528528528528385e-01 8.655902353697888429e+01
8.558558558558558849e-01 8.637624456786663529e+01
8.588588588588588202e-01 8.619454051660531491e+01
8.618618618618618665e-01 8.601390136859373570e+01
8.648648648648649129e-01 8.583431723695397864e+01
8.678678678678678482e-01 8.565577836046394111e+01
8.708708708708708945e-01 8.547827510153304331e+01
8.738738738738738299e-01 8.530179794421863448e+01
8.768768768768768762e-01 8.512633749227808266e+01
8.798798798798799226e-01 8.495188446725940423e+01
8.828828828828828579e-01 8.477842970663209599e+01
8.858858858858859042e-01 8.460596416194663050e+01
8.888888888888888395e-01 8.443447889703779197e+01
8.918918918918918859e-01 8.426396508625556692e+01
8.948948948948949322e-01 8.409441401273322469e+01
8.978978978978978676e-01 8.392581706668700292e+01
9.009009009009009139e-01 8.375816574374869106e+01
9.039039039039038492e-01 8.359145164332831257e+01
9.069069069069068956e-01 8.342566646700997524e+01
9.099099099099099419e-01 8.326080201697428151e+01
9.129129129129128772e-01 8.309685019445359444e+01
9.159159159159159236e-01 8.293380299821421886e+01
9.189189189189188589e-01 8.277165252306578225e+01
9.219219219219219053e-01 8.261039095840199309e+01
9.249249249249249516e-01 8.245001058676301398e+01
9.279279279279278869e-01 8.229050378242838804e+01
9.309309309309309333e-01 8.213186301003349854e+01
9.339339339339339796e-01 8.197408082321328493e+01
9.369369369369369149e-01 8.181714986326720407e+01
9.399399399399399613e-01 8.166106285785265584e+01
9.429429429429428966e-01 8.150581261969770708e+01
9.459459459459459429e-01 8.135139204534156931e+01
9.489489489489489893e-01 8.119779411389305324e+01
9.519519519519519246e-01 8.104501188581441795e+01
9.549549549549549710e-01 8.089303850172619548e+01
9.579579579579579063e-01 8.074186718123245043e+01
9.609609609609609526e-01 8.059149122176776814e+01
9.639639639639639990e-01 8.044190399746383946e+01
9.669669669669669343e-01 8.029309895803670827e+01
9.699699699699699806e-01 8.014506962769371512e+01
9.729729729729729160e-01 7.999780960405774977e+01
9.759759759759759623e-01 7.985131255711360154e+01
9.789789789789790087e-01 7.970557222816989906e+01
9.819819819819819440e-01 7.956058242883867138e+01
9.849849849849849903e-01 7.941633704003535854e+01
9.879879879879879256e-01 7.927283001099416992e+01
9.909909909909909720e-01 7.913005535830042447e+01
9.939939939939940183e-01 7.898800716493937557e+01
9.969969969969969537e-01 7.884667957936177629e+01
1.000000000000000000e+00 7.870606681456612819e+01
1.003003003003003046e+00 7.856616314719396144e+01
1.006006006006006093e+00 7.842696291664421437e+01
1.009009009009008917e+00 7.828846052419785906e+01
1.012012012012011963e+00 7.815065043216146989e+01
1.015015015015015010e+00 7.801352716302399415e+01
1.018018018018018056e+00 7.787708529862563012e+01
1.021021021021021102e+00 7.774131947934270670e+01
1.024024024024023927e+00 7.760622440328619120e+01
1.027027027027026973e+00 7.747179482551210583e+01
1.030030030030030019e+00 7.733802555724500394e+01
1.033033033033033066e+00 7.720491146511773195e+01
1.036036036036036112e+00 7.707244747041676192e+01
1.039039039039038936e+00 7.694062854834781717e+01
1.042042042042041983e+00 7.680944972730758025e+01
1.045045045045045029e+00 7.667890608817079112e+01
1.048048048048048075e+00 7.654899276358527516e+01
1.051051051051051122e+00 7.641970493728402403e+01
1.054054054054053946e+00 7.629103784340210836e+01
1.057057057057056992e+00 7.616298676581010341e+01
1.060060060060060039e+00 7.603554703745207632e+01
1.063063063063063085e+00 7.590871403970231768e+01
1.066066066066066131e+00 7.578248320172440344e+01
1.069069069069068956e+00 7.565684999984534898e+01
1.072072072072072002e+00 7.553180995693730893e+01
1.075075075075075048e+00 7.540735864181129955e+01
1.078078078078078095e+00 7.528349166861860908e+01
1.081081081081081141e+00 7.516020469626161571e+01
1.084084084084083965e+00 7.503749342781487996e+01
1.087087087087087012e+00 7.491535360995615633e+01
1.090090090090090058e+00 7.479378103240246389e+01
1.093093093093093104e+00 7.467277152736077994e+01
1.096096096096096151e+00 7.455232096898070893e+01
1.099099099099099197e+00 7.443242527282127696e+01
1.102102102102102021e+00 7.431308039532335386e+01
1.105105105105105068e+00 7.419428233328892475e+01
1.108108108108108114e+00 7.407602712337175888e+01
1.111111111111111160e+00 7.395831084157401847e+01
1.114114114114114207e+00 7.384112960274914883e+01
1.117117117117117031e+00 7.372447956011458814e+01
1.120120120120120077e+00 7.360835690477169635e+01
1.123123123123123124e+00 7.349275786523212162e+01
1.126126126126126170e+00 7.337767870695095951e+01
1.129129129129129216e+00 7.326311573186765713e+01
1.132132132132132041e+00 7.314906527795504587e+01
1.135135135135135087e+00 7.303552371877269422e+01
1.138138138138138133e+00 7.292248746302779239e+01
1.141141141141141180e+00 7.280995295414396651e+01
1.144144144144144226e+00 7.269791666983508094e+01
1.147147147147147050e+00 7.258637512168533590e+01
1.150150150150150097e+00 7.247532485473685426e+01
1.153153153153153143e+00 7.236476244708119054e+01
1.156156156156156189e+00 7.225468450945970744e+01
1.159159159159159236e+00 7.214508768486683721e+01
1.162162162162162060e+00 7.203596864816246637e+01
1.165165165165165106e+00 7.192732410568521573e+01
1.168168168168168153e+00 7.181915079487791331e+01
1.171171171171171199e+00 7.171144548391121987e+01
1.174174174174174246e+00 7.160420497132032835e+01
1.177177177177177070e+00 7.149742608563835233e+01
1.180180180180180116e+00 7.139110568504428045e+01
1.183183183183183163e+00 7.128524065700760559e+01
1.186186186186186209e+00 7.117982791794428010e+01
1.189189189189189255e+00 7.107486441287349521e+01
1.192192192192192080e+00 7.097034711508187854e+01
1.195195195195195126e+00 7.086627302579202592e+01
1.198198198198198172e+00 7.076263917383330693e+01
1.201201201201201219e+00 7.065944261532203541e+01
1.204204204204204265e+00 7.055668043334125628e+01
1.207207207207207089e+00 7.045434973762846198e+01
1.210210210210210136e+00 7.035244766426605167e+01
1.213213213213213182e+00 7.025097137537647995e+01
1.216216216216216228e+00 7.014991805882242204e+01
1.219219219219219275e+00 7.004928492790973849e+01
1.222222222222222321e+00 6.994906922109561265e+01
1.225225225225225145e+00 6.984926820170086614e+01
1.228228228228228192e+00 6.974987915762503121e+01
1.231231231231231238e+00 6.965089940106712163e+01
1.234234234234234284e+00 6.955232626824859210e+01
1.237237237237237331e+00 6.945415711914148460e+01
1.240240240240240155e+00 6.935638933719916110e+01
1.243243243243243201e+00 6.925902032909108641e+01
1.246246246246246248e+00 6.916204752444238579e+01
1.249249249249249294e+00 6.906546837557499430e+01
1.252252252252252340e+00 6.896928035725349559e+01
1.255255255255255165e+00 6.887348096643476936e+01
1.258258258258258211e+00 6.877806772201957131e+01
1.261261261261261257e+00 6.868303816460930022e+01
1.264264264264264304e+00 6.858838985626435658e+01
1.267267267267267350e+00 6.849412038026702021e+01
1.270270270270270174e+00 6.840022734088664436e+01
1.273273273273273221e+00 6.830670836314837402e+01
1.276276276276276267e+00 6.821356109260530332e+01
1.279279279279279313e+00 6.812078319511283553e+01
1.282282282282282360e+00 6.802837235660662429e+01
1.285285285285285184e+00 6.793632628288352748e+01
1.288288288288288230e+00 6.784464269938486325e+01
1.291291291291291277e+00 6.775331935098321878e+01
1.294294294294294323e+00 6.766235400177158965e+01
1.297297297297297369e+00 6.757174443485595816e+01
1.300300300300300194e+00 6.748148845214896596e+01
1.303303303303303240e+00 6.739158387416829044e+01
1.306306306306306286e+00 6.730202853983738009e+01
1.309309309309309333e+00 6.721282030628638893e+01
1.312312312312312379e+00 6.712395704865888035e+01
1.315315315315315203e+00 6.703543665991894329e+01
1.318318318318318250e+00 6.694725705066231569e+01
1.321321321321321296e+00 6.685941614892830387e+01
1.324324324324324342e+00 6.677191190001485666e+01
1.327327327327327389e+00 6.668474226629658119e+01
1.330330330330330213e+00 6.659790522704504667e+01
1.333333333333333259e+00 6.651139877824924440e+01
1.336336336336336306e+00 6.642522093244242853e+01
1.339339339339339352e+00 6.633936971852598674e+01
1.342342342342342398e+00 6.625384318160097052e+01
1.345345345345345223e+00 6.616863938279772128e+01
1.348348348348348269e+00 6.608375639910849486e+01
1.351351351351351315e+00 6.599919232322427831e+01
1.354354354354354362e+00 6.591494526337058346e+01
1.357357357357357408e+00 6.583101334314885378e+01
1.360360360360360454e+00 6.574739470137490116e+01
1.363363363363363279e+00 6.566408749192513028e+01
1.366366366366366325e+00 6.558108988358007707e+01
1.369369369369369371e+00 6.549840005987270786e+01
1.372372372372372418e+00 6.541601621893676111e+01
1.375375375375375464e+00 6.533393657335815874e+01
1.378378378378378288e+00 6.525215935002826484e+01
1.381381381381381335e+00 6.517068278999715858e+01
1.384384384384384381e+00 6.508950514833205148e+01
1.387387387387387427e+00 6.500862469397395671e+01
1.390390390390390474e+00 6.492803970959847959e+01
1.393393393393393298e+00 6.484774849147703435e+01
1.396396396396396344e+00 6.476774934934023520e+01
1.399399399399399391e+00 6.468804060624361796e+01
1.402402402402402437e+00 6.460862059843303484e+01
1.405405405405405483e+00 6.452948767521419882e+01
1.408408408408408308e+00 6.445064019882170214e+01
1.411411411411411354e+00 6.437207654429121817e+01
1.414414414414414400e+00 6.429379509933129100e+01
1.417417417417417447e+00 6.421579426419921788e+01
1.420420420420420493e+00 6.413807245157629211e+01
1.423423423423423317e+00 6.406062808644523443e+01
1.426426426426426364e+00 6.398345960597006865e+01
1.429429429429429410e+00 6.390656545937511623e+01
1.432432432432432456e+00 6.382994410782787043e+01
1.435435435435435503e+00 6.375359402432201961e+01
1.438438438438438327e+00 6.367751369356223989e+01
1.441441441441441373e+00 6.360170161184948512e+01
1.444444444444444420e+00 6.352615628696875660e+01
1.447447447447447466e+00 6.345087623807821586e+01
1.450450450450450512e+00 6.337585999559859573e+01
1.453453453453453337e+00 6.330110610110425284e+01
1.456456456456456383e+00 6.322661310721620964e+01
1.459459459459459429e+00 6.315237957749589981e+01
1.462462462462462476e+00 6.307840408633962426e+01
1.465465465465465522e+00 6.300468521887550821e+01
1.468468468468468346e+00 6.293122157086041568e+01
1.471471471471471393e+00 6.285801174857887474e+01
1.474474474474474439e+00 6.278505436874314682e+01
1.477477477477477485e+00 6.271234805839306148e+01
1.480480480480480532e+00 6.263989145479914100e+01
1.483483483483483578e+00 6.256768320536630057e+01
1.486486486486486402e+00 6.249572196753599229e+01
1.489489489489489449e+00 6.242400640869428230e+01
1.492492492492492495e+00 6.235253520607699329e+01
1.495495495495495542e+00 6.228130704667641737e+01
1.498498498498498588e+00 6.221032062715222111e+01
1.501501501501501412e+00 6.213957465373916023e+01
1.504504504504504458e+00 6.206906784215807704e+01
1.507507507507507505e+00 6.199879891752885896e+01
1.510510510510510551e+00 6.192876661428133644e+01
1.513513513513513598e+00 6.185896967607025232e+01
1.516516516516516422e+00 6.178940685568917246e+01
1.519519519519519468e+00 6.172007691498658488e+01
1.522522522522522515e+00 6.165097862478193491e+01
1.525525525525525561e+00 6.158211076478375645e+01
1.528528528528528607e+00 6.151347212350765403e+01
1.531531531531531432e+00 6.144506149819480356e+01
1.534534534534534478e+00 6.137687769473418342e+01
1.537537537537537524e+00 6.130891952758148022e+01
1.540540540540540571e+00 6.124118581968274810e+01
1.543543543543543617e+00 6.117367540239573032e+01
1.546546546546546441e+00 6.110638711541466961e+01
1.549549549549549488e+00 6.103931980669437962e+01
1.552552552552552534e+00 6.097247233237579422e+01
1.555555555555555580e+00 6.090584355671112604e+01
1.558558558558558627e+00 6.083943235199292587e+01
1.561561561561561451e+00 6.077323759847927676e+01
1.564564564564564497e+00 6.070725818432447340e+01
1.567567567567567544e+00 6.064149300550676713e+01
1.570570570570570590e+00 6.057594096575940057e+01
1.573573573573573636e+00 6.051060097650164238e+01
1.576576576576576461e+00 6.044547195676904039e+01
1.579579579579579507e+00 6.038055283314748323e+01
1.582582582582582553e+00 6.031584253970464715e+01
1.585585585585585600e+00 6.025134001792498850e+01
1.588588588588588646e+00 6.018704421664376980e+01
1.591591591591591470e+00 6.012295409198199536e+01
1.594594594594594517e+00 6.005906860728243402e+01
1.597597597597597563e+00 5.999538673304695635e+01
1.600600600600600609e+00 5.993190744687192506e+01
1.603603603603603656e+00 5.986862973338813276e+01
1.606606606606606702e+00 5.980555258419868636e+01
1.609609609609609526e+00 5.974267499781687007e+01
1.612612612612612573e+00 5.967999597960854885e+01
1.615615615615615619e+00 5.961751454173003140e+01
1.618618618618618665e+00 5.955522970307121966e+01
1.621621621621621712e+00 5.949314048919622167e+01
1.624624624624624536e+00 5.943124593228611730e+01
1.627627627627627582e+00 5.936954507108180934e+01
1.630630630630630629e+00 5.930803695082753535e+01
1.633633633633633675e+00 5.924672062321462818e+01
1.636636636636636721e+00 5.918559514632725893e+01
1.639639639639639546e+00 5.912465958458679438e+01
1.642642642642642592e+00 5.906391300869803018e+01
1.645645645645645638e+00 5.900335449559513279e+01
1.648648648648648685e+00 5.894298312838972720e+01
1.651651651651651731e+00 5.888279799631715150e+01
1.654654654654654555e+00 5.882279819468536175e+01
1.657657657657657602e+00 5.876298282482269997e+01
1.660660660660660648e+00 5.870335099402809931e+01
1.663663663663663694e+00 5.864390181552008130e+01
1.666666666666666741e+00 5.858463440838681180e+01
1.669669669669669565e+00 5.852554789753669695e+01
1.672672672672672611e+00 5.846664141365056366e+01
1.675675675675675658e+00 5.840791409313182925e+01
1.678678678678678704e+00 5.834936507805967665e+01
1.681681681681681750e+00 5.829099351614108571e+01
1.684684684684684575e+00 5.823279856066478288e+01
1.687687687687687621e+00 5.817477937045398306e+01
1.690690690690690667e+00 5.811693510982107114e+01
1.693693693693693714e+00 5.805926494852113962e+01
1.696696696696696760e+00 5.800176806170823340e+01
1.699699699699699584e+00 5.794444362989018771e+01
1.702702702702702631e+00 5.788729083888404148e+01
1.705705705705705677e+00 5.783030887977338352e+01
1.708708708708708723e+00 5.777349694886431308e+01
1.711711711711711770e+00 5.771685424764263672e+01
1.714714714714714594e+00 5.766037998273220921e+01
1.717717717717717640e+00 5.760407336585168281e+01
1.720720720720720687e+00 5.754793361377409155e+01
1.723723723723723733e+00 5.749195994828561851e+01
1.726726726726726779e+00 5.743615159614414267e+01
1.729729729729729826e+00 5.738050778903956939e+01
1.732732732732732650e+00 5.732502776355291019e+01
1.735735735735735696e+00 5.726971076111857428e+01
1.738738738738738743e+00 5.721455602798352658e+01
1.741741741741741789e+00 5.715956281516846360e+01
1.744744744744744835e+00 5.710473037843100741e+01
1.747747747747747660e+00 5.705005797822627756e+01
1.750750750750750706e+00 5.699554487966951655e+01
1.753753753753753752e+00 5.694119035249880056e+01
1.756756756756756799e+00 5.688699367103853888e+01
1.759759759759759845e+00 5.683295411416262510e+01
1.762762762762762669e+00 5.677907096525771635e+01
1.765765765765765716e+00 5.672534351218853033e+01
1.768768768768768762e+00 5.667177104726066972e+01
1.771771771771771808e+00 5.661835286718736171e+01
1.774774774774774855e+00 5.656508827305283660e+01
1.777777777777777679e+00 5.651197657027938703e+01
1.780780780780780725e+00 5.645901706859162772e+01
1.783783783783783772e+00 5.640620908198413730e+01
1.786786786786786818e+00 5.635355192868681229e+01
1.789789789789789864e+00 5.630104493113209685e+01
1.792792792792792689e+00 5.624868741592196386e+01
1.795795795795795735e+00 5.619647871379596893e+01
1.798798798798798781e+00 5.614441815959762749e+01
1.801801801801801828e+00 5.609250509224381176e+01
1.804804804804804874e+00 5.604073885469252048e+01
1.807807807807807698e+00 5.598911879391094715e+01
1.810810810810810745e+00 5.593764426084555907e+01
1.813813813813813791e+00 5.588631461039064874e+01
1.816816816816816837e+00 5.583512920135735413e+01
1.819819819819819884e+00 5.578408739644473968e+01
1.822822822822822708e+00 5.573318856220877393e+01
1.825825825825825754e+00 5.568243206903283493e+01
1.828828828828828801e+00 5.563181729109901141e+01
1.831831831831831847e+00 5.558134360635801130e+01
1.834834834834834894e+00 5.553101039650128712e+01
1.837837837837837718e+00 5.548081704693191085e+01
1.840840840840840764e+00 5.543076294673624460e+01
1.843843843843843811e+00 5.538084748865647100e+01
1.846846846846846857e+00 5.533107006906197967e+01
1.849849849849849903e+00 5.528143008792247315e+01
1.852852852852852727e+00 5.523192694878054709e+01
1.855855855855855774e+00 5.518256005872457592e+01
1.858858858858858820e+00 5.513332882836198223e+01
1.861861861861861867e+00 5.508423267179300353e+01
1.864864864864864913e+00 5.503527100658359217e+01
1.867867867867867959e+00 5.498644325374039710e+01
1.870870870870870784e+00 5.493774883768443829e+01
1.873873873873873830e+00 5.488918718622525716e+01
1.876876876876876876e+00 5.484075773053629632e+01
1.879879879879879923e+00 5.479245990512890074e+01
1.882882882882882969e+00 5.474429314782879885e+01
1.885885885885885793e+00 5.469625689974959215e+01
1.888888888888888840e+00 5.464835060527002497e+01
1.891891891891891886e+00 5.460057371200837650e+01
1.894894894894894932e+00 5.455292567079964527e+01
1.897897897897897979e+00 5.450540593567142622e+01
1.900900900900900803e+00 5.445801396381959592e+01
1.903903903903903849e+00 5.441074921558583100e+01
1.906906906906906896e+00 5.436361115443431657e+01
1.909909909909909942e+00 5.431659924692844754e+01
1.912912912912912988e+00 5.426971296270814804e+01
1.915915915915915813e+00 5.422295177446758174e+01
1.918918918918918859e+00 5.417631515793336661e+01
1.921921921921921905e+00 5.412980259184040932e+01
1.924924924924924952e+00 5.408341355791292671e+01
1.927927927927927998e+00 5.403714754083967620e+01
1.930930930930930822e+00 5.399100402825475697e+01
1.933933933933933869e+00 5.394498251071522787e+01
1.936936936936936915e+00 5.389908248167942162e+01
1.939939939939939961e+00 5.385330343748740489e+01
1.942942942942943008e+00 5.380764487733853230e+01
1.945945945945945832e+00 5.376210630327206985e+01
1.948948948948948878e+00 5.371668722014606345e+01
1.951951951951951925e+00 5.367138713561757868e+01
1.954954954954954971e+00 5.362620556012202400e+01
1.957957957957958017e+00 5.358114200685368189e+01
1.960960960960960842e+00 5.353619599174583499e+01
1.963963963963963888e+00 5.349136703345097033e+01
1.966966966966966934e+00 5.344665465332192156e+01
1.969969969969969981e+00 5.340205837539206613e+01
1.972972972972973027e+00 5.335757772635637508e+01
1.975975975975975851e+00 5.331321223555323030e+01
1.978978978978978898e+00 5.326896143494400349e+01
1.981981981981981944e+00 5.322482485909679895e+01
1.984984984984984990e+00 5.318080204516567733e+01
1.987987987987988037e+00 5.313689253287434866e+01
1.990990990990991083e+00 5.309309586449661822e+01
1.993993993993993907e+00 5.304941158483944008e+01
1.996996996996996954e+00 5.300583924122437196e+01
2.000000000000000000e+00 5.296237838347066429e+01
2.003003003003002824e+00 5.291902856387691401e+01
2.006006006006006093e+00 5.287578933720471497e+01
2.009009009009008917e+00 5.283266026065999199e+01
2.012012012012012185e+00 5.278964089387818603e+01
2.015015015015015010e+00 5.274673079890479954e+01
2.018018018018017834e+00 5.270392954018049636e+01
2.021021021021021102e+00 5.266123668452384265e+01
2.024024024024023927e+00 5.261865180111436047e+01
2.027027027027027195e+00 5.257617446147712315e+01
2.030030030030030019e+00 5.253380423946561706e+01
2.033033033033032844e+00 5.249154071124648624e+01
2.036036036036036112e+00 5.244938345528289858e+01
2.039039039039038936e+00 5.240733205231940417e+01
2.042042042042042205e+00 5.236538608536543649e+01
2.045045045045045029e+00 5.232354513968014942e+01
2.048048048048047853e+00 5.228180880275783693e+01
2.051051051051051122e+00 5.224017666431132767e+01
2.054054054054053946e+00 5.219864831625732648e+01
2.057057057057057214e+00 5.215722335270150012e+01
2.060060060060060039e+00 5.211590136992357003e+01
2.063063063063062863e+00 5.207468196636245494e+01
2.066066066066066131e+00 5.203356474260164788e+01
2.069069069069068956e+00 5.199254930135474240e+01
2.072072072072072224e+00 5.195163524745021277e+01
2.075075075075075048e+00 5.191082218781852475e+01
2.078078078078077873e+00 5.187010973147715021e+01
2.081081081081081141e+00 5.182949748951607205e+01
2.084084084084083965e+00 5.178898507508473159e+01
2.087087087087087234e+00 5.174857210337729896e+01
2.090090090090090058e+00 5.170825819161998993e+01
2.093093093093092882e+00 5.166804295905649269e+01
2.096096096096096151e+00 5.162792602693475175e+01
2.099099099099098975e+00 5.158790701849369498e+01
2.102102102102102243e+00 5.154798555895020939e+01
2.105105105105105068e+00 5.150816127548494450e+01
2.108108108108107892e+00 5.146843379723063805e+01
2.111111111111111160e+00 5.142880275525780576e+01
2.114114114114113985e+00 5.138926778256307415e+01
2.117117117117117253e+00 5.134982851405517579e+01
2.120120120120120077e+00 5.131048458654357347e+01
2.123123123123122902e+00 5.127123563872491019e+01
2.126126126126126170e+00 5.123208131117097253e+01
2.129129129129128994e+00 5.119302124631632722e+01
2.132132132132132263e+00 5.115405508844582272e+01
2.135135135135135087e+00 5.111518248368297179e+01
2.138138138138137911e+00 5.107640307997710494e+01
2.141141141141141180e+00 5.103771652709222195e+01
2.144144144144144004e+00 5.099912247659435138e+01
2.147147147147147273e+00 5.096062058184037369e+01
2.150150150150150097e+00 5.092221049796589227e+01
2.153153153153152921e+00 5.088389188187403533e+01
2.156156156156156189e+00 5.084566439222363243e+01
2.159159159159159014e+00 5.080752768941786002e+01
2.162162162162162282e+00 5.076948143559350513e+01
2.165165165165165106e+00 5.073152529460823956e+01
2.168168168168167931e+00 5.069365893203134732e+01
2.171171171171171199e+00 5.065588201513129718e+01
2.174174174174174023e+00 5.061819421286526222e+01
2.177177177177177292e+00 5.058059519586867481e+01
2.180180180180180116e+00 5.054308463644325400e+01
2.183183183183183385e+00 5.050566220854735633e+01
2.186186186186186209e+00 5.046832758778524664e+01
2.189189189189189033e+00 5.043108045139582174e+01
2.192192192192192302e+00 5.039392047824293286e+01
2.195195195195195126e+00 5.035684734880432956e+01
2.198198198198198394e+00 5.031986074516223795e+01
2.201201201201201219e+00 5.028296035099223360e+01
2.204204204204204043e+00 5.024614585155337920e+01
2.207207207207207311e+00 5.020941693367840486e+01
2.210210210210210136e+00 5.017277328576374629e+01
2.213213213213213404e+00 5.013621459775892220e+01
2.216216216216216228e+00 5.009974056115785146e+01
2.219219219219219053e+00 5.006335086898766207e+01
2.222222222222222321e+00 5.002704521580060515e+01
2.225225225225225145e+00 4.999082329766289945e+01
2.228228228228228414e+00 4.995468481214662404e+01
2.231231231231231238e+00 4.991862945831899623e+01
2.234234234234234062e+00 4.988265693673372425e+01
2.237237237237237331e+00 4.984676694942137232e+01
2.240240240240240155e+00 4.981095919988040777e+01
2.243243243243243423e+00 4.977523339306796402e+01
2.246246246246246248e+00 4.973958923538982191e+01
2.249249249249249072e+00 4.970402643469323323e+01
2.252252252252252340e+00 4.966854470025616308e+01
2.255255255255255165e+00 4.963314374277922525e+01
2.258258258258258433e+00 4.959782327437650906e+01
2.261261261261261257e+00 4.956258300856730870e+01
2.264264264264264082e+00 4.952742266026702112e+01
2.267267267267267350e+00 4.949234194577832113e+01
2.270270270270270174e+00 4.945734058278311807e+01
2.273273273273273443e+00 4.942241829033365264e+01
2.276276276276276267e+00 4.938757478884406282e+01
2.279279279279279091e+00 4.935280980008246843e+01
2.282282282282282360e+00 4.931812304716174111e+01
2.285285285285285184e+00 4.928351425453213608e+01
2.288288288288288452e+00 4.924898314797254528e+01
2.291291291291291277e+00 4.921452945458285200e+01
2.294294294294294101e+00 4.918015290277509166e+01
2.297297297297297369e+00 4.914585322226623276e+01
2.300300300300300194e+00 4.911163014406978533e+01
2.303303303303303462e+00 4.907748340048783575e+01
2.306306306306306286e+00 4.904341272510356475e+01
2.309309309309309111e+00 4.900941785277310458e+01
2.312312312312312379e+00 4.897549851961797174e+01
2.315315315315315203e+00 4.894165446301764177e+01
2.318318318318318472e+00 4.890788542160132124e+01
2.321321321321321296e+00 4.887419113524093461e+01
2.324324324324324120e+00 4.884057134504327990e+01
2.327327327327327389e+00 4.880702579334322166e+01
2.330330330330330213e+00 4.877355422369502946e+01
2.333333333333333481e+00 4.874015638086645907e+01
2.336336336336336306e+00 4.870683201083063096e+01
2.339339339339339130e+00 4.867358086075883250e+01
2.342342342342342398e+00 4.864040267901394543e+01
2.345345345345345223e+00 4.860729721514237411e+01
2.348348348348348491e+00 4.857426421986777854e+01
2.351351351351351315e+00 4.854130344508353545e+01
2.354354354354354140e+00 4.850841464384624402e+01
2.357357357357357408e+00 4.847559757036822248e+01
2.360360360360360232e+00 4.844285198001146853e+01
2.363363363363363501e+00 4.841017762927942414e+01
2.366366366366366325e+00 4.837757427581203018e+01
2.369369369369369149e+00 4.834504167837741306e+01
2.372372372372372418e+00 4.831257959686617909e+01
2.375375375375375242e+00 4.828018779228421664e+01
2.378378378378378510e+00 4.824786602674657132e+01
2.381381381381381335e+00 4.821561406347065315e+01
2.384384384384384159e+00 4.818343166676989853e+01
2.387387387387387427e+00 4.815131860204666481e+01
2.390390390390390252e+00 4.811927463578702202e+01
2.393393393393393520e+00 4.808729953555359060e+01
2.396396396396396344e+00 4.805539306997924598e+01
2.399399399399399169e+00 4.802355500876112870e+01
2.402402402402402437e+00 4.799178512265439878e+01
2.405405405405405261e+00 4.796008318346581945e+01
2.408408408408408530e+00 4.792844896404793076e+01
2.411411411411411354e+00 4.789688223829276126e+01
2.414414414414414178e+00 4.786538278112605127e+01
2.417417417417417447e+00 4.783395036850065196e+01
2.420420420420420271e+00 4.780258477739118206e+01
2.423423423423423539e+00 4.777128578578813745e+01
2.426426426426426364e+00 4.774005317269136839e+01
2.429429429429429188e+00 4.770888671810494941e+01
2.432432432432432456e+00 4.767778620303095494e+01
2.435435435435435281e+00 4.764675140946390286e+01
2.438438438438438549e+00 4.761578212038501334e+01
2.441441441441441373e+00 4.758487811975642501e+01
2.444444444444444642e+00 4.755403919251557454e+01
2.447447447447447466e+00 4.752326512457009500e+01
2.450450450450450290e+00 4.749255570279136407e+01
2.453453453453453559e+00 4.746191071500955871e+01
2.456456456456456383e+00 4.743132995000821239e+01
2.459459459459459651e+00 4.740081319751889311e+01
2.462462462462462476e+00 4.737036024821499325e+01
2.465465465465465300e+00 4.733997089370733136e+01
2.468468468468468568e+00 4.730964492653836118e+01
2.471471471471471393e+00 4.727938214017681418e+01
2.474474474474474661e+00 4.724918232901282522e+01
2.477477477477477485e+00 4.721904528835209192e+01
2.480480480480480310e+00 4.718897081441134134e+01
2.483483483483483578e+00 4.715895870431303649e+01
2.486486486486486402e+00 4.712900875607978435e+01
2.489489489489489671e+00 4.709912076862975283e+01
2.492492492492492495e+00 4.706929454177156202e+01
2.495495495495495319e+00 4.703952987619918957e+01
2.498498498498498588e+00 4.700982657348706084e+01
2.501501501501501412e+00 4.698018443608469852e+01
2.504504504504504681e+00 4.695060326731256595e+01
2.507507507507507505e+00 4.692108287135674516e+01
2.510510510510510329e+00 4.689162305326426150e+01
2.513513513513513598e+00 4.686222361893757693e+01
2.516516516516516422e+00 4.683288437513127889e+01
2.519519519519519690e+00 4.680360512944569962e+01
2.522522522522522515e+00 4.677438569032367610e+01
2.525525525525525339e+00 4.674522586704436122e+01
2.528528528528528607e+00 4.671612546972026081e+01
2.531531531531531432e+00 4.668708430929119402e+01
2.534534534534534700e+00 4.665810219752034982e+01
2.537537537537537524e+00 4.662917894698990295e+01
2.540540540540540349e+00 4.660031437109579144e+01
2.543543543543543617e+00 4.657150828404409992e+01
2.546546546546546441e+00 4.654276050084583716e+01
2.549549549549549710e+00 4.651407083731307779e+01
2.552552552552552534e+00 4.648543911005419460e+01
2.555555555555555358e+00 4.645686513646958105e+01
2.558558558558558627e+00 4.642834873474734536e+01
2.561561561561561451e+00 4.639988972385915389e+01
2.564564564564564719e+00 4.637148792355539229e+01
2.567567567567567544e+00 4.634314315436168386e+01
2.570570570570570368e+00 4.631485523757414313e+01
2.573573573573573636e+00 4.628662399525500604e+01
2.576576576576576461e+00 4.625844925022909848e+01
2.579579579579579729e+00 4.623033082607930311e+01
2.582582582582582553e+00 4.620226854714202602e+01
2.585585585585585378e+00 4.617426223850426936e+01
2.588588588588588646e+00 4.614631172599798958e+01
2.591591591591591470e+00 4.611841683619788768e+01
2.594594594594594739e+00 4.609057739641541929e+01
2.597597597597597563e+00 4.606279323469653519e+01
2.600600600600600387e+00 4.603506417981675014e+01
2.603603603603603656e+00 4.600739006127723485e+01
2.606606606606606480e+00 4.597977070930161858e+01
2.609609609609609748e+00 4.595220595483109349e+01
2.612612612612612573e+00 4.592469562952144457e+01
2.615615615615615397e+00 4.589723956573875796e+01
2.618618618618618665e+00 4.586983759655548454e+01
2.621621621621621490e+00 4.584248955574710038e+01
2.624624624624624758e+00 4.581519527778810641e+01
2.627627627627627582e+00 4.578795459784841171e+01
2.630630630630630407e+00 4.576076735178935451e+01
2.633633633633633675e+00 4.573363337616007129e+01
2.636636636636636499e+00 4.570655250819426385e+01
2.639639639639639768e+00 4.567952458580609232e+01
2.642642642642642592e+00 4.565254944758669353e+01
2.645645645645645416e+00 4.562562693280074910e+01
2.648648648648648685e+00 4.559875688138250638e+01
2.651651651651651509e+00 4.557193913393285101e+01
2.654654654654654777e+00 4.554517353171524263e+01
2.657657657657657602e+00 4.551845991665233981e+01
2.660660660660660426e+00 4.549179813132274575e+01
2.663663663663663694e+00 4.546518801895747686e+01
2.666666666666666519e+00 4.543862942343624667e+01
2.669669669669669787e+00 4.541212218928434652e+01
2.672672672672672611e+00 4.538566616166922785e+01
2.675675675675675436e+00 4.535926118639699922e+01
2.678678678678678704e+00 4.533290710990928574e+01
2.681681681681681528e+00 4.530660377927958393e+01
2.684684684684684797e+00 4.528035104221032014e+01
2.687687687687687621e+00 4.525414874702926937e+01
2.690690690690690445e+00 4.522799674268659231e+01
2.693693693693693714e+00 4.520189487875132528e+01
2.696696696696696538e+00 4.517584300540817566e+01
2.699699699699699806e+00 4.514984097345440262e+01
2.702702702702702631e+00 4.512388863429685415e+01
2.705705705705705899e+00 4.509798583994859200e+01
2.708708708708708723e+00 4.507213244302523947e+01
2.711711711711711548e+00 4.504632829674285688e+01
2.714714714714714816e+00 4.502057325491436757e+01
2.717717717717717640e+00 4.499486717194612595e+01
2.720720720720720909e+00 4.496920990283543063e+01
2.723723723723723733e+00 4.494360130316725588e+01
2.726726726726726557e+00 4.491804122911092634e+01
2.729729729729729826e+00 4.489252953741782193e+01
2.732732732732732650e+00 4.486706608541756225e+01
2.735735735735735918e+00 4.484165073101572574e+01
2.738738738738738743e+00 4.481628333269026143e+01
2.741741741741741567e+00 4.479096374948948522e+01
2.744744744744744835e+00 4.476569184102796584e+01
2.747747747747747660e+00 4.474046746748447845e+01
2.750750750750750928e+00 4.471529048959913410e+01
2.753753753753753752e+00 4.469016076867008280e+01
2.756756756756756577e+00 4.466507816655060736e+01
2.759759759759759845e+00 4.464004254564714813e+01
2.762762762762762669e+00 4.461505376891545183e+01
2.765765765765765938e+00 4.459011169985844703e+01
2.768768768768768762e+00 4.456521620252318172e+01
2.771771771771771586e+00 4.454036714149822984e+01
2.774774774774774855e+00 4.451556438191064302e+01
2.777777777777777679e+00 4.449080778942392556e+01
2.780780780780780947e+00 4.446609723023437510e+01
2.783783783783783772e+00 4.444143257106912870e+01
2.786786786786786596e+00 4.441681367918326373e+01
2.789789789789789864e+00 4.439224042235704104e+01
2.792792792792792689e+00 4.436771266889347487e+01
2.795795795795795957e+00 4.434323028761532015e+01
2.798798798798798781e+00 4.431879314786299773e+01
2.801801801801801606e+00 4.429440111949157455e+01
2.804804804804804874e+00 4.427005407286849703e+01
2.807807807807807698e+00 4.424575187887064232e+01
2.810810810810810967e+00 4.422149440888212979e+01
2.813813813813813791e+00 4.419728153479190524e+01
2.816816816816816615e+00 4.417311312899049369e+01
2.819819819819819884e+00 4.414898906436850012e+01
2.822822822822822708e+00 4.412490921431323443e+01
2.825825825825825977e+00 4.410087345270690662e+01
2.828828828828828801e+00 4.407688165392369228e+01
2.831831831831831625e+00 4.405293369282777860e+01
2.834834834834834894e+00 4.402902944477016689e+01
2.837837837837837718e+00 4.400516878558738654e+01
2.840840840840840986e+00 4.398135159159802754e+01
2.843843843843843811e+00 4.395757773960085046e+01
2.846846846846846635e+00 4.393384710687246297e+01
2.849849849849849903e+00 4.391015957116503188e+01
2.852852852852852727e+00 4.388651501070340544e+01
2.855855855855855996e+00 4.386291330418341516e+01
2.858858858858858820e+00 4.383935433076930366e+01
2.861861861861861644e+00 4.381583797009140113e+01
2.864864864864864913e+00 4.379236410224382325e+01
2.867867867867867737e+00 4.376893260778252426e+01
2.870870870870871006e+00 4.374554336772240504e+01
2.873873873873873830e+00 4.372219626353556521e+01
2.876876876876876654e+00 4.369889117714915017e+01
2.879879879879879923e+00 4.367562799094277182e+01
2.882882882882882747e+00 4.365240658774646931e+01
2.885885885885886015e+00 4.362922685083832874e+01
2.888888888888888840e+00 4.360608866394287730e+01
2.891891891891891664e+00 4.358299191122835481e+01
2.894894894894894932e+00 4.355993647730469576e+01
2.897897897897897757e+00 4.353692224722141191e+01
2.900900900900901025e+00 4.351394910646551040e+01
2.903903903903903849e+00 4.349101694095960369e+01
2.906906906906906674e+00 4.346812563705905319e+01
2.909909909909909942e+00 4.344527508155088924e+01
2.912912912912912766e+00 4.342246516165090497e+01
2.915915915915916035e+00 4.339969576500208603e+01
2.918918918918918859e+00 4.337696677967231551e+01
2.921921921921921683e+00 4.335427809415228495e+01
2.924924924924924952e+00 4.333162959735390274e+01
2.927927927927927776e+00 4.330902117860775746e+01
2.930930930930931044e+00 4.328645272766134156e+01
2.933933933933933869e+00 4.326392413467686993e+01
2.936936936936936693e+00 4.324143529022954624e+01
2.939939939939939961e+00 4.321898608530581498e+01
2.942942942942942786e+00 4.319657641130068981e+01
2.945945945945946054e+00 4.317420616001641065e+01
2.948948948948948878e+00 4.315187522366020545e+01
2.951951951951952147e+00 4.312958349484232912e+01
2.954954954954954971e+00 4.310733086657448609e+01
2.957957957957957795e+00 4.308511723226786927e+01
2.960960960960961064e+00 4.306294248573066596e+01
2.963963963963963888e+00 4.304080652116697081e+01
2.966966966966967156e+00 4.301870923317438411e+01
2.969969969969969981e+00 4.299665051674249128e+01
2.972972972972972805e+00 4.297463026725069568e+01
2.975975975975976073e+00 4.295264838046675493e+01
2.978978978978978898e+00 4.293070475254440765e+01
2.981981981981982166e+00 4.290879928002220112e+01
2.984984984984984990e+00 4.288693185982130984e+01
2.987987987987987815e+00 4.286510238924359584e+01
2.990990990990991083e+00 4.284331076597018040e+01
2.993993993993993907e+00 4.282155688805944749e+01
2.996996996996997176e+00 4.279984065394558712e+01
3.000000000000000000e+00 4.277816196243615821e+01
