3.003003003003002977e-03 3.191601791692797860e+02
6.006006006006005954e-03 3.273025059134843673e+02
9.009009009009008931e-03 3.333323991891417108e+02
1.201201201201201191e-02 3.382552346801384715e+02
1.501501501501501488e-02 3.424727982937944262e+02
1.801801801801801786e-02 3.461936106481837214e+02
2.102102102102101910e-02 3.495419592536870255e+02
2.402402402402402382e-02 3.525987392407339485e+02
2.702702702702702853e-02 3.554199428705314858e+02
3.003003003003002977e-02 3.580461357024293534e+02
3.303303303303303101e-02 3.605077636513296397e+02
3.603603603603603572e-02 3.628283311306942664e+02
3.903903903903904044e-02 3.650264071075278025e+02
4.204204204204203821e-02 3.671169463276301030e+02
4.504504504504504292e-02 3.691121906122999690e+02
4.804804804804804763e-02 3.710223021328724826e+02
5.105105105105105234e-02 3.728558197316675091e+02
5.405405405405405705e-02 3.746199949801180651e+02
5.705705705705705483e-02 3.763210444244098198e+02
6.006006006006005954e-02 3.779643421229960154e+02
6.306306306306305731e-02 3.795545688140586549e+02
6.606606606606606202e-02 3.810958290313386669e+02
6.906906906906906674e-02 3.825917441634390457e+02
7.207207207207207145e-02 3.840455272037055465e+02
7.507507507507507616e-02 3.854600433875320391e+02
7.807807807807808087e-02 3.868378598260316608e+02
8.108108108108108558e-02 3.881812864693605434e+02
8.408408408408407642e-02 3.894924101718920610e+02
8.708708708708708113e-02 3.907731232201361422e+02
9.009009009009008584e-02 3.920251473790920045e+02
9.309309309309309055e-02 3.932500542836742170e+02
9.609609609609609526e-02 3.944492828281547077e+02
9.909909909909909997e-02 3.956241540735557010e+02
1.021021021021021047e-01 3.967758840901551025e+02
1.051051051051051094e-01 3.979055950721785280e+02
1.081081081081081141e-01 3.990143249988516345e+02
1.111111111111111049e-01 4.001030360662129510e+02
1.141141141141141097e-01 4.011726220744303646e+02
1.171171171171171144e-01 4.022239149235552418e+02
1.201201201201201191e-01 4.032576903449793235e+02
1.231231231231231238e-01 4.042746729750217014e+02
1.261261261261261146e-01 4.052755408600639839e+02
1.291291291291291332e-01 4.062609294686951671e+02
1.321321321321321240e-01 4.072314352748181818e+02
1.351351351351351426e-01 4.081876189661331296e+02
1.381381381381381335e-01 4.091300083244747725e+02
1.411411411411411521e-01 4.100591008178477637e+02
1.441441441441441429e-01 4.109753659384331854e+02
1.471471471471471337e-01 4.118792473161480530e+02
1.501501501501501523e-01 4.127711646333710860e+02
1.531531531531531432e-01 4.136515153630784312e+02
1.561561561561561617e-01 4.145206763497644147e+02
1.591591591591591526e-01 4.153790052500702359e+02
1.621621621621621712e-01 4.162268418479421257e+02
1.651651651651651620e-01 4.170645092573323609e+02
1.681681681681681528e-01 4.178923150238990161e+02
1.711711711711711714e-01 4.187105521358120086e+02
1.741741741741741623e-01 4.195194999526045194e+02
1.771771771771771808e-01 4.203194250599929092e+02
1.801801801801801717e-01 4.211105820577030840e+02
1.831831831831831903e-01 4.218932142865668879e+02
1.861861861861861811e-01 4.226675545004755463e+02
1.891891891891891997e-01 4.234338254881823218e+02
1.921921921921921905e-01 4.241922406494232405e+02
1.951951951951951814e-01 4.249430045293642593e+02
1.981981981981981999e-01 4.256863133149757346e+02
2.012012012012011908e-01 4.264223552965750059e+02
2.042042042042042094e-01 4.271513112974580508e+02
2.072072072072072002e-01 4.278733550742578586e+02
2.102102102102102188e-01 4.285886536904142758e+02
2.132132132132132096e-01 4.292973678649144631e+02
2.162162162162162282e-01 4.299996522982633564e+02
2.192192192192192191e-01 4.306956559774620814e+02
2.222222222222222099e-01 4.313855224616122541e+02
2.252252252252252285e-01 4.320693901496190961e+02
2.282282282282282193e-01 4.327473925313364020e+02
2.312312312312312379e-01 4.334196584233797012e+02
2.342342342342342287e-01 4.340863121907280515e+02
2.372372372372372473e-01 4.347474739551404923e+02
2.402402402402402382e-01 4.354032597913269456e+02
2.432432432432432290e-01 4.360537819117350864e+02
2.462462462462462476e-01 4.366991488407452380e+02
2.492492492492492384e-01 4.373394655790007164e+02
2.522522522522522292e-01 4.379748337585430704e+02
2.552552552552552756e-01 4.386053517893691378e+02
2.582582582582582664e-01 4.392311149979786364e+02
2.612612612612612573e-01 4.398522157584367847e+02
2.642642642642642481e-01 4.404687436164376209e+02
2.672672672672672389e-01 4.410807854068154370e+02
2.702702702702702853e-01 4.416884253649203060e+02
2.732732732732732761e-01 4.422917452322413396e+02
2.762762762762762669e-01 4.428908243566346528e+02
2.792792792792792578e-01 4.434857397874863523e+02
2.822822822822823041e-01 4.440765663661181861e+02
2.852852852852852950e-01 4.446633768117209229e+02
2.882882882882882858e-01 4.452462418030812046e+02
2.912912912912912766e-01 4.458252300563490849e+02
2.942942942942942675e-01 4.464004083990766389e+02
2.972972972972973138e-01 4.469718418407421723e+02
3.003003003003003046e-01 4.475395936399606285e+02
3.033033033033032955e-01 4.481037253685668702e+02
3.063063063063062863e-01 4.486642969727469676e+02
3.093093093093093326e-01 4.492213668313805783e+02
3.123123123123123235e-01 4.497749918117474976e+02
3.153153153153153143e-01 4.503252273227413411e+02
3.183183183183183051e-01 4.508721273657244524e+02
3.213213213213212960e-01 4.514157445831496034e+02
3.243243243243243423e-01 4.519561303050666083e+02
3.273273273273273332e-01 4.524933345936240130e+02
3.303303303303303240e-01 4.530274062856703949e+02
3.333333333333333148e-01 4.535583930335520790e+02
3.363363363363363057e-01 4.540863413441996954e+02
3.393393393393393520e-01 4.546112966165897546e+02
3.423423423423423428e-01 4.551333031776619578e+02
3.453453453453453337e-01 4.556524043167696618e+02
3.483483483483483245e-01 4.561686423187349533e+02
3.513513513513513709e-01 4.566820584955763707e+02
3.543543543543543617e-01 4.571926932169735665e+02
3.573573573573573525e-01 4.577005859395292759e+02
3.603603603603603434e-01 4.582057752348859481e+02
3.633633633633633342e-01 4.587082988167504141e+02
3.663663663663663805e-01 4.592081935668784354e+02
3.693693693693693714e-01 4.597054955600664812e+02
3.723723723723723622e-01 4.602002400881970630e+02
3.753753753753753530e-01 4.606924616833801451e+02
3.783783783783783994e-01 4.611821941402322977e+02
3.813813813813813902e-01 4.616694705373313923e+02
3.843843843843843811e-01 4.621543232578841298e+02
3.873873873873873719e-01 4.626367840096411896e+02
3.903903903903903627e-01 4.631168838440926834e+02
3.933933933933934091e-01 4.635946531749752921e+02
3.963963963963963999e-01 4.640701217961209295e+02
3.993993993993993907e-01 4.645433188986752384e+02
4.024024024024023816e-01 4.650142730877124109e+02
4.054054054054054279e-01 4.654830123982719670e+02
4.084084084084084187e-01 4.659495643108416516e+02
4.114114114114114096e-01 4.664139557663099254e+02
4.144144144144144004e-01 4.668762131804090245e+02
4.174174174174173912e-01 4.673363624576704751e+02
4.204204204204204376e-01 4.677944290049122174e+02
4.234234234234234284e-01 4.682504377442767236e+02
4.264264264264264193e-01 4.687044131258376183e+02
4.294294294294294101e-01 4.691563791397925343e+02
4.324324324324324564e-01 4.696063593282582360e+02
4.354354354354354473e-01 4.700543767966837549e+02
4.384384384384384381e-01 4.705004542248964867e+02
4.414414414414414289e-01 4.709446138777952910e+02
4.444444444444444198e-01 4.713868776157043499e+02
4.474474474474474661e-01 4.718272669044008580e+02
4.504504504504504570e-01 4.722658028248285405e+02
4.534534534534534478e-01 4.727025060825093874e+02
4.564564564564564386e-01 4.731373970166644085e+02
4.594594594594594295e-01 4.735704956090546034e+02
4.624624624624624758e-01 4.740018214925522670e+02
4.654654654654654666e-01 4.744313939594528051e+02
4.684684684684684575e-01 4.748592319695361539e+02
4.714714714714714483e-01 4.752853541578872978e+02
4.744744744744744946e-01 4.757097788424842406e+02
4.774774774774774855e-01 4.761325240315621272e+02
4.804804804804804763e-01 4.765536074307609056e+02
4.834834834834834671e-01 4.769730464500649987e+02
4.864864864864864580e-01 4.773908582105414666e+02
4.894894894894895043e-01 4.778070595508841620e+02
4.924924924924924952e-01 4.782216670337708706e+02
4.954954954954954860e-01 4.786346969520390644e+02
4.984984984984984768e-01 4.790461653346873732e+02
5.015015015015015232e-01 4.794560879527081738e+02
5.045045045045044585e-01 4.798644803247572099e+02
5.075075075075075048e-01 4.802713577226657549e+02
5.105105105105105512e-01 4.806767351768004914e+02
5.135135135135134865e-01 4.810806274812764514e+02
5.165165165165165329e-01 4.814830491990272776e+02
5.195195195195194682e-01 4.818840146667382669e+02
5.225225225225225145e-01 4.822835379996462279e+02
5.255255255255255609e-01 4.826816330962105326e+02
5.285285285285284962e-01 4.830783136426595092e+02
5.315315315315315425e-01 4.834735931174164421e+02
5.345345345345344779e-01 4.838674847954088136e+02
5.375375375375375242e-01 4.842600017522644862e+02
5.405405405405405705e-01 4.846511568683983455e+02
5.435435435435435059e-01 4.850409628329931593e+02
5.465465465465465522e-01 4.854294321478778329e+02
5.495495495495495986e-01 4.858165771313058485e+02
5.525525525525525339e-01 4.862024099216375816e+02
5.555555555555555802e-01 4.865869424809292241e+02
5.585585585585585155e-01 4.869701865984309848e+02
5.615615615615615619e-01 4.873521538939975244e+02
5.645645645645646082e-01 4.877328558214133523e+02
5.675675675675675436e-01 4.881123036716355159e+02
5.705705705705705899e-01 4.884905085759562553e+02
5.735735735735735252e-01 4.888674815090879520e+02
5.765765765765765716e-01 4.892432332921725902e+02
5.795795795795796179e-01 4.896177745957181742e+02
5.825825825825825532e-01 4.899911159424639209e+02
5.855855855855855996e-01 4.903632677101766717e+02
5.885885885885885349e-01 4.907342401343803431e+02
5.915915915915915813e-01 4.911040433110201207e+02
5.945945945945946276e-01 4.914726871990637846e+02
5.975975975975975629e-01 4.918401816230415307e+02
6.006006006006006093e-01 4.922065362755262754e+02
6.036036036036035446e-01 4.925717607195560390e+02
6.066066066066065909e-01 4.929358643909999955e+02
6.096096096096096373e-01 4.932988566008698967e+02
6.126126126126125726e-01 4.936607465375781771e+02
6.156156156156156189e-01 4.940215432691446722e+02
6.186186186186186653e-01 4.943812557453527461e+02
6.216216216216216006e-01 4.947398927998568183e+02
6.246246246246246470e-01 4.950974631522419713e+02
6.276276276276275823e-01 4.954539754100378559e+02
6.306306306306306286e-01 4.958094380706870652e+02
6.336336336336336750e-01 4.961638595234700233e+02
6.366366366366366103e-01 4.965172480513872415e+02
6.396396396396396566e-01 4.968696118330000786e+02
6.426426426426425920e-01 4.972209589442311426e+02
6.456456456456456383e-01 4.975712973601252997e+02
6.486486486486486847e-01 4.979206349565727123e+02
6.516516516516516200e-01 4.982689795119943028e+02
6.546546546546546663e-01 4.986163387089910657e+02
6.576576576576576016e-01 4.989627201359581932e+02
6.606606606606606480e-01 4.993081312886645833e+02
6.636636636636636943e-01 4.996525795717987535e+02
6.666666666666666297e-01 4.999960723004823535e+02
6.696696696696696760e-01 5.003386167017516186e+02
6.726726726726726113e-01 5.006802199160079567e+02
6.756756756756756577e-01 5.010208889984380107e+02
6.786786786786787040e-01 5.013606309204045601e+02
6.816816816816816393e-01 5.016994525708085462e+02
6.846846846846846857e-01 5.020373607574230164e+02
6.876876876876877320e-01 5.023743622081997842e+02
6.906906906906906674e-01 5.027104635725494859e+02
6.936936936936937137e-01 5.030456714225956603e+02
6.966966966966966490e-01 5.033799922544031915e+02
6.996996996996996954e-01 5.037134324891824804e+02
7.027027027027027417e-01 5.040459984744691155e+02
7.057057057057056770e-01 5.043776964852800688e+02
7.087087087087087234e-01 5.047085327252470961e+02
7.117117117117116587e-01 5.050385133277274008e+02
7.147147147147147050e-01 5.053676443568926970e+02
7.177177177177177514e-01 5.056959318087966722e+02
7.207207207207206867e-01 5.060233816124217014e+02
7.237237237237237331e-01 5.063499996307052697e+02
7.267267267267266684e-01 5.066757916615461568e+02
7.297297297297297147e-01 5.070007634387917506e+02
7.327327327327327611e-01 5.073249206332058634e+02
7.357357357357356964e-01 5.076482688534181875e+02
7.387387387387387427e-01 5.079708136468559019e+02
7.417417417417417891e-01 5.082925605006571459e+02
7.447447447447447244e-01 5.086135148425676107e+02
7.477477477477477708e-01 5.089336820418199636e+02
7.507507507507507061e-01 5.092530674099968451e+02
7.537537537537537524e-01 5.095716762018780059e+02
7.567567567567567988e-01 5.098895136162711310e+02
7.597597597597597341e-01 5.102065847968277694e+02
7.627627627627627804e-01 5.105228948328440879e+02
7.657657657657657158e-01 5.108384487600465604e+02
7.687687687687687621e-01 5.111532515613636747e+02
7.717717717717718084e-01 5.114673081676834272e+02
7.747747747747747438e-01 5.117806234585969491e+02
7.777777777777777901e-01 5.120932022631287737e+02
7.807807807807807254e-01 5.124050493604538588e+02
7.837837837837837718e-01 5.127161694806018204e+02
7.867867867867868181e-01 5.130265673051483191e+02
7.897897897897897534e-01 5.133362474678946228e+02
7.927927927927927998e-01 5.136452145555344941e+02
7.957957957957957351e-01 5.139534731083097086e+02
7.987987987987987815e-01 5.142610276206538629e+02
8.018018018018018278e-01 5.145678825418247015e+02
8.048048048048047631e-01 5.148740422765256426e+02
8.078078078078078095e-01 5.151795111855166169e+02
8.108108108108108558e-01 5.154842935862136528e+02
8.138138138138137911e-01 5.157883937532787968e+02
8.168168168168168375e-01 5.160918159191994619e+02
8.198198198198197728e-01 5.163945642748578848e+02
8.228228228228228192e-01 5.166966429700909202e+02
8.258258258258258655e-01 5.169980561142402848e+02
8.288288288288288008e-01 5.172988077766932520e+02
8.318318318318318472e-01 5.175989019874144788e+02
8.348348348348347825e-01 5.178983427374688517e+02
8.378378378378378288e-01 5.181971339795352378e+02
8.408408408408408752e-01 5.184952796284117085e+02
8.438438438438438105e-01 5.187927835615129197e+02
8.468468468468468568e-01 5.190896496193582834e+02
8.498498498498497922e-01 5.193858816060527488e+02
8.528528528528528385e-01 5.196814832897593988e+02
8.558558558558558849e-01 5.199764584031640879e+02
8.588588588588588202e-01 5.202708106439330322e+02
8.618618618618618665e-01 5.205645436751622128e+02
8.648648648648649129e-01 5.208576611258199591e+02
8.678678678678678482e-01 5.211501665911822556e+02
8.708708708708708945e-01 5.214420636332607728e+02
8.738738738738738299e-01 5.217333557812243043e+02
8.768768768768768762e-01 5.220240465318133829e+02
8.798798798798799226e-01 5.223141393497479612e+02
8.828828828828828579e-01 5.226036376681291813e+02
8.858858858858859042e-01 5.228925448888339815e+02
8.888888888888888395e-01 5.231808643829041330e+02
8.918918918918918859e-01 5.234685994909287956e+02
8.948948948948949322e-01 5.237557535234211628e+02
8.978978978978978676e-01 5.240423297611893076e+02
9.009009009009009139e-01 5.243283314557006634e+02
9.039039039039038492e-01 5.246137618294418417e+02
9.069069069069068956e-01 5.248986240762718580e+02
9.099099099099099419e-01 5.251829213617704681e+02
9.129129129129128772e-01 5.254666568235809336e+02
9.159159159159159236e-01 5.257498335717475584e+02
9.189189189189188589e-01 5.260324546890483361e+02
9.219219219219219053e-01 5.263145232313218003e+02
9.249249249249249516e-01 5.265960422277895532e+02
9.279279279279278869e-01 5.268770146813739075e+02
9.309309309309309333e-01 5.271574435690100700e+02
9.339339339339339796e-01 5.274373318419545740e+02
9.369369369369369149e-01 5.277166824260880276e+02
9.399399399399399613e-01 5.279954982222142235e+02
9.429429429429428966e-01 5.282737821063543606e+02
9.459459459459459429e-01 5.285515369300368320e+02
9.489489489489489893e-01 5.288287655205829196e+02
9.519519519519519246e-01 5.291054706813882831e+02
9.549549549549549710e-01 5.293816551922000144e+02
9.579579579579579063e-01 5.296573218093898276e+02
9.609609609609609526e-01 5.299324732662233828e+02
9.639639639639639990e-01 5.302071122731252899e+02
9.669669669669669343e-01 5.304812415179405889e+02
9.699699699699699806e-01 5.307548636661923638e+02
9.729729729729729160e-01 5.310279813613354918e+02
9.759759759759759623e-01 5.313005972250068680e+02
9.789789789789790087e-01 5.315727138572721060e+02
9.819819819819819440e-01 5.318443338368683726e+02
9.849849849849849903e-01 5.321154597214442674e+02
9.879879879879879256e-01 5.323860940477957229e+02
9.909909909909909720e-01 5.326562393320989486e+02
9.939939939939940183e-01 5.329258980701398514e+02
9.969969969969969537e-01 5.331950727375404995e+02
1.000000000000000000e+00 5.334637657899819487e+02
1.003003003003003046e+00 5.337319796634245677e+02
1.006006006006006093e+00 5.339997167743246109e+02
1.009009009009008917e+00 5.342669795198480642e+02
1.012012012012011963e+00 5.345337702780818745e+02
1.015015015015015010e+00 5.348000914082414283e+02
1.018018018018018056e+00 5.350659452508760978e+02
1.021021021021021102e+00 5.353313341280712621e+02
1.024024024024023927e+00 5.355962603436478275e+02
1.027027027027026973e+00 5.358607261833587927e+02
1.030030030030030019e+00 5.361247339150836524e+02
1.033033033033033066e+00 5.363882857890197329e+02
1.036036036036036112e+00 5.366513840378706846e+02
1.039039039039038936e+00 5.369140308770330421e+02
1.042042042042041983e+00 5.371762285047798287e+02
1.045045045045045029e+00 5.374379791024421138e+02
1.048048048048048075e+00 5.376992848345873881e+02
1.051051051051051122e+00 5.379601478491962325e+02
1.054054054054053946e+00 5.382205702778364866e+02
1.057057057057056992e+00 5.384805542358349157e+02
1.060060060060060039e+00 5.387401018224466043e+02
1.063063063063063085e+00 5.389992151210223028e+02
1.066066066066066131e+00 5.392578961991736151e+02
1.069069069069068956e+00 5.395161471089354563e+02
1.072072072072072002e+00 5.397739698869270342e+02
1.075075075075075048e+00 5.400313665545106687e+02
1.078078078078078095e+00 5.402883391179478849e+02
1.081081081081081141e+00 5.405448895685541402e+02
1.084084084084083965e+00 5.408010198828515058e+02
1.087087087087087012e+00 5.410567320227189612e+02
1.090090090090090058e+00 5.413120279355408684e+02
1.093093093093093104e+00 5.415669095543540834e+02
1.096096096096096151e+00 5.418213787979924518e+02
1.099099099099099197e+00 5.420754375712295996e+02
1.102102102102102021e+00 5.423290877649203594e+02
1.105105105105105068e+00 5.425823312561399234e+02
1.108108108108108114e+00 5.428351699083215181e+02
1.111111111111111160e+00 5.430876055713919186e+02
1.114114114114114207e+00 5.433396400819059409e+02
1.117117117117117031e+00 5.435912752631784315e+02
1.120120120120120077e+00 5.438425129254154626e+02
1.123123123123123124e+00 5.440933548658429117e+02
1.126126126126126170e+00 5.443438028688342456e+02
1.129129129129129216e+00 5.445938587060365990e+02
1.132132132132132041e+00 5.448435241364946933e+02
1.135135135135135087e+00 5.450928009067738458e+02
1.138138138138138133e+00 5.453416907510811598e+02
1.141141141141141180e+00 5.455901953913855778e+02
1.144144144144144226e+00 5.458383165375357748e+02
1.147147147147147050e+00 5.460860558873773698e+02
1.150150150150150097e+00 5.463334151268679761e+02
1.153153153153153143e+00 5.465803959301915711e+02
1.156156156156156189e+00 5.468269999598709319e+02
1.159159159159159236e+00 5.470732288668790488e+02
1.162162162162162060e+00 5.473190842907488332e+02
1.165165165165165106e+00 5.475645678596818016e+02
1.168168168168168153e+00 5.478096811906553967e+02
1.171171171171171199e+00 5.480544258895289431e+02
1.174174174174174246e+00 5.482988035511484668e+02
1.177177177177177070e+00 5.485428157594498089e+02
1.180180180180180116e+00 5.487864640875613986e+02
1.183183183183183163e+00 5.490297500979047527e+02
1.186186186186186209e+00 5.492726753422947468e+02
1.189189189189189255e+00 5.495152413620379548e+02
1.192192192192192080e+00 5.497574496880301922e+02
1.195195195195195126e+00 5.499993018408528087e+02
1.198198198198198172e+00 5.502407993308680716e+02
1.201201201201201219e+00 5.504819436583130710e+02
1.204204204204204265e+00 5.507227363133927156e+02
1.207207207207207089e+00 5.509631787763717057e+02
1.210210210210210136e+00 5.512032725176652548e+02
1.213213213213213182e+00 5.514430189979291299e+02
1.216216216216216228e+00 5.516824196681479862e+02
1.219219219219219275e+00 5.519214759697234740e+02
1.222222222222222321e+00 5.521601893345606413e+02
1.225225225225225145e+00 5.523985611851537669e+02
1.228228228228228192e+00 5.526365929346712846e+02
1.231231231231231238e+00 5.528742859870391158e+02
1.234234234234234284e+00 5.531116417370238878e+02
1.237237237237237331e+00 5.533486615703145617e+02
1.240240240240240155e+00 5.535853468636033767e+02
1.243243243243243201e+00 5.538216989846661136e+02
1.246246246246246248e+00 5.540577192924407655e+02
1.249249249249249294e+00 5.542934091371062095e+02
1.252252252252252340e+00 5.545287698601592865e+02
1.255255255255255165e+00 5.547638027944914256e+02
1.258258258258258211e+00 5.549985092644641327e+02
1.261261261261261257e+00 5.552328905859839097e+02
1.264264264264264304e+00 5.554669480665760375e+02
1.267267267267267350e+00 5.557006830054580178e+02
1.270270270270270174e+00 5.559340966936114228e+02
1.273273273273273221e+00 5.561671904138538594e+02
1.276276276276276267e+00 5.563999654409093409e+02
1.279279279279279313e+00 5.566324230414786598e+02
1.282282282282282360e+00 5.568645644743081675e+02
1.285285285285285184e+00 5.570963909902583282e+02
1.288288288288288230e+00 5.573279038323715895e+02
1.291291291291291277e+00 5.575591042359390030e+02
1.294294294294294323e+00 5.577899934285667314e+02
1.297297297297297369e+00 5.580205726302414178e+02
1.300300300300300194e+00 5.582508430533949877e+02
1.303303303303303240e+00 5.584808059029687684e+02
1.306306306306306286e+00 5.587104623764768121e+02
1.309309309309309333e+00 5.589398136640687653e+02
1.312312312312312379e+00 5.591688609485916004e+02
1.315315315315315203e+00 5.593976054056514613e+02
1.318318318318318250e+00 5.596260482036740314e+02
1.321321321321321296e+00 5.598541905039647872e+02
1.324324324324324342e+00 5.600820334607684572e+02
1.327327327327327389e+00 5.603095782213275697e+02
1.330330330330330213e+00 5.605368259259411161e+02
1.333333333333333259e+00 5.607637777080216210e+02
1.336336336336336306e+00 5.609904346941524409e+02
1.339339339339339352e+00 5.612167980041441524e+02
1.342342342342342398e+00 5.614428687510901455e+02
1.345345345345345223e+00 5.616686480414218750e+02
1.348348348348348269e+00 5.618941369749636578e+02
1.351351351351351315e+00 5.621193366449865607e+02
1.354354354354354362e+00 5.623442481382619462e+02
1.357357357357357408e+00 5.625688725351143376e+02
1.360360360360360454e+00 5.627932109094739417e+02
1.363363363363363279e+00 5.630172643289283769e+02
1.366366366366366325e+00 5.632410338547741731e+02
1.369369369369369371e+00 5.634645205420673619e+02
1.372372372372372418e+00 5.636877254396738408e+02
1.375375375375375464e+00 5.639106495903190535e+02
1.378378378378378288e+00 5.641332940306374439e+02
1.381381381381381335e+00 5.643556597912211146e+02
1.384384384384384381e+00 5.645777478966678018e+02
1.387387387387387427e+00 5.647995593656289657e+02
1.390390390390390474e+00 5.650210952108570837e+02
1.393393393393393298e+00 5.652423564392522621e+02
1.396396396396396344e+00 5.654633440519087344e+02
1.399399399399399391e+00 5.656840590441605627e+02
1.402402402402402437e+00 5.659045024056271131e+02
1.405405405405405483e+00 5.661246751202580754e+02
1.408408408408408308e+00 5.663445781663779144e+02
1.411411411411411354e+00 5.665642125167299810e+02
1.414414414414414400e+00 5.667835791385199400e+02
1.417417417417417447e+00 5.670026789934593126e+02
1.420420420420420493e+00 5.672215130378077674e+02
1.423423423423423317e+00 5.674400822224159811e+02
1.426426426426426364e+00 5.676583874927671332e+02
1.429429429429429410e+00 5.678764297890187436e+02
1.432432432432432456e+00 5.680942100460433721e+02
1.435435435435435503e+00 5.683117291934697732e+02
1.438438438438438327e+00 5.685289881557228000e+02
1.441441441441441373e+00 5.687459878520636494e+02
1.444444444444444420e+00 5.689627291966291978e+02
1.447447447447447466e+00 5.691792130984711093e+02
1.450450450450450512e+00 5.693954404615947169e+02
1.453453453453453337e+00 5.696114121849972207e+02
1.456456456456456383e+00 5.698271291627060009e+02
1.459459459459459429e+00 5.700425922838157931e+02
1.462462462462462476e+00 5.702578024325265460e+02
1.465465465465465522e+00 5.704727604881798015e+02
1.468468468468468346e+00 5.706874673252956427e+02
1.471471471471471393e+00 5.709019238136088461e+02
1.474474474474474439e+00 5.711161308181045797e+02
1.477477477477477485e+00 5.713300891990541004e+02
1.480480480480480532e+00 5.715437998120498833e+02
1.483483483483483578e+00 5.717572635080404098e+02
1.486486486486486402e+00 5.719704811333650696e+02
1.489489489489489449e+00 5.721834535297878119e+02
1.492492492492492495e+00 5.723961815345314790e+02
1.495495495495495542e+00 5.726086659803111161e+02
1.498498498498498588e+00 5.728209076953673957e+02
1.501501501501501412e+00 5.730329075034994730e+02
1.504504504504504458e+00 5.732446662240975002e+02
1.507507507507507505e+00 5.734561846721752545e+02
1.510510510510510551e+00 5.736674636584018572e+02
1.513513513513513598e+00 5.738785039891336055e+02
1.516516516516516422e+00 5.740893064664455778e+02
1.519519519519519468e+00 5.742998718881624427e+02
1.522522522522522515e+00 5.745102010478897228e+02
1.525525525525525561e+00 5.747202947350439217e+02
1.528528528528528607e+00 5.749301537348833335e+02
1.531531531531531432e+00 5.751397788285374872e+02
1.534534534534534478e+00 5.753491707930372741e+02
1.537537537537537524e+00 5.755583304013442785e+02
1.540540540540540571e+00 5.757672584223799959e+02
1.543543543543543617e+00 5.759759556210548226e+02
1.546546546546546441e+00 5.761844227582967051e+02
1.549549549549549488e+00 5.763926605910793342e+02
1.552552552552552534e+00 5.766006698724505668e+02
1.555555555555555580e+00 5.768084513515602794e+02
1.558558558558558627e+00 5.770160057736878798e+02
1.561561561561561451e+00 5.772233338802698199e+02
1.564564564564564497e+00 5.774304364089267665e+02
1.567567567567567544e+00 5.776373140934903176e+02
1.570570570570570590e+00 5.778439676640298330e+02
1.573573573573573636e+00 5.780503978468788091e+02
1.576576576576576461e+00 5.782566053646612545e+02
1.579579579579579507e+00 5.784625909363172696e+02
1.582582582582582553e+00 5.786683552771290806e+02
1.585585585585585600e+00 5.788738990987463922e+02
1.588588588588588646e+00 5.790792231092117390e+02
1.591591591591591470e+00 5.792843280129854975e+02
1.594594594594594517e+00 5.794892145109706689e+02
1.597597597597597563e+00 5.796938833005376637e+02
1.600600600600600609e+00 5.798983350755485162e+02
1.603603603603603656e+00 5.801025705263811005e+02
1.606606606606606702e+00 5.803065903399531180e+02
1.609609609609609526e+00 5.805103951997458580e+02
1.612612612612612573e+00 5.807139857858278447e+02
1.615615615615615619e+00 5.809173627748780291e+02
1.618618618618618665e+00 5.811205268402089814e+02
1.621621621621621712e+00 5.813234786517898556e+02
1.624624624624624536e+00 5.815262188762692404e+02
1.627627627627627582e+00 5.817287481769974420e+02
1.630630630630630629e+00 5.819310672140489942e+02
1.633633633633633675e+00 5.821331766442449407e+02
1.636636636636636721e+00 5.823350771211746633e+02
1.639639639639639546e+00 5.825367692952177094e+02
1.642642642642642592e+00 5.827382538135651657e+02
1.645645645645645638e+00 5.829395313202415991e+02
1.648648648648648685e+00 5.831406024561256345e+02
1.651651651651651731e+00 5.833414678589715550e+02
1.654654654654654555e+00 5.835421281634298794e+02
1.657657657657657602e+00 5.837425840010681668e+02
1.660660660660660648e+00 5.839428360003914804e+02
1.663663663663663694e+00 5.841428847868626235e+02
1.666666666666666741e+00 5.843427309829226033e+02
1.669669669669669565e+00 5.845423752080102986e+02
1.672672672672672611e+00 5.847418180785825825e+02
1.675675675675675658e+00 5.849410602081337629e+02
1.678678678678678704e+00 5.851401022072153637e+02
1.681681681681681750e+00 5.853389446834552245e+02
1.684684684684684575e+00 5.855375882415766000e+02
1.687687687687687621e+00 5.857360334834174864e+02
1.690690690690690667e+00 5.859342810079492665e+02
1.693693693693693714e+00 5.861323314112954677e+02
1.696696696696696760e+00 5.863301852867504067e+02
1.699699699699699584e+00 5.865278432247973797e+02
1.702702702702702631e+00 5.867253058131270791e+02
1.705705705705705677e+00 5.869225736366555566e+02
1.708708708708708723e+00 5.871196472775424127e+02
1.711711711711711770e+00 5.873165273152081909e+02
1.714714714714714594e+00 5.875132143263525677e+02
1.717717717717717640e+00 5.877097088849712918e+02
1.720720720720720687e+00 5.879060115623739193e+02
1.723723723723723733e+00 5.881021229272008668e+02
1.726726726726726779e+00 5.882980435454406916e+02
1.729729729729729826e+00 5.884937739804468038e+02
1.732732732732732650e+00 5.886893147929545194e+02
1.735735735735735696e+00 5.888846665410973173e+02
1.738738738738738743e+00 5.890798297804237791e+02
1.741741741741741789e+00 5.892748050639139592e+02
1.744744744744744835e+00 5.894695929419954155e+02
1.747747747747747660e+00 5.896641939625594659e+02
1.750750750750750706e+00 5.898586086709772189e+02
1.753753753753753752e+00 5.900528376101156027e+02
1.756756756756756799e+00 5.902468813203528271e+02
1.759759759759759845e+00 5.904407403395941856e+02
1.762762762762762669e+00 5.906344152032875172e+02
1.765765765765765716e+00 5.908279064444385540e+02
1.768768768768768762e+00 5.910212145936262687e+02
1.771771771771771808e+00 5.912143401790179951e+02
1.774774774774774855e+00 5.914072837263843212e+02
1.777777777777777679e+00 5.916000457591140957e+02
1.780780780780780725e+00 5.917926267982292075e+02
1.783783783783783772e+00 5.919850273623992507e+02
1.786786786786786818e+00 5.921772479679560774e+02
1.789789789789789864e+00 5.923692891289082354e+02
1.792792792792792689e+00 5.925611513569550652e+02
1.795795795795795735e+00 5.927528351615013662e+02
1.798798798798798781e+00 5.929443410496710385e+02
1.801801801801801828e+00 5.931356695263212941e+02
1.804804804804804874e+00 5.933268210940566405e+02
1.807807807807807698e+00 5.935177962532425227e+02
1.810810810810810745e+00 5.937085955020187384e+02
1.813813813813813791e+00 5.938992193363135357e+02
1.816816816816816837e+00 5.940896682498566861e+02
1.819819819819819884e+00 5.942799427341927867e+02
1.822822822822822708e+00 5.944700432786947886e+02
1.825825825825825754e+00 5.946599703705769571e+02
1.828828828828828801e+00 5.948497244949080596e+02
1.831831831831831847e+00 5.950393061346239847e+02
1.834834834834834894e+00 5.952287157705410436e+02
1.837837837837837718e+00 5.954179538813682484e+02
1.840840840840840764e+00 5.956070209437203857e+02
1.843843843843843811e+00 5.957959174321302953e+02
1.846846846846846857e+00 5.959846438190613753e+02
1.849849849849849903e+00 5.961732005749199743e+02
1.852852852852852727e+00 5.963615881680677830e+02
1.855855855855855774e+00 5.965498070648338853e+02
1.858858858858858820e+00 5.967378577295265814e+02
1.861861861861861867e+00 5.969257406244460071e+02
1.864864864864864913e+00 5.971134562098953893e+02
1.867867867867867959e+00 5.973010049441933234e+02
1.870870870870870784e+00 5.974883872836852561e+02
1.873873873873873830e+00 5.976756036827550815e+02
1.876876876876876876e+00 5.978626545938369645e+02
1.879879879879879923e+00 5.980495404674264819e+02
1.882882882882882969e+00 5.982362617520922186e+02
1.885885885885885793e+00 5.984228188944870226e+02
1.888888888888888840e+00 5.986092123393590327e+02
1.891891891891891886e+00 5.987954425295630472e+02
1.894894894894894932e+00 5.989815099060715511e+02
1.897897897897897979e+00 5.991674149079854033e+02
1.900900900900900803e+00 5.993531579725449774e+02
1.903903903903903849e+00 5.995387395351409623e+02
1.906906906906906896e+00 5.997241600293248212e+02
1.909909909909909942e+00 5.999094198868198191e+02
1.912912912912912988e+00 6.000945195375312551e+02
1.915915915915915813e+00 6.002794594095571483e+02
1.918918918918918859e+00 6.004642399291984702e+02
1.921921921921921905e+00 6.006488615209697173e+02
1.924924924924924952e+00 6.008333246076089154e+02
1.927927927927927998e+00 6.010176296100878517e+02
1.930930930930930822e+00 6.012017769476224203e+02
1.933933933933933869e+00 6.013857670376823989e+02
1.936936936936936915e+00 6.015696002960013402e+02
1.939939939939939961e+00 6.017532771365869166e+02
1.942942942942943008e+00 6.019367979717301296e+02
1.945945945945945832e+00 6.021201632120155409e+02
1.948948948948948878e+00 6.023033732663308228e+02
1.951951951951951925e+00 6.024864285418760801e+02
1.954954954954954971e+00 6.026693294441737407e+02
1.957957957957958017e+00 6.028520763770778785e+02
1.960960960960960842e+00 6.030346697427836489e+02
1.963963963963963888e+00 6.032171099418366111e+02
1.966966966966966934e+00 6.033993973731420510e+02
1.969969969969969981e+00 6.035815324339740755e+02
1.972972972972973027e+00 6.037635155199847077e+02
1.975975975975975851e+00 6.039453470252130955e+02
1.978978978978978898e+00 6.041270273420946069e+02
1.981981981981981944e+00 6.043085568614694694e+02
1.984984984984984990e+00 6.044899359725918657e+02
1.987987987987988037e+00 6.046711650631386874e+02
1.990990990990991083e+00 6.048522445192182886e+02
1.993993993993993907e+00 6.050331747253792400e+02
1.996996996996996954e+00 6.052139560646188556e+02
2.000000000000000000e+00 6.053945889183918325e+02
2.003003003003002824e+00 6.055750736666187777e+02
2.006006006006006093e+00 6.057554106876946207e+02
2.009009009009008917e+00 6.059356003584970267e+02
2.012012012012012185e+00 6.061156430543945817e+02
2.015015015015015010e+00 6.062955391492553190e+02
2.018018018018017834e+00 6.064752890154549050e+02
2.021021021021021102e+00 6.066548930238844832e+02
2.024024024024023927e+00 6.068343515439590874e+02
2.027027027027027195e+00 6.070136649436257130e+02
2.030030030030030019e+00 6.071928335893710482e+02
2.033033033033032844e+00 6.073718578462296591e+02
2.036036036036036112e+00 6.075507380777918343e+02
2.039039039039038936e+00 6.077294746462112016e+02
2.042042042042042205e+00 6.079080679122126867e+02
2.045045045045045029e+00 6.080865182351003568e+02
2.048048048048047853e+00 6.082648259727646973e+02
2.051051051051051122e+00 6.084429914816905693e+02
2.054054054054053946e+00 6.086210151169647133e+02
2.057057057057057214e+00 6.087988972322831387e+02
2.060060060060060039e+00 6.089766381799587407e+02
2.063063063063062863e+00 6.091542383109284629e+02
2.066066066066066131e+00 6.093316979747609139e+02
2.069069069069068956e+00 6.095090175196636437e+02
2.072072072072072224e+00 6.096861972924901920e+02
2.075075075075075048e+00 6.098632376387474778e+02
2.078078078078077873e+00 6.100401389026028482e+02
2.081081081081081141e+00 6.102169014268914680e+02
2.084084084084083965e+00 6.103935255531230268e+02
2.087087087087087234e+00 6.105700116214890159e+02
2.090090090090090058e+00 6.107463599708694346e+02
2.093093093093092882e+00 6.109225709388399537e+02
2.096096096096096151e+00 6.110986448616787357e+02
2.099099099099098975e+00 6.112745820743731429e+02
2.102102102102102243e+00 6.114503829106266721e+02
2.105105105105105068e+00 6.116260477028656624e+02
2.108108108108107892e+00 6.118015767822460020e+02
2.111111111111111160e+00 6.119769704786596094e+02
2.114114114114113985e+00 6.121522291207412536e+02
2.117117117117117253e+00 6.123273530358749213e+02
2.120120120120120077e+00 6.125023425502006376e+02
2.123123123123122902e+00 6.126771979886206054e+02
2.126126126126126170e+00 6.128519196748059130e+02
2.129129129129128994e+00 6.130265079312025591e+02
2.132132132132132263e+00 6.132009630790382744e+02
2.135135135135135087e+00 6.133752854383285467e+02
2.138138138138137911e+00 6.135494753278827602e+02
2.141141141141141180e+00 6.137235330653106757e+02
2.144144144144144004e+00 6.138974589670286832e+02
2.147147147147147273e+00 6.140712533482654862e+02
2.150150150150150097e+00 6.142449165230686958e+02
2.153153153153152921e+00 6.144184488043107422e+02
2.156156156156156189e+00 6.145918505036946726e+02
2.159159159159159014e+00 6.147651219317605182e+02
2.162162162162162282e+00 6.149382633978907506e+02
2.165165165165165106e+00 6.151112752103167622e+02
2.168168168168167931e+00 6.152841576761243232e+02
2.171171171171171199e+00 6.154569111012596068e+02
2.174174174174174023e+00 6.156295357905347601e+02
2.177177177177177292e+00 6.158020320476338156e+02
2.180180180180180116e+00 6.159744001751186033e+02
2.183183183183183385e+00 6.161466404744339798e+02
2.186186186186186209e+00 6.163187532459138538e+02
2.189189189189189033e+00 6.164907387887867571e+02
2.192192192192192302e+00 6.166625974011810740e+02
2.195195195195195126e+00 6.168343293801309528e+02
2.198198198198198394e+00 6.170059350215817631e+02
2.201201201201201219e+00 6.171774146203953251e+02
2.204204204204204043e+00 6.173487684703554805e+02
2.207207207207207311e+00 6.175199968641736632e+02
2.210210210210210136e+00 6.176911000934940148e+02
2.213213213213213404e+00 6.178620784488988420e+02
2.216216216216216228e+00 6.180329322199137323e+02
2.219219219219219053e+00 6.182036616950130110e+02
2.222222222222222321e+00 6.183742671616249709e+02
2.225225225225225145e+00 6.185447489061368742e+02
2.228228228228228414e+00 6.187151072139004100e+02
2.231231231231231238e+00 6.188853423692364686e+02
2.234234234234234062e+00 6.190554546554405988e+02
2.237237237237237331e+00 6.192254443547877827e+02
2.240240240240240155e+00 6.193953117485376652e+02
2.243243243243243423e+00 6.195650571169394425e+02
2.246246246246246248e+00 6.197346807392368646e+02
2.249249249249249072e+00 6.199041828936731235e+02
2.252252252252252340e+00 6.200735638574958557e+02
2.255255255255255165e+00 6.202428239069619167e+02
2.258258258258258433e+00 6.204119633173423836e+02
2.261261261261261257e+00 6.205809823629273296e+02
2.264264264264264082e+00 6.207498813170304857e+02
2.267267267267267350e+00 6.209186604519940147e+02
2.270270270270270174e+00 6.210873200391932869e+02
2.273273273273273443e+00 6.212558603490417681e+02
2.276276276276276267e+00 6.214242816509953400e+02
2.279279279279279091e+00 6.215925842135571884e+02
2.282282282282282360e+00 6.217607683042822373e+02
2.285285285285285184e+00 6.219288341897820374e+02
2.288288288288288452e+00 6.220967821357289722e+02
2.291291291291291277e+00 6.222646124068610334e+02
2.294294294294294101e+00 6.224323252669861404e+02
2.297297297297297369e+00 6.225999209789866882e+02
2.300300300300300194e+00 6.227673998048240946e+02
2.303303303303303462e+00 6.229347620055431207e+02
2.306306306306306286e+00 6.231020078412761904e+02
2.309309309309309111e+00 6.232691375712478248e+02
2.312312312312312379e+00 6.234361514537790754e+02
2.315315315315315203e+00 6.236030497462916173e+02
2.318318318318318472e+00 6.237698327053122966e+02
2.321321321321321296e+00 6.239365005864773366e+02
2.324324324324324120e+00 6.241030536445363168e+02
2.327327327327327389e+00 6.242694921333566072e+02
2.330330330330330213e+00 6.244358163059275739e+02
2.333333333333333481e+00 6.246020264143645591e+02
2.336336336336336306e+00 6.247681227099133139e+02
2.339339339339339130e+00 6.249341054429537508e+02
2.342342342342342398e+00 6.250999748630042632e+02
2.345345345345345223e+00 6.252657312187257048e+02
2.348348348348348491e+00 6.254313747579253686e+02
2.351351351351351315e+00 6.255969057275611931e+02
2.354354354354354140e+00 6.257623243737455141e+02
2.357357357357357408e+00 6.259276309417492712e+02
2.360360360360360232e+00 6.260928256760056456e+02
2.363363363363363501e+00 6.262579088201141531e+02
2.366366366366366325e+00 6.264228806168447363e+02
2.369369369369369149e+00 6.265877413081411760e+02
2.372372372372372418e+00 6.267524911351252968e+02
2.375375375375375242e+00 6.269171303381007192e+02
2.378378378378378510e+00 6.270816591565564977e+02
2.381381381381381335e+00 6.272460778291712131e+02
2.384384384384384159e+00 6.274103865938163835e+02
2.387387387387387427e+00 6.275745856875603295e+02
2.390390390390390252e+00 6.277386753466720393e+02
2.393393393393393520e+00 6.279026558066246935e+02
2.396396396396396344e+00 6.280665273020993027e+02
2.399399399399399169e+00 6.282302900669884593e+02
2.402402402402402437e+00 6.283939443344000892e+02
2.405405405405405261e+00 6.285574903366606350e+02
2.408408408408408530e+00 6.287209283053190347e+02
2.411411411411411354e+00 6.288842584711502468e+02
2.414414414414414178e+00 6.290474810641585464e+02
2.417417417417417447e+00 6.292105963135812772e+02
2.420420420420420271e+00 6.293736044478922622e+02
2.423423423423423539e+00 6.295365056948053279e+02
2.426426426426426364e+00 6.296993002812776012e+02
2.429429429429429188e+00 6.298619884335133747e+02
2.432432432432432456e+00 6.300245703769669490e+02
2.435435435435435281e+00 6.301870463363464978e+02
2.438438438438438549e+00 6.303494165356171379e+02
2.441441441441441373e+00 6.305116811980045668e+02
2.444444444444444642e+00 6.306738405459982459e+02
2.447447447447447466e+00 6.308358948013546978e+02
2.450450450450450290e+00 6.309978441851008029e+02
2.453453453453453559e+00 6.311596889175373235e+02
2.456456456456456383e+00 6.313214292182418603e+02
2.459459459459459651e+00 6.314830653060722625e+02
2.462462462462462476e+00 6.316445973991698111e+02
2.465465465465465300e+00 6.318060257149625158e+02
2.468468468468468568e+00 6.319673504701681850e+02
2.471471471471471393e+00 6.321285718807976082e+02
2.474474474474474661e+00 6.322896901621578536e+02
2.477477477477477485e+00 6.324507055288553374e+02
2.480480480480480310e+00 6.326116181947987798e+02
2.483483483483483578e+00 6.327724283732025015e+02
2.486486486486486402e+00 6.329331362765894937e+02
2.489489489489489671e+00 6.330937421167944876e+02
2.492492492492492495e+00 6.332542461049667963e+02
2.495495495495495319e+00 6.334146484515737257e+02
2.498498498498498588e+00 6.335749493664033025e+02
2.501501501501501412e+00 6.337351490585674583e+02
2.504504504504504681e+00 6.338952477365046434e+02
2.507507507507507505e+00 6.340552456079833519e+02
2.510510510510510329e+00 6.342151428801047359e+02
2.513513513513513598e+00 6.343749397593054482e+02
2.516516516516516422e+00 6.345346364513607114e+02
2.519519519519519690e+00 6.346942331613873876e+02
2.522522522522522515e+00 6.348537300938464796e+02
2.525525525525525339e+00 6.350131274525464278e+02
2.528528528528528607e+00 6.351724254406454975e+02
2.531531531531531432e+00 6.353316242606549622e+02
2.534534534534534700e+00 6.354907241144418322e+02
2.537537537537537524e+00 6.356497252032315828e+02
2.540540540540540349e+00 6.358086277276111105e+02
2.543543543543543617e+00 6.359674318875313475e+02
2.546546546546546441e+00 6.361261378823101040e+02
2.549549549549549710e+00 6.362847459106346832e+02
2.552552552552552534e+00 6.364432561705648368e+02
2.555555555555555358e+00 6.366016688595353799e+02
2.558558558558558627e+00 6.367599841743586921e+02
2.561561561561561451e+00 6.369182023112277875e+02
2.564564564564564719e+00 6.370763234657185876e+02
2.567567567567567544e+00 6.372343478327928779e+02
2.570570570570570368e+00 6.373922756068006947e+02
2.573573573573573636e+00 6.375501069814832817e+02
2.576576576576576461e+00 6.377078421499754768e+02
2.579579579579579729e+00 6.378654813048082133e+02
2.582582582582582553e+00 6.380230246379112486e+02
2.585585585585585378e+00 6.381804723406157791e+02
2.588588588588588646e+00 6.383378246036569408e+02
2.591591591591591470e+00 6.384950816171764245e+02
2.594594594594594739e+00 6.386522435707247496e+02
2.597597597597597563e+00 6.388093106532639922e+02
2.600600600600600387e+00 6.389662830531702866e+02
2.603603603603603656e+00 6.391231609582362125e+02
2.606606606606606480e+00 6.392799445556734099e+02
2.609609609609609748e+00 6.394366340321149664e+02
2.612612612612612573e+00 6.395932295736176911e+02
2.615615615615615397e+00 6.397497313656649567e+02
2.618618618618618665e+00 6.399061395931686320e+02
2.621621621621621490e+00 6.400624544404718108e+02
2.624624624624624758e+00 6.402186760913513126e+02
2.627627627627627582e+00 6.403748047290196155e+02
2.630630630630630407e+00 6.405308405361275845e+02
2.633633633633633675e+00 6.406867836947667456e+02
2.636636636636636499e+00 6.408426343864716728e+02
2.639639639639639768e+00 6.409983927922221483e+02
2.642642642642642592e+00 6.411540590924457774e+02
2.645645645645645416e+00 6.413096334670199212e+02
2.648648648648648685e+00 6.414651160952743112e+02
2.651651651651651509e+00 6.416205071559932094e+02
2.654654654654654777e+00 6.417758068274175685e+02
2.657657657657657602e+00 6.419310152872474191e+02
2.660660660660660426e+00 6.420861327126442575e+02
2.663663663663663694e+00 6.422411592802329778e+02
2.666666666666666519e+00 6.423960951661042600e+02
2.669669669669669787e+00 6.425509405458168430e+02
2.672672672672672611e+00 6.427056955943994581e+02
2.675675675675675436e+00 6.428603604863534429e+02
2.678678678678678704e+00 6.430149353956544473e+02
2.681681681681681528e+00 6.431694204957549346e+02
2.684684684684684797e+00 6.433238159595862271e+02
2.687687687687687621e+00 6.434781219595606672e+02
2.690690690690690445e+00 6.436323386675736629e+02
2.693693693693693714e+00 6.437864662550058483e+02
2.696696696696696538e+00 6.439405048927253574e+02
2.699699699699699806e+00 6.440944547510896427e+02
2.702702702702702631e+00 6.442483159999478630e+02
2.705705705705705899e+00 6.444020888086427021e+02
2.708708708708708723e+00 6.445557733460125291e+02
2.711711711711711548e+00 6.447093697803934447e+02
2.714714714714714816e+00 6.448628782796213272e+02
2.717717717717717640e+00 6.450162990110339933e+02
2.720720720720720909e+00 6.451696321414730164e+02
2.723723723723723733e+00 6.453228778372858869e+02
2.726726726726726557e+00 6.454760362643279450e+02
2.729729729729729826e+00 6.456291075879643131e+02
2.732732732732732650e+00 6.457820919730719424e+02
2.735735735735735918e+00 6.459349895840417730e+02
2.738738738738738743e+00 6.460878005847803252e+02
2.741741741741741567e+00 6.462405251387118597e+02
2.744744744744744835e+00 6.463931634087804241e+02
2.747747747747747660e+00 6.465457155574516719e+02
2.750750750750750928e+00 6.466981817467145675e+02
2.753753753753753752e+00 6.468505621380836601e+02
2.756756756756756577e+00 6.470028568926009029e+02
2.759759759759759845e+00 6.471550661708372445e+02
2.762762762762762669e+00 6.473071901328950162e+02
2.765765765765765938e+00 6.474592289384092965e+02
2.768768768768768762e+00 6.476111827465500710e+02
2.771771771771771586e+00 6.477630517160241652e+02
2.774774774774774855e+00 6.479148360050768360e+02
2.777777777777777679e+00 6.480665357714937045e+02
2.780780780780780947e+00 6.482181511726025747e+02
2.783783783783783772e+00 6.483696823652753665e+02
2.786786786786786596e+00 6.485211295059298209e+02
2.789789789789789864e+00 6.486724927505313190e+02
2.792792792792792689e+00 6.488237722545945871e+02
2.795795795795795957e+00 6.489749681731856299e+02
2.798798798798798781e+00 6.491260806609233214e+02
2.801801801801801606e+00 6.492771098719814518e+02
2.804804804804804874e+00 6.494280559600900915e+02
2.807807807807807698e+00 6.495789190785377514e+02
2.810810810810810967e+00 6.497296993801728604e+02
2.813813813813813791e+00 6.498803970174054712e+02
2.816816816816816615e+00 6.500310121422090788e+02
2.819819819819819884e+00 6.501815449061224399e+02
2.822822822822822708e+00 6.503319954602509370e+02
2.825825825825825977e+00 6.504823639552687382e+02
2.828828828828828801e+00 6.506326505414199346e+02
2.831831831831831625e+00 6.507828553685208135e+02
2.834834834834834894e+00 6.509329785859609956e+02
2.837837837837837718e+00 6.510830203427053675e+02
2.840840840840840986e+00 6.512329807872957872e+02
2.843843843843843811e+00 6.513828600678525618e+02
2.846846846846846635e+00 6.515326583320762666e+02
2.849849849849849903e+00 6.516823757272489956e+02
2.852852852852852727e+00 6.518320124002365219e+02
2.855855855855855996e+00 6.519815684974895476e+02
2.858858858858858820e+00 6.521310441650452958e+02
2.861861861861861644e+00 6.522804395485293298e+02
2.864864864864864913e+00 6.524297547931569170e+02
2.867867867867867737e+00 6.525789900437348479e+02
2.870870870870871006e+00 6.527281454446626867e+02
2.873873873873873830e+00 6.528772211399347043e+02
2.876876876876876654e+00 6.530262172731412420e+02
2.879879879879879923e+00 6.531751339874700761e+02
2.882882882882882747e+00 6.533239714257083506e+02
2.885885885885886015e+00 6.534727297302438274e+02
2.888888888888888840e+00 6.536214090430665919e+02
2.891891891891891664e+00 6.537700095057704175e+02
2.894894894894894932e+00 6.539185312595542428e+02
2.897897897897897757e+00 6.540669744452239911e+02
2.900900900900901025e+00 6.542153392031938210e+02
2.903903903903903849e+00 6.543636256734874905e+02
2.906906906906906674e+00 6.545118339957401759e+02
2.909909909909909942e+00 6.546599643091997223e+02
2.912912912912912766e+00 6.548080167527281219e+02
2.915915915915916035e+00 6.549559914648029917e+02
2.918918918918918859e+00 6.551038885835192787e+02
2.921921921921921683e+00 6.552517082465901694e+02
2.924924924924924952e+00 6.553994505913491366e+02
2.927927927927927776e+00 6.555471157547509620e+02
2.930930930930931044e+00 6.556947038733732143e+02
2.933933933933933869e+00 6.558422150834179547e+02
2.936936936936936693e+00 6.559896495207127600e+02
2.939939939939939961e+00 6.561370073207123141e+02
2.942942942942942786e+00 6.562842886184998861e+02
2.945945945945946054e+00 6.564314935487885805e+02
2.948948948948948878e+00 6.565786222459228156e+02
2.951951951951952147e+00 6.567256748438796876e+02
2.954954954954954971e+00 6.568726514762703346e+02
2.957957957957957795e+00 6.570195522763413010e+02
2.960960960960961064e+00 6.571663773769757881e+02
2.963963963963963888e+00 6.573131269106953596e+02
2.966966966966967156e+00 6.574598010096607368e+02
2.969969969969969981e+00 6.576063998056737319e+02
2.972972972972972805e+00 6.577529234301781571e+02
2.975975975975976073e+00 6.578993720142613029e+02
2.978978978978978898e+00 6.580457456886553018e+02
2.981981981981982166e+00 6.581920445837383795e+02
2.984984984984984990e+00 6.583382688295361049e+02
2.987987987987987815e+00 6.584844185557229821e+02
2.990990990990991083e+00 6.586304938916233596e+02
2.993993993993993907e+00 6.587764949662129084e+02
2.996996996996997176e+00 6.589224219081200999e+02
3.000000000000000000e+00 6.590682748456270019e+02
